,direction_of_climbing,body_deflection_angle,speed_PXperS,stepphase_FL,stepphase_FR,stepphase_HR,stepphase_HL,step-length_FR,step-length_FL,step-length_HR,step-length_HL,dynamics_FL,dynamics_FR,dynamics_HR,dynamics_HL,mid_stance_wrist_angles_mean_FL,mid_stance_wrist_angles_mean_FR,mid_stance_wrist_angles_mean_HR,mid_stance_wrist_angles_mean_HL,limbROM_FL,limbROM_FR,limbROM_HR,limbROM_HL,spineROM_FL,spineROM_FR,spineROM_HR,spineROM_HL,CROM_FL,CROM_FR,CROM_HR,CROM_HL,shoulder_angle_FL,shoulder_angle_FR,shoulder_angle_HR,shoulder_angle_HL,knee_angle_FL,knee_angle_FR,knee_angle_HR,knee_angle_HL,fl_ti-fl_ti1,fl_ti1-fl_to1,fl_to1-fl_to,fr_ti-fr_ti1,fr_ti1-fr_to1,fr_to1-fr_to,hr_ti-hr_ti1,hr_ti1-hr_to1,hr_to1-hr_to,hl_ti-hl_ti1,hl_ti1-hl_to1,hl_to1-hl_to
0,DOWN,,6375.66,b'stride0001',b'stride0001',b'stride0001',b'stride0001',8.444842692148526,205.7201855041742,12.262026913902794,8.23808958690205,,,,,,,,,,,,,,,,,,,,,,,,,,,,,63.65669709277308,49.31195896748693,53.808660905936215,63.989687751963494,50.544358496260045,54.31806553685297,33.90141730404932,68.09445865972742,74.23027884669695,56.375457851270276,62.741653780514454,58.65896583074117
1,DOWN,,6375.66,b'stride0001',b'stride0001',b'stride0001',b'stride0001',8.444842692148526,205.7201855041742,12.262026913902794,8.23808958690205,,,,,,,,,,,,,,,,,,,,,,,,,,,,,80.28439931629241,49.336631232428026,40.560000372497704,65.77202606084096,67.90479483069441,59.58849499025837,43.22272375753734,68.58853184295631,72.12782131357064,42.976054891357265,67.8051888226007,65.21014021225677
2,DOWN,,6536.97,b'stride0001',b'stance0001',b'stance0001',b'stance0001',,205.7201855041742,,,,,,,,,,,,,,,,,,,,,,,,,,,,,,,7.526546240560194,26.514693285857287,0.663058048606129,58.98754737364342,69.87987888589257,58.65207372075096,36.25237479110368,60.61522727275975,81.96663836366677,39.685084956288726,69.03524171988205,76.74045841502124
3,DOWN,,5923.69,b'stride0001',b'stance0001',b'stride0002',b'stance0001',,205.7201855041742,121.80665616788714,,,,,,,,,,,,,,,,,,,,,,144.79555335229372,154.4909818289251,,,122.60575051336721,111.5977410695105,,,58.4220066926585,59.79717821878183,59.946013804100694,58.320673764981734,70.4768442369585,55.22908402035012,51.00359056274941,47.05384733957392,75.5814982019824,39.72984805805028,59.99455350005189,76.87961682527079
4,DOWN,,6128.86,b'stride0001',b'stride0002',b'stride0002',b'stride0002',317.2147067102956,205.7201855041742,121.80665616788714,227.0667095855035,,,,,,,,,,71.38563066249426,,,,91.48773112457977,,,,,,,157.07567882666035,157.99250272109506,,,118.85537214255123,148.26700015740298,,,54.130156360266525,54.81269260682114,51.630845742653435,54.06682663729302,58.50972025907886,64.4721515476477,39.72327192483577,50.199796892187415,70.0348977601204,43.61419057507818,59.0225132630209,75.74986223852656
5,DOWN,,5990.42,b'stride0001',b'stride0002',b'stride0002',b'stride0002',317.2147067102956,205.7201855041742,121.80665616788714,227.0667095855035,,,,,,,,,,71.38563066249426,,,,91.48773112457977,,,,,,,170.9957173350633,145.91883023532432,,,127.18379076388979,151.07239177154506,,,66.40066165472655,47.83040114893343,42.76153764959939,78.79095518983992,49.97109712013307,84.643934284215,0.7738162470527407,0.3592162903388414,63.73816711895846,28.170386115633498,49.25402054964281,87.33767184790331
6,DOWN,,6617.1,b'stride0001',b'stride0002',b'stride0002',b'stride0002',317.2147067102956,205.7201855041742,121.80665616788714,227.0667095855035,,,,,,,,,,71.38563066249426,,,,91.48773112457977,,,,,,,177.01098098640387,155.67877077192446,,,133.44769671793546,151.97272898844355,,,60.08114908926196,53.512572317684814,45.85429184512091,41.59525312804674,47.807564861941316,82.40545254983503,37.18435560293381,55.223266045620186,72.59117500200414,32.10474641001298,38.76273609690782,71.53763251179876
7,DOWN,,6658.025,b'stride0001',b'stride0002',b'stride0002',b'stride0002',317.2147067102956,205.7201855041742,121.80665616788714,227.0667095855035,,,,,,,,,,71.38563066249426,,,,91.48773112457977,,,,,,,165.44910062116273,145.91699066607345,,,117.17920540168602,138.2255542716048,107.0177642852685,,68.2835362269219,60.16468699944636,50.75129942813628,47.677402922531925,48.01183297283859,53.31615861583626,38.95920532167387,78.97775026126233,67.37766389520435,6.852147296656191,73.20868321833903,45.154561404372586
8,DOWN,3.0570080024081108,6499.12,b'stance0001',b'stride0002',b'stance0002',b'stride0002',317.2147067102956,,,227.0667095855035,,,,,,,,,,71.38563066249426,,,,91.48773112457977,,,,,,,151.82438576674699,153.75614757418577,164.22999332712516,178.30329830636205,83.85911131673991,136.47767290005555,81.82374392019604,68.46169257189511,65.26879004835016,69.0382086588435,51.8687140255839,41.828366815999246,57.06305296802728,73.37995743884827,50.73100061192995,63.55733715970628,55.69487885976618,47.743416529528815,85.86189382618589,32.03705832480496
9,DOWN,3.731239014468315,6763.3150000000005,b'stance0001',b'stride0002',b'stance0002',b'stride0002',317.2147067102956,,,227.0667095855035,,,,,,,,,,71.38563066249426,,,,91.48773112457977,,,,,,,146.8370788189674,166.77991767319014,178.53629005384366,165.54556371831836,96.61852868207544,136.6578359334595,88.21037573650065,83.12454885626532,66.3404219307441,70.31185659669576,47.87885795438537,41.13117034869021,47.56225719611454,48.123619027436455,47.89838283319598,60.50262158854509,57.86085737722172,48.459754485151706,39.84413997573723,64.43792152541086
10,DOWN,4.797523088946605,6416.665,b'stance0001',b'stride0002',b'stance0002',b'stride0002',317.2147067102956,,,227.0667095855035,,,,,,,,,,71.38563066249426,,,,91.48773112457977,,,,,,,151.95481134844172,165.08437187820599,165.36450534325687,176.63668137159834,156.27540164912924,123.5987981445175,113.76864313290032,90.14584796448398,65.86040965694461,58.75250328683584,48.009053299201504,40.664960394052144,51.35032481078224,54.80925576367993,48.0435510861081,60.38578165493083,54.403400214057896,42.826576118766546,48.505594631780845,73.03494442079771
11,DOWN,4.961799100269957,5921.12,b'stride0002',b'stride0002',b'stance0002',b'stride0002',317.2147067102956,323.48426154122535,,227.0667095855035,,,,,,,,,73.20441998146921,71.38563066249426,,,17.077853004303,91.48773112457977,,,24.029392903713088,,,,141.74424575602626,170.82608144997425,143.69017179592902,175.9144054897903,164.5460662494954,118.75432097572909,159.55767313006405,102.80239149350811,47.54536674198601,59.98534435542072,59.626820734942726,64.8560397973842,60.22488875780113,39.64793421668583,42.05779830318577,57.32118250475845,41.06068690832558,28.170962445779455,48.65261809082561,77.9685001352426
12,DOWN,5.987616199725721,6791.52,b'stride0002',b'stride0002',b'stride0003',b'stride0002',317.2147067102956,323.48426154122535,322.87450956895617,227.0667095855035,,,,,,,,,73.20441998146921,71.38563066249426,86.53935722368999,,17.077853004303,91.48773112457977,17.077853004303,,24.029392903713088,,-21.554639052603747,,141.64341844572283,178.71010288162006,158.57357697316453,171.63616188188578,174.06715164030032,121.31865444935646,127.33538299121358,110.11457033902947,22.79311870982327,22.349155600611024,85.2915914448674,64.65273500327525,55.20873455679706,57.45541890449032,50.42928023060483,38.99401070309001,47.537585056275795,44.7167198968642,55.92922674881448,82.77293629258546
13,DOWN,4.2289335318707515,6655.12,b'stride0002',b'stride0002',b'stride0003',b'stride0002',317.2147067102956,323.48426154122535,322.87450956895617,227.0667095855035,,,,,,,,,73.20441998146921,71.38563066249426,86.53935722368999,,17.077853004303,91.48773112457977,17.077853004303,,24.029392903713088,,-21.554639052603747,,143.44525774748513,165.74435331653518,159.5855851967816,159.54515108163685,178.8034822474871,126.51008376165709,105.52238925123001,101.40139124911096,32.61467221287458,9.810346024227645,51.36560519637993,71.30577511590877,55.42487358186065,56.87978367942514,33.274116509431764,57.42685327032559,59.83262493220788,45.276934615911905,62.44326933287238,80.24361963309347
14,DOWN,2.918245434647588,6386.0,b'stride0002',b'stance0002',b'stride0003',b'stride0002',,323.48426154122535,322.87450956895617,227.0667095855035,,,,,,,,,73.20441998146921,,86.53935722368999,,17.077853004303,,17.077853004303,,24.029392903713088,,-21.554639052603747,,141.51066601450188,171.32733641596369,170.11389780019437,163.22785997495316,163.15026660248233,94.68854002708673,90.4638123097068,104.82417092308211,26.490903825210243,57.21371966366604,55.90754395766242,61.74634369123909,65.99827351041421,67.763210197171,31.749710003239535,64.59127902589769,67.52685602529307,38.67532361120982,65.15226516329032,81.34822525964553
15,DOWN,2.0142213868201964,6406.9400000000005,b'stride0002',b'stance0002',b'stride0003',b'stride0002',,323.48426154122535,322.87450956895617,227.0667095855035,,,,,,,,,73.20441998146921,,86.53935722368999,,17.077853004303,,17.077853004303,,24.029392903713088,,-21.554639052603747,,145.28269883927544,157.1264490717796,175.90045112339064,167.22707220146214,155.44179210965598,79.7032583085219,83.04554491561423,70.93313793902959,38.87080860217938,57.26651827460423,51.39891950010956,61.624307527522845,68.49051512267543,62.78413029322337,36.62439432831957,51.15976685265552,58.005594064401656,38.46819435784964,53.076655617411134,69.21148467259943
16,DOWN,0.2415439946281026,6706.16,b'stride0002',b'stance0002',b'stride0003',b'stance0002',,323.48426154122535,322.87450956895617,,,,,,,,,,73.20441998146921,,86.53935722368999,,17.077853004303,,17.077853004303,,24.029392903713088,,-21.554639052603747,,154.33902728609337,151.73319581897,174.12527942439763,174.32934926856421,145.60603506170628,122.9157166433418,80.75579114590867,76.59234893546774,52.27840930188842,66.61379123904558,72.68648687549658,70.31392969197056,71.92335973034777,50.58595758234815,43.79541798435995,53.58030949753982,65.78631426283604,38.528833606279925,57.36475263749928,63.02893612986676
17,DOWN,1.0060869386721834,6207.004999999999,b'stride0002',b'stride0003',b'stride0003',b'stance0002',342.7993014989413,323.48426154122535,322.87450956895617,,,153.61366025601444,,,,,,,73.20441998146921,71.16784914855636,86.53935722368999,,17.077853004303,17.14454832846978,17.077853004303,,24.029392903713088,21.492105752403845,-21.554639052603747,,159.91410888876044,153.52166240805028,178.0592268355883,177.5514238342425,127.60386974276,135.43149850715776,89.08890026769511,97.60772242952827,46.12800662211582,57.709230850052315,61.58565406835769,60.21972528424686,75.56735368567554,46.531444042370154,45.24088207705546,55.94336824637087,87.35826434252647,45.28600114735886,50.632737758306114,62.22119489901173
18,DOWN,1.0943453684295719,6137.9349999999995,b'stride0002',b'stride0003',b'stride0003',b'stance0002',342.7993014989413,323.48426154122535,322.87450956895617,,,150.73886174696472,,,,,,,73.20441998146921,71.16784914855636,86.53935722368999,,17.077853004303,17.14454832846978,17.077853004303,,24.029392903713088,21.492105752403845,-21.554639052603747,,173.96572281506172,159.6449845115365,161.95790696608594,163.30574325159574,130.64714660010677,161.4883485364546,99.53580994676102,136.2532885429339,57.12335164147883,43.515403733248235,44.269990798188324,42.13065002140995,37.52522942454116,45.03754915171101,48.17601043441059,60.45387395005451,69.73456126067418,36.64605829541729,50.08057693896968,58.710995665825145
19,DOWN,0.7562267154260667,6496.205,b'stride0002',b'stride0003',b'stride0003',b'stride0003',342.7993014989413,323.48426154122535,322.87450956895617,309.31873976060405,,161.0193348079318,,,,,,,73.20441998146921,71.16784914855636,86.53935722368999,76.49058841107755,17.077853004303,17.14454832846978,17.077853004303,17.14454832846978,24.029392903713088,21.492105752403845,-21.554639052603747,-15.438016619095265,177.296738941274,149.13085896195102,160.18072649812925,162.22714098494345,137.58471461105475,142.88105584405542,104.34869027208866,117.81125025729645,56.30389199617834,57.666407603037804,52.73993467610781,33.14712322484026,19.41084953334101,51.33663025135053,40.32628534415766,65.59458089893687,77.02194664460302,36.2662130936499,34.064338834835716,33.754847363381934
20,DOWN,0.022496033929002124,6725.275,b'stride0002',b'stride0003',b'stride0003',b'stride0003',342.7993014989413,323.48426154122535,322.87450956895617,309.31873976060405,,151.27464586688043,,,,,,,73.20441998146921,71.16784914855636,86.53935722368999,76.49058841107755,17.077853004303,17.14454832846978,17.077853004303,17.14454832846978,24.029392903713088,21.492105752403845,-21.554639052603747,-15.438016619095265,175.23406345383918,158.28546444164857,162.52407191231524,169.97997484994113,121.66080232714052,154.83984349647338,105.31422613680922,93.93251611588447,54.3156010041702,59.44305683927906,57.93274195451751,44.693318994200716,14.641732587738394,83.21832211184336,44.84488889884982,61.66609183164618,84.9453291950057,50.74634514938682,45.51743177924162,72.18228981722376
21,DOWN,1.4774969813032328,6962.77,b'stance0002',b'stride0003',b'stride0003',b'stride0003',342.7993014989413,,322.87450956895617,309.31873976060405,,148.18377226408643,,,,,,,,71.16784914855636,86.53935722368999,76.49058841107755,,17.14454832846978,17.077853004303,17.14454832846978,,21.492105752403845,-21.554639052603747,-15.438016619095265,158.64991016671186,159.32174087708134,159.8597405642456,165.8676263424888,90.85667664444897,142.63614231090256,82.06065023666524,79.64643574403784,58.096864093562495,61.3817665551022,56.40212854254214,39.05589471240408,63.580099999539755,67.21350401949985,47.501449834590744,66.75480898295824,65.73314932709347,55.22562530980741,44.04861868525747,67.19873459654109
22,DOWN,2.7472980431860208,6736.62,b'stance0002',b'stride0003',b'stance0003',b'stride0003',342.7993014989413,,,309.31873976060405,,134.32585435548393,,,,,,,,71.16784914855636,,76.49058841107755,,17.14454832846978,,17.14454832846978,,21.492105752403845,,-15.438016619095265,156.90730938498805,160.1077910689229,176.24687706119798,179.30398752688757,114.4695023032596,142.23559422571236,77.46318811045285,71.68185362134079,66.91979381053864,54.57035004693393,61.07479020686587,47.186835486424094,50.18466812470066,51.53021611516493,41.73028303332577,60.20585845426396,59.41812809447421,47.65086597470112,46.432408383265326,41.223738433330304
23,DOWN,3.7479525468110637,6661.485000000001,b'stance0002',b'stride0003',b'stance0003',b'stride0003',342.7993014989413,,,309.31873976060405,,124.67737832767628,,,,,,,,71.16784914855636,,76.49058841107755,,17.14454832846978,,17.14454832846978,,21.492105752403845,,-15.438016619095265,149.34345675251177,165.97403520064367,172.78014127389767,177.3465241050285,153.2511349928679,126.92873719730153,90.05711270019403,80.1778989009713,58.54896210506652,53.76191413898129,61.098248842609124,38.43819413291824,56.726597893521124,45.12756023614496,41.335788686657544,58.01159278370429,56.253991540612326,48.325633594326405,41.92415034734028,63.607829493195666
24,DOWN,3.69462486175172,5995.62,b'stride0003',b'stride0003',b'stance0003',b'stride0003',342.7993014989413,338.18961585031093,,309.31873976060405,160.8188523114502,104.63494219109293,,,,,,,66.57490596192982,71.16784914855636,,76.49058841107755,16.06685380648765,17.14454832846978,,17.14454832846978,30.541980159127505,21.492105752403845,,-15.438016619095265,138.62364268594098,166.46693385711305,149.86922830503943,175.33088922460536,148.59448676436307,113.74005424970333,130.22311736627154,89.97459665428201,42.09743448793732,51.76412127893522,17.57282256559122,54.26949332855486,42.03523824910656,54.82194341758409,43.73534937893905,54.00136306986781,59.63221894526272,42.42658350027399,49.925294658262665,79.36613892399001
25,DOWN,3.825432832520079,6355.8150000000005,b'stride0003',b'stride0003',b'stride0004',b'stride0003',342.7993014989413,338.18961585031093,329.1022650039139,309.31873976060405,156.5739355651309,83.54064202448886,,,,,,,66.57490596192982,71.16784914855636,103.84216121662884,76.49058841107755,16.06685380648765,17.14454832846978,15.433713227929893,17.14454832846978,30.541980159127505,21.492105752403845,-16.346342500149362,-15.438016619095265,144.9480032629542,168.89805859326677,137.2454964484596,173.32672790540505,179.36552605743313,115.34104059676461,153.05016208573107,103.04710170273258,35.80737692902323,30.722315509670395,76.52228719019921,73.51460715659698,52.978112711121085,48.176352499185434,42.53575608514717,42.543735038442186,32.122587184355666,38.75705150541476,55.50227796275263,83.56834682284959
26,DOWN,2.5785012172853783,6606.344999999999,b'stride0003',b'stride0003',b'stride0004',b'stride0003',342.7993014989413,338.18961585031093,329.1022650039139,309.31873976060405,156.47141446490835,67.68995077890074,,,,,,,66.57490596192982,71.16784914855636,103.84216121662884,76.49058841107755,16.06685380648765,17.14454832846978,15.433713227929893,17.14454832846978,30.541980159127505,21.492105752403845,-16.346342500149362,-15.438016619095265,153.18191825594374,171.69262425537036,151.44282169138899,164.97426587678868,175.47319002293864,122.74888851031258,115.6859476078683,108.83691604884385,10.276258950739166,6.715408625276723,34.214558116330856,63.38917735670197,68.24063713834305,58.62104133719447,36.711975967359386,37.04571639728765,36.00400412752822,39.7617194596672,57.40739612204707,88.04199608828152
27,DOWN,2.0744195015702473,7095.225,b'stride0003',b'stride0003',b'stride0004',b'stride0003',342.7993014989413,338.18961585031093,329.1022650039139,309.31873976060405,154.7066792516746,69.37055124879326,,,,,,,66.57490596192982,71.16784914855636,103.84216121662884,76.49058841107755,16.06685380648765,17.14454832846978,15.433713227929893,17.14454832846978,30.541980159127505,21.492105752403845,-16.346342500149362,-15.438016619095265,151.26899610569188,170.34389247271233,179.47919635186355,169.81016520353248,159.67793721500004,118.52102693069685,86.18985023985941,97.48748719714678,25.232356924546625,30.69014668253807,50.71942924345013,75.10304075700068,56.810895168186384,57.91141980280756,38.46419322408809,59.4000424489086,55.65315227382726,48.93984996665193,63.311695619716616,68.83999893987043
28,DOWN,0.10300920985767448,6032.905000000001,b'stride0003',b'stance0003',b'stride0004',b'stride0003',,338.18961585031093,329.1022650039139,309.31873976060405,141.00304664688016,,,,,,,,66.57490596192982,,103.84216121662884,76.49058841107755,16.06685380648765,,15.433713227929893,17.14454832846978,30.541980159127505,,-16.346342500149362,-15.438016619095265,148.80518877608085,179.95236480484013,162.32665155254506,163.04571579635984,150.8785708212469,101.02058948217686,77.20483108620667,70.98492116136035,45.35375465357218,51.13654056095695,45.420155265946384,68.80263405788668,61.691833369948824,60.58620666469674,45.529159061197866,66.29755912134539,63.16994825241547,35.912505472230976,42.2606781769968,68.52573109790694
29,DOWN,0.8294921867065739,6935.84,b'stride0003',b'stance0003',b'stride0004',b'stance0003',,338.18961585031093,329.1022650039139,,129.16260858592895,,,,,,,,66.57490596192982,,103.84216121662884,,16.06685380648765,,15.433713227929893,,30.541980159127505,,-16.346342500149362,,161.8195102285843,161.71159135555047,176.53093679374555,173.29796717885176,132.21604006930545,86.4302313084324,73.50507179066182,76.69121666790541,49.66214113688848,55.959845540421355,60.47365313397732,75.75498735752409,60.46068765706431,58.78082636312388,33.1046278720341,72.1234204563799,66.51927904191704,38.30565236947675,44.73092509283445,59.82039396510461
30,DOWN,2.4649600113312715,6384.665,b'stride0003',b'stance0003',b'stride0004',b'stance0003',,338.18961585031093,329.1022650039139,,101.8394273800079,,,,,,,,66.57490596192982,,103.84216121662884,,16.06685380648765,,15.433713227929893,,30.541980159127505,,-16.346342500149362,,176.19574622727254,158.97559806131628,174.6930906838379,179.52954380070946,134.78974759226512,126.24995241469801,89.58419266446968,100.85697582092192,45.70440479885621,53.10515120954856,52.64842751926291,63.81401592517339,66.0210090844284,62.65766862224821,44.23069767374213,47.69629253608533,76.35366496374864,37.26210403836068,40.08931674844294,46.68373559002629
31,DOWN,1.161815358066292,5502.595,b'stride0003',b'stride0004',b'stride0004',b'stance0003',324.4916831002707,338.18961585031093,329.1022650039139,,83.65478528355337,150.34051882402224,,,,,,,66.57490596192982,73.35258516671553,103.84216121662884,,16.06685380648765,14.481250422967506,15.433713227929893,,30.541980159127505,17.722591838771137,-16.346342500149362,,178.1287649446625,158.22225595972233,174.09365692796598,164.39171739418111,127.3392653990388,152.6212187907639,101.48366243442607,130.8972365726142,50.1595126610138,40.43673157796938,43.250447160919826,64.04205786597606,80.09262791017542,42.14867540174288,39.378814184337514,54.61097451721187,87.13232155682573,36.97981323981828,35.49541835973616,40.974903367143604
32,DOWN,2.0030592536890595,6754.35,b'stride0003',b'stride0004',b'stride0004',b'stride0004',324.4916831002707,338.18961585031093,329.1022650039139,323.9015992017044,70.76185336395869,155.1551283897534,,,,,,,66.57490596192982,73.35258516671553,103.84216121662884,84.29643959631525,16.06685380648765,14.481250422967506,15.433713227929893,14.789121649560606,30.541980159127505,17.722591838771137,-16.346342500149362,-12.311787272539704,176.20751296460529,156.839283393732,164.37785257452438,150.82032253807162,127.62777330775853,159.3815368851171,101.48541360996425,130.83397795812644,61.744722092613,47.60964182262343,44.13127374064165,54.02471980181026,16.95308764074698,37.64647051749574,48.377207883692336,63.72848512106283,70.66517380125676,47.01060077786107,29.070343633494318,29.256089380502676
33,DOWN,,6661.285,b'stride0003',b'stride0004',b'stride0004',b'stride0004',324.4916831002707,338.18961585031093,329.1022650039139,323.9015992017044,,,,,,,,,66.57490596192982,73.35258516671553,103.84216121662884,84.29643959631525,16.06685380648765,14.481250422967506,15.433713227929893,14.789121649560606,30.541980159127505,17.722591838771137,-16.346342500149362,-12.311787272539704,177.5473200380674,155.1540666370795,,,124.17011887206215,165.2310376103323,,100.70313068776966,62.42951742460058,47.48210047473979,36.624246228341555,34.00814580397168,35.78341342238349,76.10141657145608,43.306779110456525,71.30955240271354,81.60271733457265,43.715611036484,50.94537454098372,58.200227141514226
34,DOWN,0.10397140544529293,6506.635,b'stride0003',b'stride0004',b'stride0004',b'stride0004',324.4916831002707,338.18961585031093,329.1022650039139,323.9015992017044,80.26510800680482,140.32077160113778,,,,,,,66.57490596192982,73.35258516671553,103.84216121662884,84.29643959631525,16.06685380648765,14.481250422967506,15.433713227929893,14.789121649560606,30.541980159127505,17.722591838771137,-16.346342500149362,-12.311787272539704,174.4578889919153,169.19594335251256,157.4652743031259,176.40526074527872,110.39937472295333,164.55081296590748,83.6682459589347,78.88731234924657,67.89373076563345,49.6126987601582,45.003603132718936,48.647239499654106,46.48207251289921,49.428383338401034,39.24524002968477,65.93801524664869,60.65896346498124,34.04985646424869,37.67469061693686,79.21979406824083
35,DOWN,0.42829074450324356,7043.085,b'stance0003',b'stride0004',b'stance0004',b'stride0004',324.4916831002707,,,323.9015992017044,,128.51988529683197,,,,,,,,73.35258516671553,,84.29643959631525,,14.481250422967506,,14.789121649560606,,17.722591838771137,,-12.311787272539704,171.24376612536184,178.62597909922235,164.53401955867494,167.01985994762612,93.35772365835132,168.301997715187,70.66451983255806,75.38322050342795,75.23071739452143,58.625474641995176,53.79974604856579,56.290721813567465,62.16381606537479,58.881275701513566,42.61494251719525,55.42847766792982,53.9205049507872,63.51586105158912,36.55370875590342,70.22168599863663
36,DOWN,2.514238921459281,7001.45,b'stance0003',b'stride0004',b'stance0004',b'stride0004',324.4916831002707,,,323.9015992017044,,122.1645722213758,,,,,,,,73.35258516671553,,84.29643959631525,,14.481250422967506,,14.789121649560606,,17.722591838771137,,-12.311787272539704,149.7425284639432,171.21422264404237,173.83801049585745,172.91551785249587,111.42197678203061,142.23327367283207,83.2310343319471,76.26999987775541,74.88865383641333,62.157954451693016,51.8103608175705,38.39361007397394,62.68182232708147,58.96590573254543,41.27412716180297,52.917732217709656,57.94924810818972,51.970723680954706,43.441173310353264,62.56121592343852
37,DOWN,3.9122768493248827,6554.825000000001,b'stance0003',b'stride0004',b'stance0004',b'stride0004',324.4916831002707,,,323.9015992017044,,95.73193454059567,,,,,,,,73.35258516671553,,84.29643959631525,,14.481250422967506,,14.789121649560606,,17.722591838771137,,-12.311787272539704,148.11129351051204,175.02579505888906,162.84997514491403,178.65384219591186,154.95362645220015,139.53296723517758,114.5285879200994,85.68226793569012,68.91936873814718,58.621160621490475,64.97671497839342,59.47373046891304,54.60732076940024,38.32422139185501,40.70995962073567,52.50595536284795,57.46107204494595,41.57362773973549,43.304774339266054,87.83532755884262
38,DOWN,4.768571749128938,5940.375,b'stride0004',b'stride0004',b'stance0004',b'stride0004',324.4916831002707,301.43877941595053,,323.9015992017044,152.0539918336254,78.514276835592,,,,,,,54.59548008144928,73.35258516671553,,84.29643959631525,17.389357548655404,14.481250422967506,,14.789121649560606,26.85588064086798,17.722591838771137,,-12.311787272539704,151.15496941507942,173.29189823877394,,176.66249023709045,177.7802884362573,123.138365220803,,110.03902356156877,46.83482465760001,41.71017540159635,21.495526883938453,67.04763639633377,53.28898942930474,52.180565946012116,42.30435651530234,52.499487796322455,43.777583746492965,30.092435765279497,49.08694993507732,89.30203825911423
39,DOWN,4.085167166756264,6322.025,b'stride0004',b'stride0004',b'stride0005',b'stride0004',324.4916831002707,301.43877941595053,302.1413371602877,323.9015992017044,158.50044449127557,61.501702952910136,,,,,,,54.59548008144928,73.35258516671553,,84.29643959631525,17.389357548655404,14.481250422967506,15.06196021926744,14.789121649560606,26.85588064086798,17.722591838771137,-21.57338443854941,-12.311787272539704,146.32454924156295,159.32759390950184,156.11598268069736,169.68368099053407,179.74497574722753,130.00735275186292,128.33478676172714,105.58261909490257,16.13958701288131,10.765343971494076,85.28183770507728,72.0156786146797,60.59173354545886,52.972767085867524,42.6244671773885,35.51951647479598,42.69349867933812,36.61036066164896,64.15522110959107,62.089642426323664
40,DOWN,2.5539364131963964,6670.745,b'stride0004',b'stride0004',b'stride0005',b'stride0004',324.4916831002707,301.43877941595053,302.1413371602877,323.9015992017044,152.4233017870756,65.10466485352006,,,,,,,54.59548008144928,73.35258516671553,,84.29643959631525,17.389357548655404,14.481250422967506,15.06196021926744,14.789121649560606,26.85588064086798,17.722591838771137,-21.57338443854941,-12.311787272539704,151.35421168411574,166.2135375519596,165.95373411969248,155.57148933331936,171.7197129060184,117.35111456108282,98.11594364050752,89.20482237514753,11.239924246805108,6.009297084377742,67.32262672003186,78.31866379400947,55.215464126700965,61.1764531768392,31.98755689865521,66.47567540365395,51.481451938447655,39.06428261317881,59.1552737650225,88.21879430363337
41,DOWN,1.0779993286556646,6026.4400000000005,b'stride0004',b'stance0004',b'stride0005',b'stride0004',,301.43877941595053,302.1413371602877,323.9015992017044,147.7798256332474,,,,,,,,54.59548008144928,,,84.29643959631525,17.389357548655404,,15.06196021926744,14.789121649560606,26.85588064086798,,-21.57338443854941,-12.311787272539704,147.73906647936244,175.63418150130187,172.7198096432197,171.36711261131416,151.66085640244646,96.73110763794797,75.61789316426984,75.84344157762494,41.07550946827846,45.585229387801284,47.567749538365575,74.06156042696284,69.89427638519398,57.71713006293969,36.51319105423353,72.60514450802988,73.06142816672707,48.18683115514412,50.71734951894844,77.24744513848417
42,DOWN,0.14705564052727027,5516.014999999999,b'stride0004',b'stance0004',b'stride0005',b'stance0004',,301.43877941595053,302.1413371602877,,133.37023196648954,,,,,,,,54.59548008144928,,,,17.389357548655404,,15.06196021926744,,26.85588064086798,,-21.57338443854941,,157.00577377571938,163.21741300325004,170.4933827738672,175.5970770228759,138.7381929077879,87.66268044308882,72.16915427191016,74.70134418838559,50.16850413977745,50.35569489991592,58.27366538013042,65.99734366082575,67.46700914555461,57.25849260401331,43.43008707789998,63.69836937581511,48.861049477260835,47.50548150836218,44.66658731378485,72.82507925445914
43,DOWN,1.934406922919095,5972.764999999999,b'stride0004',b'stance0004',b'stride0005',b'stance0004',,301.43877941595053,302.1413371602877,,104.66752175816656,,,,,,,,54.59548008144928,,,,17.389357548655404,,15.06196021926744,,26.85588064086798,,-21.57338443854941,,174.5236234461713,153.0117148922496,179.87653989042994,169.959202186342,141.86586889317113,120.20901088436307,76.03543376285275,89.5462969840446,60.19933228953104,47.66185295890647,47.898247689816614,69.01415424775168,67.09878825739396,57.736041940342965,49.784983429729635,49.93826070673733,68.58099133472051,40.61058270722833,45.64002706548852,72.83976181701456
44,DOWN,2.7997379826695976,6467.46,b'stride0004',b'stride0005',b'stride0005',b'stance0004',207.63852694465422,301.43877941595053,302.1413371602877,,85.52608861634151,156.20020213306967,,,,,,,54.59548008144928,,,,17.389357548655404,17.128407453464533,15.06196021926744,,26.85588064086798,,-21.57338443854941,,177.94619089860797,159.41501697217393,178.6617567070842,162.5480371114212,127.9061689472237,146.47641717393003,100.24518525723343,118.90922091020886,59.35464654134944,52.158335108784534,36.65178100774972,57.859696106648,87.08120362714564,43.017398638437626,30.905543141051915,56.8652400362527,82.70175485648215,41.89632307713084,42.79147473213314,73.25475850977249
45,DOWN,2.9281842776047142,5405.275,b'stride0004',b'stride0005',b'stride0005',b'stance0004',207.63852694465422,301.43877941595053,302.1413371602877,,64.57309161619787,155.4752031941481,,,,,,,54.59548008144928,,,,17.389357548655404,17.128407453464533,15.06196021926744,,26.85588064086798,,-21.57338443854941,,173.4421739999681,155.9977083452381,,,127.1791976179488,160.35106560462037,,,63.12420012992536,64.619813333377,39.97274299027701,55.493609841604,28.108208927642274,50.66039195584261,44.76283874866013,55.98295521861186,68.37740267744776,41.782840725082266,35.29200389516901,66.74162698249376
46,DOWN,1.3692816197982438,6066.87,b'stride0004',b'stride0005',b'stride0005',b'stride0005',207.63852694465422,301.43877941595053,302.1413371602877,295.24520299879913,59.9090962698141,156.7662971571967,,,,,,,54.59548008144928,,,62.54904977032429,17.389357548655404,17.128407453464533,15.06196021926744,44.568220330680866,26.85588064086798,,-21.57338443854941,,171.99635436537426,158.6029371848044,,158.38781404284418,124.22266191923657,,,119.39670033186725,68.31496928161886,63.639600911625145,42.64413144627685,45.15987404159056,18.406722253902434,60.65354080161421,45.50752940536851,77.05034682004622,62.3760263247379,46.019457608294786,43.02598966508594,46.42174458124104
47,DOWN,0.2210269549615873,,b'stride0004',b'stride0005',b'stride0005',b'stride0005',207.63852694465422,301.43877941595053,302.1413371602877,295.24520299879913,81.65776944811061,145.28663726538372,,,,,,,54.59548008144928,,,62.54904977032429,17.389357548655404,17.128407453464533,15.06196021926744,44.568220330680866,26.85588064086798,,-21.57338443854941,,175.29187553530852,168.98909689033107,,,87.60124671728137,170.4689181993631,,,64.2204024216131,57.839887729426884,54.17045194666435,35.10221253229834,42.26287132503816,72.14180181613361,45.05888259962156,62.72235860489844,80.1267574910585,24.790417426667386,59.86306665552559,86.57412537692265
48,DOWN,1.460076860381747,,b'stance0004',b'stride0005',b'stance0005',b'stride0005',207.63852694465422,,,295.24520299879913,,138.39095195229189,,,,,,,,,,62.54904977032429,,17.128407453464533,,44.568220330680866,,,,,165.71092460192082,168.61046927802178,164.90844610349455,166.20983689074703,77.59928640743324,156.50593089384262,71.76819227595762,80.8951349261385,64.81613238226741,63.80853252295466,53.10654330099133,48.471385148394155,49.97936730718418,70.05630387218946,44.9679441971381,62.80234918386383,68.44020330300492,34.775545795149135,51.56665496351639,81.13623567517925
49,DOWN,3.3653260538288237,,b'stance0004',b'stride0005',b'stance0005',b'stride0005',207.63852694465422,,,295.24520299879913,,123.20393946671422,,,,,,,,,,62.54904977032429,,17.128407453464533,,44.568220330680866,,,,,151.9297022417968,170.76241970987283,172.41052772309138,170.009702499853,97.60544713965629,152.9684296308724,70.69013853511792,82.53285116604701,75.66020645599424,67.18225711916641,42.287213422413295,44.62654770113735,40.302590395954404,55.97901767915,39.50072486773202,64.39454323345052,66.13255861021817,54.63315593783193,48.38758641062635,60.96307708306805
50,DOWN,4.4334260716629785,,b'stance0004',b'stride0005',b'stance0005',b'stride0005',207.63852694465422,,,295.24520299879913,,113.8475529729372,,,,,,,,,,62.54904977032429,,17.128407453464533,,44.568220330680866,,,,,148.7201887758336,172.58263243054625,179.3106781301061,176.00209928026905,168.57678085551407,,85.29712035463423,88.12145593662798,64.87867179399841,63.25966139730203,83.18697594128717,36.60070732954094,50.775232919457586,45.47299769152633,36.984996797385094,60.35033216192679,64.62543605530378,49.638863442737346,55.871588183968406,66.71245351003218
51,DOWN,6.586792753898834,,b'stance0004',b'stride0005',b'stance0005',b'stride0005',207.63852694465422,,,295.24520299879913,,71.6864722773096,,,,,,,,,,62.54904977032429,,17.128407453464533,,44.568220330680866,,,,,153.62952561985992,148.21403716270288,171.71703999696572,177.38325259191052,174.71674609029515,,116.36643349412452,94.13521985979112,65.48860253632539,55.45820784500683,41.324778263001235,43.669007446928845,19.40476180224402,33.213778875631675,39.169287030927315,58.557744934418764,64.9835573561879,15.725073368632659,29.328688609037755,53.07282563417954
52,DOWN,,,b'stride0005',b'stride0005',b'stride0006',b'stride0005',207.63852694465422,363.4642246632197,188.05241037880927,295.24520299879913,,,,,,,,,,,,62.54904977032429,,17.128407453464533,,44.568220330680866,,,,,,,,172.42864201653845,,,,102.1358666651755,19.390980131491684,29.487207632052318,87.55080271141978,31.741101132518033,8.58206723205922,18.221864302888928,33.91328531317202,57.922797242935154,54.516345868243945,24.79853442261839,52.61783972220598,40.144281483205795
53,DOWN,,,b'stride0005',b'stride0005',b'stride0006',b'stride0005',207.63852694465422,363.4642246632197,188.05241037880927,295.24520299879913,,,,,,,,,,,,62.54904977032429,,17.128407453464533,,44.568220330680866,,,,,,,156.507370970174,172.39196324324556,,,127.03101875120996,96.83422994439212,21.130279112047287,35.39990271095333,23.83060083229833,79.04193046222525,13.062991587525406,36.61351879812474,34.08982269436478,42.294215959470144,40.77091055855079,45.50855729642162,55.27782989560813,84.49328373268342
54,DOWN,,,b'stride0005',b'stride0005',b'stride0006',b'stride0005',207.63852694465422,363.4642246632197,188.05241037880927,295.24520299879913,,,,,,,,,,,,62.54904977032429,,17.128407453464533,,44.568220330680866,,,,,,,163.9821300799741,160.88434040597443,,,96.79821324912685,86.42800258675159,19.889181470094695,53.95330933782232,47.19525635255238,19.311407204368763,62.418948721498424,59.116673443477964,28.37688676053247,67.05532820089414,57.902905530235266,39.91034235630777,59.873787205368025,86.6102746006389
55,DOWN,,,b'stride0005',b'stride0005',b'stride0006',b'stride0005',207.63852694465422,363.4642246632197,188.05241037880927,295.24520299879913,,,,,,,,,,,,62.54904977032429,,17.128407453464533,,44.568220330680866,,,,,,,179.55360973039308,179.20309896471514,,,76.44003636693726,72.37183408171674,3.898485408399338,64.06669495698736,20.415198733308845,55.22779357336813,87.35116398165819,29.133314049245662,38.84922105020749,70.13499390659534,79.66834683831532,39.32396898254928,46.92570439473341,76.7893662479008
56,DOWN,,,b'stride0005',b'stance0005',b'stride0006',b'stance0005',,363.4642246632197,188.05241037880927,,,,,,,,,,,,,,,,,,,,,,,,177.79155509713217,174.9193396663716,,,74.2034292933307,77.62905953962449,0.22907026290625476,1.838109804992941,1.5000724604337559,61.52859368708703,87.80299033695097,17.601612719982015,46.65371535905033,56.78475694756867,60.644050387965,42.12945343113831,43.056884357624355,80.12966778261071
57,DOWN,,,b'stride0005',b'stance0005',b'stride0006',b'stance0005',,363.4642246632197,188.05241037880927,,,,,,,,,,,,,,,,,,,,,,,,,,,,,,78.72238191979567,41.01768262601322,18.33304349200074,67.41330541688633,38.7172609009886,73.70476494690091,34.5640699515226,61.267797691822345,58.44703156392771,42.19399327837603,41.87845388980538,74.16743892721104
58,DOWN,,,b'stride0005',b'stance0005',b'stride0006',b'stance0005',,363.4642246632197,188.05241037880927,,,,,,,,,,,,,,,,,,,,,,,,,,,,,,0.2504077712643255,0.9702960238706082,65.79800846558014,64.37379588896579,35.34545427621018,74.74270659335552,17.51833998151099,51.482549394645204,30.875262109236473,43.28409306202655,41.53670209291208,73.3509843054704
59,DOWN,,,b'stride0005',b'stance0005',b'stance0006',b'stance0005',,363.4642246632197,,,,,,,,,,,,,,,,,,,,,,,,,,,,,,,49.16307903075976,6.964875339189717,11.010929670282652,52.3331452375104,48.060234115619004,80.0020253442228,71.34472481370504,48.663975452998805,46.66771211716239,35.306445881165324,43.99676702226626,67.17974845145162
60,DOWN,,,b'stride0005',b'stride0006',b'stride0007',b'stride0006',370.53438026923226,363.4642246632197,376.25644365117125,371.5328509754585,,,,,,,,,,,,,,,,,,,,,,,,,,,,,0.24461223417886818,0.4762180325119961,1.0996771650943922,58.20303520076924,43.70574978776096,65.08038190766001,29.708427052203156,38.92387800636988,52.83833699176208,41.80904242162498,45.02761675163518,37.72386014345132
61,DOWN,,,b'stride0005',b'stride0006',b'stride0007',b'stride0006',370.53438026923226,363.4642246632197,376.25644365117125,371.5328509754585,,,,,,,,,,,,,,,,,,,,,,,,,,,,,81.42775287109642,35.65514227108062,36.31647096059501,0.8180658415203005,18.084205235876187,61.547855298518584,25.287187322467606,32.443582641247694,42.979383826474646,65.09141531932082,48.98802366147187,85.42592134731476
62,DOWN,,,b'stride0005',b'stride0006',b'stride0007',b'stride0006',370.53438026923226,363.4642246632197,376.25644365117125,371.5328509754585,,,,,,,,,,,,,,,,,,,,,,,,,,,,,32.880241895906785,35.13686179203914,16.511712543670026,2.108470711252867,11.722834322390867,25.778421715255895,70.41420194720796,75.25078319440382,24.315636375378148,2.60206817222692,39.777554708981796,53.667014786257376
63,DOWN,,,b'stride0005',b'stride0006',b'stride0007',b'stride0006',370.53438026923226,363.4642246632197,376.25644365117125,371.5328509754585,,,,,,,,,,,,,,,,,,,,,,,,,,,,,36.864169627062736,14.893997478660888,42.65353994701495,59.22336826505288,11.893320572716853,12.438461816748752,22.216984514556223,40.50300852975127,1.0373397509707538,82.45267850899747,18.29526430692391,83.40463786952512
64,DOWN,,,b'stride0005',b'stride0006',b'stride0007',b'stride0006',370.53438026923226,363.4642246632197,376.25644365117125,371.5328509754585,,,,,,,,,,,,,,,,,,,,,,,,,,,,,9.262705551027471,59.97867735406794,7.683419496036997,73.52535099241126,27.217328228271015,20.883914097035298,16.017217322071073,41.842005235657524,15.167454040898662,68.40320426634975,4.984217624611233,84.7300746258232
65,DOWN,,,b'stride0005',b'stride0006',b'stride0007',b'stride0006',370.53438026923226,363.4642246632197,376.25644365117125,371.5328509754585,,,,,,,,,,,,,,,,,,,,,,,,,,,,,1.315223814707582,8.012082845329639,1.2409210802024684,51.830470965519595,16.839558337061476,70.15749571881501,7.252449311854378,5.987004226494116,21.011671365147855,1.8006128006414934,8.33025599163249,15.196880959339259
66,DOWN,,,b'stride0005',b'stride0006',b'stride0007',b'stride0006',370.53438026923226,363.4642246632197,376.25644365117125,371.5328509754585,,,,,,,,,,,,,,,,,,,,,,,,,,,,,13.62728160601744,7.9244314949325325,42.54226611533101,2.4018890785315796,0.8721786180928038,14.333694108049256,3.722664105853654,12.217344600772357,58.64958553772763,48.61128635530244,3.2164206362513417,68.72327866745503
67,DOWN,,,b'stride0005',b'stride0006',b'stride0007',b'stride0006',370.53438026923226,363.4642246632197,376.25644365117125,371.5328509754585,,,,,,,,,,,,,,,,,,,,,,,,,,,,,18.133973828812607,87.4910462975617,86.47010231028979,20.74217176430064,25.367006948962118,16.602861492173737,7.034188239926062,28.705925566369274,5.636125569405311,80.59235379561383,25.330264175516074,77.36872823606957
68,DOWN,,,b'stride0005',b'stance0006',b'stance0007',b'stance0006',,363.4642246632197,,,,,,,,,,,,,,,,,,,,,,,,,,,,,,,6.125375146739487,28.448496745222045,18.357525422421023,25.113948133815313,31.363436151043352,11.839282387976818,2.3132464090354072,0.8361420765638333,45.0719952888366,82.7968086772394,27.726195781785936,24.506383882892838
69,DOWN,,,b'stride0005',b'stance0006',b'stance0007',b'stance0006',,363.4642246632197,,,,,,,,,,,,,,,,,,,,,,,,,,,,,,,15.989361277742177,1.0798822344979437,4.546791733043635,25.339415641157224,38.207474839354816,6.361118701379176,3.580758933576524,1.7184203856416946,44.79402352717752,10.376035110401775,7.004146643859193,4.4722665109078195
70,DOWN,,,b'stride0005',b'stance0006',b'stance0007',b'stance0006',,363.4642246632197,,,,,,,,,,,,,,,,,,,,,,,,,,,,,,,5.544899459253604,27.17875965251685,21.96080721710318,25.64579054304129,37.836800832345574,6.503377293753636,7.590718701547721,35.998239561254316,5.357469963666339,75.99527985941836,75.9401448931543,0.6584906830127366
71,DOWN,,,b'stance0005',b'stance0006',b'stance0007',b'stance0006',,,,,,,,,,,,,,,,,,,,,,,,,,,,,,,,,9.428458300359427,27.50269489647639,15.78764513114906,28.197908981959873,28.321251766093823,16.816986412442976,4.77626922464799,0.18366022645722688,39.278975583422124,19.038160001935786,18.529987438203086,16.168976326758738
72,DOWN,,,b'stance0005',b'stance0006',b'stance0007',b'stance0006',,,,,,,,,,,,,,,,,,,,,,,,,,,,,,,,,3.3715319595343676,29.622169153423812,16.270126701628218,25.308056757589732,30.221281657945266,11.826077466352627,4.8484370543427655,1.0365394273879365,41.78613710535212,81.62542772080195,24.27704692156402,7.677291193097838
73,DOWN,,,b'stance0005',b'stance0006',b'stance0007',b'stance0006',,,,,,,,,,,,,,,,,,,,,,,,,,,,,,,,,4.438309644210629,31.278338106696573,24.541409935634626,25.62755748498162,37.14234392045363,6.2423561950894015,6.9982334657590135,2.7064027385914597,4.961845886500631,12.023810271264058,5.4429629854977195,6.278934861802313
74,DOWN,,,b'stride0006',b'stance0006',b'stance0007',b'stance0006',,0.0,,,,,,,,,,,,,,,,,,,,,,,,,,,,,,,14.903950758242322,2.5243351624341024,2.900737510658815,18.98185664105932,32.07669958807871,0.3562958991143951,0.47729406829563353,3.0647911381082715,43.504940473557355,82.96791532181872,60.72797006194403,0.550487014429949
75,DOWN,,,b'stance0006',b'stance0006',b'stance0007',b'stance0006',,,,,,,,,,,,,,,,,,,,,,,,,,,,,,,,,17.08039898631135,2.772030863640399,3.114570082581517,26.621570310397477,24.73117121136672,17.83615460453922,5.045374962649827,0.15057164691093444,39.795639507345186,81.83440445706793,34.317466583544935,21.44015377231115
76,DOWN,,,b'stride0007',b'stance0006',b'stance0007',b'stance0006',,0.29144652893495254,,,,,,,,,,,,,,,,,,,,,,,,,,,,,,,3.632347379878525,31.34154082755667,24.545803008481098,22.176374587748274,36.37637269777118,6.340454755976357,6.372130186363677,1.6484845713391445,4.252183177087824,12.158935672847711,8.352136889493137,2.9800866562531274
77,DOWN,,,b'stride0007',b'stance0006',b'stance0007',b'stance0006',,0.29144652893495254,,,,,,,,,,,,,,,,,,,,,,,,,,,,,,,16.430481018792555,2.1241702959069055,2.855401766643558,29.1080027153433,30.49386275368462,13.743900639263611,4.404686922266046,0.5588550662692114,42.84723178105467,86.43625787887295,31.40391686066677,21.088669482947964
78,DOWN,,,b'stride0007',b'stance0006',b'stance0007',b'stance0006',,0.29144652893495254,,,,,,,,,,,,,,,,,,,,,,,,,,,,,,,5.492690261523798,27.62340113976321,15.64675307342281,24.56550974459122,34.394867326213294,6.327727172489943,2.7803589451920407,0.10510483324301541,39.786881210659814,76.91720566964489,5.0495009205456824,7.4993390990425315
