scorer,DLC_resnet50_Gecko04Mar25shuffle1_720000,DLC_resnet50_Gecko04Mar25shuffle1_720000,DLC_resnet50_Gecko04Mar25shuffle1_720000,DLC_resnet50_Gecko04Mar25shuffle1_720000,DLC_resnet50_Gecko04Mar25shuffle1_720000,DLC_resnet50_Gecko04Mar25shuffle1_720000,DLC_resnet50_Gecko04Mar25shuffle1_720000,DLC_resnet50_Gecko04Mar25shuffle1_720000,DLC_resnet50_Gecko04Mar25shuffle1_720000,DLC_resnet50_Gecko04Mar25shuffle1_720000,DLC_resnet50_Gecko04Mar25shuffle1_720000,DLC_resnet50_Gecko04Mar25shuffle1_720000,DLC_resnet50_Gecko04Mar25shuffle1_720000,DLC_resnet50_Gecko04Mar25shuffle1_720000,DLC_resnet50_Gecko04Mar25shuffle1_720000,DLC_resnet50_Gecko04Mar25shuffle1_720000,DLC_resnet50_Gecko04Mar25shuffle1_720000,DLC_resnet50_Gecko04Mar25shuffle1_720000,DLC_resnet50_Gecko04Mar25shuffle1_720000,DLC_resnet50_Gecko04Mar25shuffle1_720000,DLC_resnet50_Gecko04Mar25shuffle1_720000,DLC_resnet50_Gecko04Mar25shuffle1_720000,DLC_resnet50_Gecko04Mar25shuffle1_720000,DLC_resnet50_Gecko04Mar25shuffle1_720000,DLC_resnet50_Gecko04Mar25shuffle1_720000,DLC_resnet50_Gecko04Mar25shuffle1_720000,DLC_resnet50_Gecko04Mar25shuffle1_720000,DLC_resnet50_Gecko04Mar25shuffle1_720000,DLC_resnet50_Gecko04Mar25shuffle1_720000,DLC_resnet50_Gecko04Mar25shuffle1_720000,DLC_resnet50_Gecko04Mar25shuffle1_720000,DLC_resnet50_Gecko04Mar25shuffle1_720000,DLC_resnet50_Gecko04Mar25shuffle1_720000,DLC_resnet50_Gecko04Mar25shuffle1_720000,DLC_resnet50_Gecko04Mar25shuffle1_720000,DLC_resnet50_Gecko04Mar25shuffle1_720000,DLC_resnet50_Gecko04Mar25shuffle1_720000,DLC_resnet50_Gecko04Mar25shuffle1_720000,DLC_resnet50_Gecko04Mar25shuffle1_720000,DLC_resnet50_Gecko04Mar25shuffle1_720000,DLC_resnet50_Gecko04Mar25shuffle1_720000,DLC_resnet50_Gecko04Mar25shuffle1_720000,DLC_resnet50_Gecko04Mar25shuffle1_720000,DLC_resnet50_Gecko04Mar25shuffle1_720000,DLC_resnet50_Gecko04Mar25shuffle1_720000,DLC_resnet50_Gecko04Mar25shuffle1_720000,DLC_resnet50_Gecko04Mar25shuffle1_720000,DLC_resnet50_Gecko04Mar25shuffle1_720000,DLC_resnet50_Gecko04Mar25shuffle1_720000,DLC_resnet50_Gecko04Mar25shuffle1_720000,DLC_resnet50_Gecko04Mar25shuffle1_720000,DLC_resnet50_Gecko04Mar25shuffle1_720000,DLC_resnet50_Gecko04Mar25shuffle1_720000,DLC_resnet50_Gecko04Mar25shuffle1_720000,DLC_resnet50_Gecko04Mar25shuffle1_720000,DLC_resnet50_Gecko04Mar25shuffle1_720000,DLC_resnet50_Gecko04Mar25shuffle1_720000,DLC_resnet50_Gecko04Mar25shuffle1_720000,DLC_resnet50_Gecko04Mar25shuffle1_720000,DLC_resnet50_Gecko04Mar25shuffle1_720000,DLC_resnet50_Gecko04Mar25shuffle1_720000,DLC_resnet50_Gecko04Mar25shuffle1_720000,DLC_resnet50_Gecko04Mar25shuffle1_720000,DLC_resnet50_Gecko04Mar25shuffle1_720000,DLC_resnet50_Gecko04Mar25shuffle1_720000,DLC_resnet50_Gecko04Mar25shuffle1_720000,DLC_resnet50_Gecko04Mar25shuffle1_720000,DLC_resnet50_Gecko04Mar25shuffle1_720000,DLC_resnet50_Gecko04Mar25shuffle1_720000,DLC_resnet50_Gecko04Mar25shuffle1_720000,DLC_resnet50_Gecko04Mar25shuffle1_720000,DLC_resnet50_Gecko04Mar25shuffle1_720000,DLC_resnet50_Gecko04Mar25shuffle1_720000,DLC_resnet50_Gecko04Mar25shuffle1_720000,DLC_resnet50_Gecko04Mar25shuffle1_720000,DLC_resnet50_Gecko04Mar25shuffle1_720000,DLC_resnet50_Gecko04Mar25shuffle1_720000,DLC_resnet50_Gecko04Mar25shuffle1_720000,DLC_resnet50_Gecko04Mar25shuffle1_720000,DLC_resnet50_Gecko04Mar25shuffle1_720000,DLC_resnet50_Gecko04Mar25shuffle1_720000,DLC_resnet50_Gecko04Mar25shuffle1_720000,DLC_resnet50_Gecko04Mar25shuffle1_720000,DLC_resnet50_Gecko04Mar25shuffle1_720000,DLC_resnet50_Gecko04Mar25shuffle1_720000,DLC_resnet50_Gecko04Mar25shuffle1_720000,DLC_resnet50_Gecko04Mar25shuffle1_720000,DLC_resnet50_Gecko04Mar25shuffle1_720000,DLC_resnet50_Gecko04Mar25shuffle1_720000,DLC_resnet50_Gecko04Mar25shuffle1_720000,DLC_resnet50_Gecko04Mar25shuffle1_720000,DLC_resnet50_Gecko04Mar25shuffle1_720000,DLC_resnet50_Gecko04Mar25shuffle1_720000,DLC_resnet50_Gecko04Mar25shuffle1_720000,DLC_resnet50_Gecko04Mar25shuffle1_720000,DLC_resnet50_Gecko04Mar25shuffle1_720000,DLC_resnet50_Gecko04Mar25shuffle1_720000,DLC_resnet50_Gecko04Mar25shuffle1_720000,DLC_resnet50_Gecko04Mar25shuffle1_720000,DLC_resnet50_Gecko04Mar25shuffle1_720000,DLC_resnet50_Gecko04Mar25shuffle1_720000,DLC_resnet50_Gecko04Mar25shuffle1_720000,DLC_resnet50_Gecko04Mar25shuffle1_720000,DLC_resnet50_Gecko04Mar25shuffle1_720000,DLC_resnet50_Gecko04Mar25shuffle1_720000,DLC_resnet50_Gecko04Mar25shuffle1_720000,DLC_resnet50_Gecko04Mar25shuffle1_720000,DLC_resnet50_Gecko04Mar25shuffle1_720000,DLC_resnet50_Gecko04Mar25shuffle1_720000,DLC_resnet50_Gecko04Mar25shuffle1_720000,DLC_resnet50_Gecko04Mar25shuffle1_720000,DLC_resnet50_Gecko04Mar25shuffle1_720000,DLC_resnet50_Gecko04Mar25shuffle1_720000,DLC_resnet50_Gecko04Mar25shuffle1_720000
bodyparts,Nose,Nose,Nose,Shoulder,Shoulder,Shoulder,Shoulder_FR,Shoulder_FR,Shoulder_FR,Shoulder_FL,Shoulder_FL,Shoulder_FL,Shoulder_HL,Shoulder_HL,Shoulder_HL,Shoulder_HR,Shoulder_HR,Shoulder_HR,Spine,Spine,Spine,Hip,Hip,Hip,Tail_middle,Tail_middle,Tail_middle,Tail_tip,Tail_tip,Tail_tip,FL_knee,FL_knee,FL_knee,FL,FL,FL,FL_ti,FL_ti,FL_ti,FL_ti1,FL_ti1,FL_ti1,FL_tm,FL_tm,FL_tm,FL_to1,FL_to1,FL_to1,FL_to,FL_to,FL_to,FR_knee,FR_knee,FR_knee,FR,FR,FR,FR_ti,FR_ti,FR_ti,FR_ti1,FR_ti1,FR_ti1,FR_tm,FR_tm,FR_tm,FR_to1,FR_to1,FR_to1,FR_to,FR_to,FR_to,HR_knee,HR_knee,HR_knee,HR,HR,HR,HR_ti,HR_ti,HR_ti,HR_ti1,HR_ti1,HR_ti1,HR_tm,HR_tm,HR_tm,HR_to1,HR_to1,HR_to1,HR_to,HR_to,HR_to,HL_knee,HL_knee,HL_knee,HL,HL,HL,HL_ti,HL_ti,HL_ti,HL_ti1,HL_ti1,HL_ti1,HL_tm,HL_tm,HL_tm,HL_to1,HL_to1,HL_to1,HL_to,HL_to,HL_to
coords,x,y,likelihood,x,y,likelihood,x,y,likelihood,x,y,likelihood,x,y,likelihood,x,y,likelihood,x,y,likelihood,x,y,likelihood,x,y,likelihood,x,y,likelihood,x,y,likelihood,x,y,likelihood,x,y,likelihood,x,y,likelihood,x,y,likelihood,x,y,likelihood,x,y,likelihood,x,y,likelihood,x,y,likelihood,x,y,likelihood,x,y,likelihood,x,y,likelihood,x,y,likelihood,x,y,likelihood,x,y,likelihood,x,y,likelihood,x,y,likelihood,x,y,likelihood,x,y,likelihood,x,y,likelihood,x,y,likelihood,x,y,likelihood,x,y,likelihood,x,y,likelihood,x,y,likelihood,x,y,likelihood,x,y,likelihood,x,y,likelihood
0,476.39361572265625,204.6106414794922,0.9999921321868896,397.51348876953125,204.3784637451172,0.9999964833259583,402.3175964355469,217.54364013671875,0.9999887943267822,396.3993835449219,191.5674591064453,0.9999856948852539,282.4860534667969,184.47366333007812,0.9999998807907104,280.4732666015625,206.09408569335938,0.9999998807907104,341.8636474609375,206.05630493164062,0.9999983310699463,280.3404541015625,194.73504638671875,1.0,212.7891845703125,198.02032470703125,0.9999988079071045,133.20237731933594,208.2157745361328,0.9999998211860657,379.8500061035156,177.1628875732422,0.9999963045120239,391.89599609375,173.13087463378906,0.9999994039535522,393.2061767578125,162.6527862548828,0.9999754428863525,399.5036315917969,165.74978637695312,0.9999943971633911,401.00164794921875,169.31573486328125,0.9999765157699585,400.7144470214844,173.8071746826172,0.999706506729126,397.46746826171875,178.94683837890625,0.6076062321662903,418.5843811035156,235.5540008544922,0.9999415278434753,439.27886962890625,239.489013671875,0.9999980926513672,438.07568359375,249.8026580810547,0.9999666810035706,447.23077392578125,247.3739013671875,0.9999731779098511,449.1689453125,241.15225219726562,0.9999964237213135,447.4232177734375,233.5447235107422,0.9999966621398926,442.4715576171875,231.17982482910156,0.9999951124191284,295.98748779296875,227.52243041992188,0.9999992847442627,287.0838623046875,241.92098999023438,0.9999989867210388,295.9483337402344,237.91357421875,0.8783870339393616,297.64349365234375,243.3075714111328,0.9998810887336731,295.43841552734375,252.2220001220703,0.9999909996986389,285.8489074707031,254.64260864257812,0.9999865293502808,272.5782165527344,242.86468505859375,0.9999980926513672,297.5927734375,158.12249755859375,0.9998751878738403,274.8764343261719,148.12799072265625,0.9999677538871765,428.6833801269531,241.25543212890625,0.008614659309387207,439.4024353027344,246.61630249023438,0.0120944082736969,446.9266052246094,245.74066162109375,0.11998182535171509,273.57269287109375,138.6580047607422,0.3983650207519531,263.3341064453125,141.54843139648438,0.9036890268325806
1,476.8016052246094,206.2620086669922,0.9999946355819702,398.1549072265625,205.2511749267578,0.999992847442627,404.74774169921875,218.6897735595703,0.999932050704956,397.3956298828125,191.56936645507812,0.9999767541885376,283.9134216308594,185.05992126464844,0.9999999403953552,281.0295715332031,207.83331298828125,0.9999997615814209,343.7332763671875,208.45985412597656,0.9999996423721313,282.25921630859375,195.869140625,1.0,213.62306213378906,197.72662353515625,0.9999991655349731,135.10922241210938,208.60968017578125,0.9999998807907104,380.3580017089844,177.85418701171875,0.9999964833259583,391.974853515625,174.53175354003906,0.9999988079071045,393.43658447265625,163.33071899414062,0.9999818801879883,399.44586181640625,167.14759826660156,0.9999967813491821,401.29150390625,170.709716796875,0.9999893307685852,400.74237060546875,175.33465576171875,0.9994748830795288,397.4136047363281,180.4551239013672,0.37731075286865234,419.277099609375,238.2948455810547,0.999982476234436,439.0016174316406,241.1647186279297,0.9999985098838806,437.8617248535156,250.16015625,0.9999678134918213,446.6951599121094,249.40206909179688,0.9999476075172424,448.851318359375,242.71417236328125,0.999996542930603,446.99114990234375,235.62338256835938,0.9999958872795105,442.2535400390625,232.7108154296875,0.9999873638153076,296.29901123046875,229.52346801757812,0.9999992847442627,286.8279724121094,242.3652801513672,0.9999990463256836,295.211181640625,239.16798400878906,0.8011191487312317,297.5155334472656,244.6748504638672,0.999835193157196,295.3512268066406,252.160888671875,0.9999901056289673,285.9300537109375,254.70962524414062,0.9999885559082031,272.6893615722656,243.13113403320312,0.999997615814209,304.3704833984375,161.027587890625,0.9999977946281433,286.8980712890625,145.94943237304688,0.9999902248382568,427.7093505859375,242.12014770507812,0.011679321527481079,298.4697265625,143.29611206054688,0.028204649686813354,295.5121154785156,138.05320739746094,0.9894771575927734,287.3207092285156,135.66917419433594,0.9997289776802063,278.7591247558594,139.9922332763672,0.993707537651062
2,478.8474426269531,205.9316864013672,0.9999946355819702,399.18408203125,205.01992797851562,0.9999961853027344,406.8025207519531,218.18020629882812,0.9998246431350708,398.32623291015625,192.26300048828125,0.9999590516090393,286.3993225097656,184.93405151367188,0.9999999403953552,282.30548095703125,207.60704040527344,0.9999997615814209,344.72686767578125,208.4105682373047,0.9999996423721313,283.82275390625,195.9031982421875,1.0,214.76205444335938,197.48316955566406,0.9999992847442627,136.22463989257812,209.0855255126953,0.9999997615814209,380.79071044921875,177.57545471191406,0.9999964237213135,391.8570861816406,174.89028930664062,0.9999982118606567,393.4134216308594,163.52052307128906,0.9999604225158691,399.4158935546875,167.1729736328125,0.999991238117218,401.1512756347656,171.03041076660156,0.9999622106552124,400.57061767578125,175.89163208007812,0.9957132339477539,398.3013000488281,180.470947265625,0.09537363052368164,418.81658935546875,238.8946533203125,0.9999864101409912,438.9272766113281,241.2725067138672,0.9999985694885254,437.632080078125,250.66009521484375,0.9999677538871765,446.57989501953125,250.0119171142578,0.9999438524246216,448.8013000488281,242.82757568359375,0.9999969005584717,447.2037048339844,235.89370727539062,0.9999951720237732,442.0070495605469,233.07815551757812,0.9999853372573853,296.8222961425781,229.85191345214844,0.9999992847442627,286.9980773925781,242.46681213378906,0.9999989867210388,295.633056640625,239.52774047851562,0.7862386703491211,297.47723388671875,245.01980590820312,0.9998269081115723,295.129150390625,252.3988494873047,0.9999848008155823,285.80120849609375,254.9619903564453,0.9999845027923584,272.63067626953125,243.08853149414062,0.9999970197677612,308.2624816894531,166.06776428222656,0.9999998211860657,296.1075134277344,147.02862548828125,0.9999860525131226,307.1022644042969,148.70004272460938,0.8724242448806763,308.4613037109375,142.25643920898438,0.9997001886367798,304.6993103027344,133.69346618652344,0.9999966621398926,295.9389953613281,130.46043395996094,0.9999961853027344,283.41998291015625,139.7207489013672,0.999966025352478
3,479.11627197265625,206.34088134765625,0.9999979734420776,400.6544494628906,204.90863037109375,0.9999978542327881,408.7192687988281,218.06033325195312,0.9997813701629639,398.743896484375,191.84889221191406,0.9999616742134094,289.65509033203125,185.66429138183594,1.0,284.30902099609375,208.20736694335938,0.9999998807907104,346.4065246582031,208.25331115722656,0.9999998211860657,286.5344543457031,195.97103881835938,1.0,217.49942016601562,196.29183959960938,0.9999991655349731,138.53781127929688,208.71827697753906,0.9999997615814209,381.14483642578125,177.80227661132812,0.9999940991401672,391.6054992675781,174.8212890625,0.9999984502792358,393.0986022949219,163.6312255859375,0.9999394416809082,399.30657958984375,167.2619171142578,0.9999878406524658,400.93017578125,171.14173889160156,0.9999585151672363,400.36480712890625,175.87998962402344,0.995025634765625,398.1118469238281,180.4961395263672,0.10614341497421265,419.0574035644531,239.20205688476562,0.999991774559021,438.7344665527344,240.58151245117188,0.9999977350234985,437.3260803222656,249.9920654296875,0.9999698996543884,445.97186279296875,249.5384521484375,0.9999668598175049,448.6220397949219,242.31878662109375,0.9999980330467224,447.07049560546875,235.95803833007812,0.999996542930603,442.0252685546875,232.98928833007812,0.9999825954437256,297.1885986328125,231.3500518798828,0.9999991655349731,286.6990661621094,242.77891540527344,0.9999991655349731,294.3257751464844,239.41966247558594,0.6312634348869324,297.075439453125,245.82398986816406,0.9997571706771851,294.52398681640625,252.7980194091797,0.999976396560669,285.2735290527344,255.29254150390625,0.9999785423278809,272.2016906738281,243.1188201904297,0.9999974966049194,314.2723388671875,169.4265899658203,0.9999961853027344,305.88555908203125,147.18858337402344,0.9999963045120239,317.43511962890625,149.22952270507812,0.8471925258636475,318.32464599609375,141.69247436523438,0.9981224536895752,314.6617431640625,133.58950805664062,0.9999802112579346,305.5480651855469,130.70950317382812,0.9999982118606567,293.9476318359375,139.099365234375,0.9999971985816956
4,481.0137939453125,206.63607788085938,0.9999995231628418,402.69573974609375,204.68077087402344,0.9999987483024597,410.22650146484375,218.50430297851562,0.9998785257339478,399.9371337890625,191.6333770751953,0.9999676942825317,293.3931884765625,185.97821044921875,1.0,287.3142395019531,207.12705993652344,0.9999998807907104,348.98828125,209.05960083007812,0.9999998807907104,289.4519958496094,195.64649963378906,1.0,219.04248046875,195.91233825683594,0.9999998807907104,142.45021057128906,209.5567169189453,0.9999997615814209,382.7396240234375,178.64334106445312,0.9999901056289673,390.8874206542969,174.48023986816406,0.999999463558197,392.9014587402344,163.29556274414062,0.9999129176139832,398.7847595214844,166.8854522705078,0.9999871850013733,400.3251647949219,170.62347412109375,0.999974250793457,399.8636474609375,175.49853515625,0.995988667011261,397.7022705078125,180.52655029296875,0.057654112577438354,419.15350341796875,238.69239807128906,0.9999961853027344,438.45111083984375,240.16848754882812,0.9999963641166687,437.2080078125,249.63661193847656,0.9999771118164062,445.9326477050781,249.14566040039062,0.9999783635139465,448.77825927734375,241.82505798339844,0.9999975562095642,447.0109558105469,235.7195281982422,0.9999961256980896,441.826904296875,232.572998046875,0.9999842643737793,298.2880554199219,231.78265380859375,0.9999994039535522,286.2481689453125,242.26937866210938,0.9999992847442627,294.297119140625,239.6412811279297,0.42437565326690674,297.06121826171875,244.96099853515625,0.999552845954895,294.4974060058594,252.06356811523438,0.9999796152114868,285.3164367675781,254.76112365722656,0.9999850988388062,272.4009094238281,242.8296356201172,0.9999980330467224,317.8988952636719,171.0327606201172,0.9999992847442627,311.8806457519531,147.810546875,0.999998927116394,322.4176025390625,152.36341857910156,0.630751371383667,324.01641845703125,145.5724639892578,0.9851851463317871,321.0755615234375,136.72482299804688,0.9999869465827942,312.9268798828125,133.91615295410156,0.9999930262565613,299.1240539550781,140.39505004882812,0.9999836087226868
5,483.491943359375,208.39944458007812,0.9999992847442627,404.51806640625,204.17669677734375,0.9999996423721313,411.73431396484375,217.9224395751953,0.9999459981918335,401.8415222167969,190.73373413085938,0.9999904632568359,296.5964050292969,186.7855224609375,0.9999999403953552,288.24908447265625,208.08441162109375,1.0,351.6276550292969,209.8667755126953,0.9999998211860657,291.3714599609375,196.5679931640625,1.0,220.6045684814453,195.71499633789062,0.9999998807907104,145.4436492919922,209.3535919189453,1.0,383.73248291015625,179.38754272460938,0.9999964237213135,390.87664794921875,174.39894104003906,0.9999997615814209,392.8074035644531,163.55470275878906,0.9999567270278931,398.82855224609375,167.1075897216797,0.9999940395355225,400.826416015625,170.97933959960938,0.9999911189079285,399.8221435546875,175.58824157714844,0.9966928958892822,397.14007568359375,180.71554565429688,0.04092445969581604,419.1466064453125,238.3022003173828,0.9999977946281433,438.23388671875,240.34860229492188,0.9999982118606567,437.28045654296875,250.2053680419922,0.9999791383743286,445.6432800292969,249.6334686279297,0.9999744296073914,448.5898742675781,242.2067413330078,0.9999980926513672,446.56878662109375,236.02000427246094,0.9999967813491821,441.479736328125,233.13270568847656,0.9999922513961792,298.56915283203125,232.02076721191406,0.9999991059303284,286.0843811035156,242.24832153320312,0.9999992847442627,293.5697326660156,239.00897216796875,0.22847843170166016,297.08819580078125,244.28048706054688,0.9990367889404297,294.9515075683594,251.23712158203125,0.9999805092811584,285.599609375,254.67413330078125,0.9999822378158569,272.51690673828125,242.77276611328125,0.9999977350234985,320.4027404785156,172.84201049804688,0.9999988079071045,321.82525634765625,151.17010498046875,0.9999809265136719,331.5637512207031,156.47947692871094,0.8286442756652832,334.39605712890625,148.95623779296875,0.07701265811920166,330.44744873046875,141.9864501953125,0.9646463394165039,324.1460266113281,137.63568115234375,0.9978113770484924,310.15643310546875,143.3666534423828,0.998955249786377
6,486.9588317871094,208.308837890625,0.9999991655349731,406.59381103515625,204.19468688964844,0.9999995231628418,414.2525939941406,217.6690673828125,0.9999866485595703,402.6824645996094,192.23529052734375,0.9999935626983643,299.07586669921875,187.06883239746094,0.9999998807907104,291.0538330078125,208.2107391357422,1.0,353.7200622558594,210.23455810546875,0.9999998807907104,293.6506652832031,196.9971923828125,1.0,224.61253356933594,194.71263122558594,0.9999998807907104,148.2678985595703,210.29322814941406,1.0,385.8904724121094,179.4972686767578,0.9999967813491821,391.09722900390625,174.15675354003906,0.9999997019767761,392.2174377441406,163.44573974609375,0.9999325275421143,398.8134765625,166.78610229492188,0.9999808669090271,400.6642761230469,170.7306365966797,0.9999792575836182,399.9898681640625,174.68316650390625,0.9885262846946716,397.9822082519531,179.98779296875,0.02215796709060669,419.05206298828125,238.19992065429688,0.9999977350234985,438.04638671875,240.0018768310547,0.9999979138374329,436.9859619140625,249.4873046875,0.9999825954437256,445.3046569824219,249.2763671875,0.9999776482582092,448.3362121582031,241.94140625,0.999997079372406,446.32244873046875,236.02967834472656,0.9999927282333374,440.9488525390625,232.7790985107422,0.9999843239784241,299.4693298339844,232.32986450195312,0.9999984502792358,286.30377197265625,242.0953826904297,0.9999994039535522,294.00347900390625,238.9022216796875,0.07381105422973633,297.37689208984375,244.29541015625,0.9981651306152344,294.2806091308594,251.08323669433594,0.9999819397926331,285.169921875,254.0569610595703,0.9999902844429016,272.66375732421875,242.12689208984375,0.9999980926513672,324.2342529296875,175.31341552734375,0.999999463558197,334.7560119628906,153.5208740234375,0.9999977946281433,341.8193664550781,159.4264373779297,0.9983247518539429,343.7337646484375,151.60523986816406,0.9155091047286987,341.32763671875,143.48431396484375,0.9997493028640747,334.379150390625,140.28843688964844,0.9998788833618164,319.0556945800781,146.951416015625,0.9996991157531738
7,489.29425048828125,206.6552734375,0.9999974966049194,409.22052001953125,203.5918426513672,0.9999978542327881,416.2167053222656,217.0795135498047,0.9999898672103882,404.47979736328125,191.4692840576172,0.9999905824661255,302.570556640625,186.9786376953125,0.9999998211860657,293.4617004394531,208.0179443359375,1.0,356.0772705078125,210.57911682128906,0.9999998807907104,296.6563720703125,197.02005004882812,1.0,225.09877014160156,194.67605590820312,0.9999998807907104,150.65139770507812,211.44007873535156,1.0,386.9286193847656,178.82594299316406,0.9999983310699463,390.43804931640625,173.69981384277344,0.9999996423721313,391.4435119628906,163.85215759277344,0.9999748468399048,398.4454345703125,167.15203857421875,0.9999855756759644,400.2233581542969,170.9578857421875,0.9999784827232361,399.7312316894531,174.0172576904297,0.9778907299041748,396.8039245605469,179.76373291015625,0.008121460676193237,420.03173828125,238.03842163085938,0.9999989867210388,438.4835510253906,239.88597106933594,0.9999971389770508,437.6624755859375,249.86668395996094,0.9999759197235107,445.33636474609375,248.96832275390625,0.9999701380729675,448.62738037109375,241.9125213623047,0.9999960660934448,446.806884765625,236.18113708496094,0.9999917149543762,440.9627380371094,232.62669372558594,0.9999914169311523,300.2677917480469,232.4625244140625,0.9999990463256836,286.9125061035156,241.97259521484375,0.9999994039535522,294.0090637207031,238.413818359375,0.03411528468132019,297.61956787109375,244.4291534423828,0.997038722038269,294.55474853515625,250.90121459960938,0.999976396560669,285.2584533691406,253.2003631591797,0.999991774559021,272.51202392578125,241.13272094726562,0.9999979138374329,330.6447448730469,175.87930297851562,0.9999919533729553,344.9566650390625,153.4286651611328,0.9999985694885254,351.175537109375,160.82391357421875,0.999865710735321,355.1663818359375,151.87449645996094,0.998950719833374,354.16888427734375,144.57095336914062,0.9999879598617554,346.5,140.6983642578125,0.9999088644981384,330.7213134765625,145.00157165527344,0.9997763633728027
8,492.5785217285156,206.76622009277344,0.9999984502792358,410.11871337890625,203.77207946777344,0.9999982118606567,415.77239990234375,217.47433471679688,0.9999917149543762,406.17724609375,190.9032440185547,0.9999736547470093,303.17572021484375,186.63697814941406,0.9999998807907104,295.3061218261719,207.61590576171875,1.0,357.79974365234375,210.7908477783203,0.9999998807907104,299.2926330566406,196.63522338867188,1.0,225.96090698242188,194.58277893066406,0.9999998807907104,152.2943572998047,212.055419921875,0.9999998807907104,387.9266662597656,177.7682342529297,0.9999955892562866,389.83404541015625,173.34182739257812,0.999992847442627,392.59405517578125,163.40264892578125,0.9999268054962158,398.948974609375,167.68588256835938,0.999934732913971,400.67681884765625,170.96205139160156,0.9998327493667603,399.9269714355469,173.53089904785156,0.7170583605766296,372.8923645019531,168.0858917236328,0.003180861473083496,420.65252685546875,237.6061553955078,0.999999463558197,438.52972412109375,239.26571655273438,0.9999954700469971,437.6316223144531,249.33013916015625,0.9999678730964661,445.56292724609375,248.17665100097656,0.9999837875366211,448.9227600097656,241.23184204101562,0.999996542930603,447.02154541015625,235.6909637451172,0.9999934434890747,440.9130554199219,232.258056640625,0.9999924898147583,301.4553527832031,232.3357391357422,0.9999994039535522,287.1839599609375,241.4270782470703,0.999998927116394,355.47882080078125,150.95094299316406,0.006260037422180176,297.77593994140625,243.56845092773438,0.986937940120697,294.9702453613281,250.18307495117188,0.9999604225158691,285.50128173828125,251.78187561035156,0.9999922513961792,272.7982177734375,240.7661590576172,0.9999973177909851,332.7037658691406,176.37445068359375,0.999988317489624,355.2667236328125,155.38528442382812,0.9999995231628418,360.6881408691406,163.95082092285156,0.9999861717224121,367.1351623535156,156.1059112548828,0.9999792575836182,366.9817810058594,148.05685424804688,0.9999980926513672,358.739013671875,142.08474731445312,0.9999802708625793,339.8702087402344,148.0476531982422,0.9999939203262329
9,494.6465148925781,206.58993530273438,0.999998927116394,411.4013977050781,203.2581329345703,0.9999982118606567,417.83251953125,216.69508361816406,0.9999977946281433,407.8294677734375,190.43186950683594,0.9999858140945435,306.2673034667969,187.1934814453125,1.0,297.83282470703125,206.9237518310547,0.9999998211860657,360.6438903808594,211.77371215820312,0.9999992847442627,302.27728271484375,196.4426727294922,1.0,228.51583862304688,194.8109130859375,1.0,153.8956298828125,211.71249389648438,0.9999998211860657,389.52691650390625,177.74530029296875,0.9999905824661255,389.51190185546875,173.16873168945312,0.9999762773513794,391.9249572753906,163.46847534179688,0.9996881484985352,398.8259582519531,167.2429962158203,0.9999022483825684,400.6963195800781,170.6748504638672,0.999721109867096,399.7744445800781,173.97845458984375,0.6249908208847046,395.435302734375,180.67593383789062,0.01206699013710022,421.878662109375,237.16732788085938,0.9999994039535522,439.2621154785156,240.35629272460938,0.9999929666519165,438.3338928222656,249.29244995117188,0.9999174475669861,446.1029052734375,247.46717834472656,0.9999731779098511,449.6763610839844,240.73001098632812,0.9999932646751404,447.2815856933594,234.94720458984375,0.9999921321868896,441.0349426269531,231.53135681152344,0.9999954700469971,302.30645751953125,232.06707763671875,0.9999994039535522,287.6384582519531,240.6968536376953,0.9999988079071045,358.32891845703125,152.06488037109375,0.008974134922027588,297.6947326660156,243.03973388671875,0.977481484413147,294.4267578125,250.13681030273438,0.9999663233757019,285.0561218261719,251.7465057373047,0.9999945163726807,272.0808410644531,239.2486572265625,0.9999982118606567,334.0684509277344,175.7259063720703,0.9999918341636658,359.3977966308594,156.44818115234375,0.9999987483024597,362.6954650878906,164.18170166015625,0.9999919533729553,369.7313232421875,157.00286865234375,0.9999945163726807,370.20806884765625,149.1097869873047,0.9999995231628418,361.9378967285156,142.5185089111328,0.99991774559021,344.32763671875,148.7630157470703,0.9999839067459106
10,497.3934020996094,205.80841064453125,0.9999998807907104,414.1584777832031,202.48126220703125,0.9999980926513672,420.2480773925781,215.99432373046875,0.9999996423721313,412.0920104980469,189.6262664794922,0.9999808669090271,308.066650390625,187.36553955078125,1.0,298.9635314941406,207.02874755859375,0.9999998807907104,362.9817810058594,211.3845672607422,0.9999995827674866,303.5486145019531,196.54644775390625,1.0,229.66293334960938,194.8149871826172,0.9999999403953552,155.35366821289062,211.5420379638672,0.9999997615814209,391.8210754394531,178.36441040039062,0.999976396560669,390.72344970703125,173.94976806640625,0.999981701374054,391.9560852050781,164.6930389404297,0.9988449811935425,398.900146484375,167.82534790039062,0.9994755983352661,401.5131530761719,171.10287475585938,0.9988237619400024,401.0110168457031,174.16444396972656,0.1359192430973053,395.9659729003906,181.00486755371094,0.017876118421554565,421.47686767578125,236.4368438720703,0.9999996423721313,438.92266845703125,239.50241088867188,0.9999935626983643,437.9464111328125,249.31570434570312,0.9999197721481323,445.70733642578125,247.0050506591797,0.9999737739562988,450.0695495605469,240.15646362304688,0.9999920129776001,447.59912109375,233.7402801513672,0.9999949336051941,439.9852294921875,230.35289001464844,0.9999969005584717,300.9997863769531,232.087158203125,0.9999974966049194,287.6935119628906,241.01800537109375,0.9999987483024597,451.2209777832031,236.2245330810547,0.00415802001953125,297.7079162597656,243.37905883789062,0.9873343110084534,294.2620544433594,250.53790283203125,0.9999792575836182,285.1500549316406,252.29388427734375,0.9999960660934448,272.99615478515625,239.65101623535156,0.9999990463256836,337.5236511230469,176.13031005859375,0.999995231628418,358.9886169433594,156.46759033203125,0.9999996423721313,363.14935302734375,164.50204467773438,0.9999988079071045,370.4105224609375,157.1572723388672,0.9999980926513672,370.6506042480469,148.61697387695312,0.9999998807907104,362.07562255859375,142.3731689453125,0.9999626874923706,344.8624267578125,148.7230987548828,0.9999945163726807
11,499.29327392578125,206.11334228515625,0.9999998807907104,415.6867980957031,202.36557006835938,0.9999988079071045,421.9143371582031,215.83526611328125,0.9999994039535522,413.73223876953125,189.7256317138672,0.9999780058860779,309.6606140136719,188.35626220703125,0.9999999403953552,300.4369812011719,207.88088989257812,0.9999998807907104,365.40472412109375,211.91748046875,0.9999996423721313,305.33941650390625,197.39511108398438,1.0,232.29444885253906,194.8140106201172,0.9999999403953552,157.25253295898438,211.45606994628906,0.9999997615814209,393.49273681640625,179.1912841796875,0.9999767541885376,391.22808837890625,174.37286376953125,0.9999767541885376,392.5880432128906,165.4360809326172,0.9990091323852539,399.4241638183594,168.48492431640625,0.9991739988327026,402.05706787109375,171.71002197265625,0.9980918169021606,401.5552978515625,174.32720947265625,0.05635598301887512,372.24627685546875,172.65802001953125,0.023576468229293823,422.1501770019531,235.93385314941406,0.9999991655349731,438.7351989746094,239.50755310058594,0.9999874830245972,437.5954284667969,249.34410095214844,0.9998020529747009,445.10394287109375,246.79489135742188,0.9999382495880127,450.12823486328125,240.84300231933594,0.9999868869781494,447.7148132324219,234.02719116210938,0.9999936819076538,439.3580627441406,230.09219360351562,0.999995231628418,301.0892639160156,233.19070434570312,0.9999961853027344,287.6248779296875,240.16537475585938,0.9999984502792358,450.983642578125,236.56724548339844,0.003235459327697754,297.51739501953125,243.6425323486328,0.8051997423171997,294.8003234863281,250.2297821044922,0.999931812286377,285.66290283203125,252.18357849121094,0.9999939799308777,271.8284606933594,238.70143127441406,0.9999988079071045,338.1388244628906,177.48419189453125,0.9999983906745911,358.3301086425781,157.13082885742188,0.9999996423721313,363.0923767089844,164.95286560058594,0.9999996423721313,370.2897644042969,157.37367248535156,0.9999991059303284,370.0675048828125,148.36732482910156,0.9999997615814209,361.4613342285156,142.13990783691406,0.9999668002128601,343.0876770019531,149.08763122558594,0.999995768070221
12,501.622802734375,206.47503662109375,0.9999998807907104,418.037353515625,202.81890869140625,0.9999997615814209,423.572509765625,216.0980224609375,0.9999996423721313,415.5033874511719,189.93646240234375,0.9999756813049316,312.1324462890625,189.1041717529297,0.9999998807907104,301.93133544921875,209.41099548339844,1.0,367.69500732421875,212.32452392578125,0.9999995827674866,307.22283935546875,199.0940399169922,1.0,236.31787109375,195.17576599121094,0.9999998807907104,159.56622314453125,210.79156494140625,0.9999998211860657,395.4644470214844,179.55601501464844,0.9999864101409912,391.55841064453125,174.23252868652344,0.9999872446060181,391.5550537109375,164.441162109375,0.9994961619377136,399.5167236328125,168.75048828125,0.9989278316497803,402.1324157714844,171.8712158203125,0.9975038766860962,401.8462829589844,174.55442810058594,0.016825169324874878,389.1906433105469,178.26141357421875,0.010141223669052124,422.73876953125,236.0684051513672,0.9999997615814209,438.884033203125,240.2076873779297,0.9999865293502808,438.091796875,249.9750213623047,0.9999063014984131,445.46563720703125,247.48597717285156,0.9999374151229858,450.1243896484375,241.1514434814453,0.9999910593032837,447.8612976074219,234.6658477783203,0.9999963045120239,439.09649658203125,231.0382843017578,0.9999971389770508,302.0469055175781,232.96990966796875,0.9999969005584717,287.9382019042969,240.25827026367188,0.9999982118606567,451.2225036621094,237.12539672851562,0.0034612417221069336,297.4084777832031,244.2627716064453,0.6839578151702881,294.0594787597656,250.43179321289062,0.9999536871910095,285.4205017089844,251.70948791503906,0.9999951124191284,272.4442138671875,238.06040954589844,0.9999992847442627,339.5663757324219,177.77699279785156,0.9999991655349731,357.96710205078125,156.80111694335938,0.9999996423721313,363.6087646484375,165.0009002685547,0.9999997019767761,370.3749084472656,157.13406372070312,0.9999992251396179,370.1883239746094,148.14111328125,0.9999998807907104,361.54083251953125,142.20904541015625,0.999974250793457,342.9962463378906,148.84144592285156,0.9999970197677612
13,504.55047607421875,206.05010986328125,0.9999997019767761,420.2320251464844,202.5754852294922,0.9999997019767761,424.7478332519531,216.21221923828125,0.9999986290931702,416.1057434082031,190.3982391357422,0.999983012676239,312.8093566894531,189.84716796875,0.9999998807907104,303.360107421875,209.717041015625,1.0,369.941650390625,211.57363891601562,0.9999995231628418,308.3207702636719,199.28192138671875,1.0,238.2222900390625,195.524169921875,0.9999997615814209,160.76597595214844,210.94424438476562,0.9999999403953552,394.45135498046875,177.611328125,0.9999868869781494,391.6945495605469,173.0876007080078,0.9999876618385315,390.9578857421875,163.8174591064453,0.9995343089103699,399.3995056152344,167.67262268066406,0.9978979229927063,402.0082702636719,170.61895751953125,0.9957571625709534,400.90325927734375,176.06643676757812,0.007308542728424072,389.4553527832031,177.75588989257812,0.00821349024772644,422.89300537109375,235.6045379638672,0.9999994039535522,438.4208679199219,240.23928833007812,0.9999801516532898,437.4200439453125,249.65176391601562,0.9996875524520874,444.56689453125,247.05764770507812,0.9999024868011475,450.1435852050781,241.72409057617188,0.9999783039093018,447.30322265625,234.51129150390625,0.9999924898147583,438.3876647949219,231.13174438476562,0.9999926090240479,302.7646484375,233.48104858398438,0.9999971389770508,287.81982421875,239.9437713623047,0.9999988079071045,450.2989807128906,237.25125122070312,0.004172682762145996,297.1171569824219,244.6384735107422,0.712051272392273,293.5606689453125,250.23699951171875,0.9999711513519287,285.16644287109375,251.48538208007812,0.9999971389770508,272.3587646484375,238.3201904296875,0.9999994039535522,340.95947265625,178.2150421142578,0.9999992251396179,358.18536376953125,156.74655151367188,0.9999997615814209,364.1497497558594,165.14630126953125,0.9999997615814209,370.43359375,157.01321411132812,0.9999994039535522,370.2181396484375,147.85678100585938,0.9999999403953552,361.33441162109375,141.8460235595703,0.9999810457229614,343.2850341796875,148.8787078857422,0.9999975562095642
14,505.9670715332031,206.7191162109375,0.9999997019767761,421.5917663574219,202.8406982421875,0.9999996423721313,425.88232421875,216.71002197265625,0.9999989867210388,416.63446044921875,189.13803100585938,0.9999926090240479,315.47955322265625,190.32687377929688,0.9999998807907104,305.3250732421875,210.15966796875,1.0,371.7629089355469,212.59152221679688,0.9999998807907104,310.4997863769531,200.0653839111328,1.0,241.1033172607422,195.91310119628906,0.9999998807907104,160.9138641357422,210.4187469482422,0.9999999403953552,396.56622314453125,177.75875854492188,0.9999989867210388,393.06243896484375,172.15455627441406,0.999985933303833,393.6698303222656,162.7574462890625,0.9998303651809692,401.6535949707031,166.2952423095703,0.999770998954773,403.62139892578125,170.1112823486328,0.9968016147613525,402.462158203125,175.568603515625,0.007766604423522949,389.704345703125,177.22836303710938,0.0037609338760375977,423.0747375488281,234.90301513671875,0.9999996423721313,438.2514953613281,239.77333068847656,0.9999871253967285,437.2884521484375,249.64743041992188,0.9997909665107727,444.4862976074219,247.0991668701172,0.9999159574508667,449.9855651855469,241.18832397460938,0.9999871850013733,447.4659423828125,234.91619873046875,0.9999955296516418,438.3766784667969,231.2919158935547,0.9999922513961792,302.9190673828125,234.01441955566406,0.999998152256012,287.7410583496094,239.44833374023438,0.9999991655349731,450.2392883300781,237.45025634765625,0.004640311002731323,296.8106384277344,244.51022338867188,0.3552335500717163,293.7724914550781,249.76177978515625,0.999954104423523,285.4990234375,251.70150756835938,0.9999949336051941,272.13311767578125,237.86021423339844,0.9999992847442627,343.28826904296875,178.95098876953125,0.9999979138374329,358.2539367675781,157.18276977539062,0.9999997615814209,364.6943054199219,165.57627868652344,0.9999997019767761,370.5508728027344,157.512939453125,0.9999984502792358,370.56719970703125,147.72463989257812,0.9999997615814209,361.7959289550781,141.8953399658203,0.9999813437461853,344.0629577636719,148.73939514160156,0.9999977350234985
15,507.9990539550781,207.21490478515625,0.9999995827674866,423.0874938964844,203.18714904785156,0.9999996423721313,426.7358093261719,217.2479248046875,0.9999989867210388,418.6394958496094,189.19635009765625,0.9999974966049194,317.2349548339844,191.10247802734375,0.9999998807907104,307.6428527832031,211.45977783203125,1.0,373.4362487792969,212.59017944335938,0.9999998807907104,312.76123046875,201.0145263671875,1.0,241.8207550048828,196.24044799804688,0.9999998807907104,161.9038848876953,210.33682250976562,1.0,398.3741455078125,177.8691864013672,0.9999996423721313,394.43109130859375,171.92942810058594,0.9999645352363586,393.8785705566406,163.22311401367188,0.9996997117996216,402.2485656738281,166.68148803710938,0.9985427856445312,403.8663635253906,169.4089813232422,0.9914854168891907,403.3992004394531,174.9269561767578,0.004030972719192505,398.12738037109375,180.8700408935547,0.0014102458953857422,423.55419921875,234.7467803955078,0.9999996423721313,438.4162292480469,239.95193481445312,0.9999778270721436,437.723876953125,249.71640014648438,0.9998316168785095,445.00189208984375,247.1932373046875,0.9999293088912964,450.4004821777344,241.20834350585938,0.9999906420707703,447.82281494140625,235.18247985839844,0.9999958276748657,438.9219665527344,231.5255889892578,0.9999877214431763,303.226806640625,235.0457305908203,0.9999994039535522,287.9499206542969,239.78819274902344,0.9999994039535522,450.570556640625,237.5161590576172,0.0030447840690612793,297.13800048828125,245.3497772216797,0.49475178122520447,294.1529235839844,250.37889099121094,0.9999445676803589,285.2304992675781,251.9882049560547,0.9999926090240479,272.4244384765625,238.41236877441406,0.9999982714653015,344.504150390625,179.74545288085938,0.9999980926513672,358.1254577636719,157.71337890625,0.9999997019767761,364.3625793457031,165.95986938476562,0.9999996423721313,370.6224365234375,158.2648162841797,0.9999985694885254,370.81829833984375,148.34432983398438,0.9999998807907104,362.1927490234375,142.25997924804688,0.999979555606842,344.25701904296875,148.96673583984375,0.9999973773956299
16,508.96917724609375,207.09205627441406,0.9999995827674866,424.59326171875,203.18756103515625,0.9999997615814209,427.4644470214844,217.7985076904297,0.9999992847442627,419.5468444824219,189.47866821289062,0.9999977350234985,318.5135803222656,191.69381713867188,0.9999998807907104,309.5196533203125,212.84718322753906,1.0,374.6868591308594,212.03245544433594,0.9999995827674866,313.42388916015625,201.61102294921875,1.0,243.106201171875,196.6777801513672,0.9999998807907104,162.40841674804688,210.80332946777344,1.0,399.3582458496094,177.681884765625,0.9999995231628418,395.2909851074219,171.48399353027344,0.9999585151672363,394.5887145996094,163.2067413330078,0.999733567237854,402.9546813964844,166.55885314941406,0.9981245994567871,404.2969055175781,169.29519653320312,0.9898465871810913,403.8568115234375,174.71652221679688,0.002834409475326538,397.9196472167969,180.61659240722656,0.0033991634845733643,423.3030700683594,234.59469604492188,0.9999996423721313,438.1233825683594,239.6580047607422,0.9999761581420898,437.7431335449219,249.4705047607422,0.9999253749847412,445.1726379394531,247.3991241455078,0.9999633431434631,450.3218688964844,241.45840454101562,0.9999942779541016,447.54461669921875,235.4708709716797,0.9999946355819702,438.9797058105469,232.14321899414062,0.9999858140945435,303.37188720703125,236.52223205566406,0.9999994039535522,287.7096862792969,239.89039611816406,0.9999996423721313,450.1302490234375,237.431396484375,0.0034246742725372314,296.4321594238281,245.0914764404297,0.041909635066986084,294.4063415527344,249.90179443359375,0.9998876452445984,285.4661560058594,252.1011962890625,0.9999927878379822,272.82989501953125,239.8888397216797,0.9999974966049194,344.981201171875,179.7878875732422,0.9999980926513672,358.0322265625,158.132568359375,0.9999998807907104,364.6995849609375,166.07083129882812,0.9999995231628418,370.3997802734375,158.51837158203125,0.9999991655349731,370.3623962402344,148.355712890625,0.9999998807907104,362.0851135253906,142.3550262451172,0.999981164932251,344.08636474609375,149.37673950195312,0.999996542930603
17,510.602294921875,208.04159545898438,0.9999997615814209,424.1990661621094,203.86578369140625,0.9999998807907104,428.03173828125,217.70233154296875,0.9999992847442627,419.8430480957031,189.40809631347656,0.9999979138374329,319.5929870605469,191.59812927246094,0.9999998807907104,310.68438720703125,213.03465270996094,1.0,375.7996520996094,212.30198669433594,0.9999987483024597,314.1364440917969,201.84197998046875,1.0,243.31906127929688,197.98147583007812,0.9999998807907104,161.51626586914062,210.8635711669922,1.0,400.2037353515625,177.08038330078125,0.9999997615814209,394.44012451171875,171.170166015625,0.9999382495880127,392.120361328125,161.7292938232422,0.9996998310089111,402.2129821777344,164.925537109375,0.9977308511734009,403.0628662109375,169.6654510498047,0.993223249912262,402.5163879394531,173.125732421875,0.004701703786849976,398.27838134765625,180.21009826660156,0.011421501636505127,423.8833312988281,234.31314086914062,0.9999994039535522,438.2869873046875,239.92088317871094,0.9999712705612183,437.5450744628906,249.73179626464844,0.9999113082885742,445.1982727050781,247.61544799804688,0.999955415725708,450.39202880859375,241.46446228027344,0.999994158744812,447.4493713378906,235.14854431152344,0.999995231628418,438.8966369628906,232.14736938476562,0.9999853372573853,303.51751708984375,236.66439819335938,0.9999994039535522,287.6116943359375,239.70167541503906,0.9999996423721313,284.158935546875,232.18392944335938,0.0037138760089874268,295.84381103515625,245.33926391601562,0.036005645990371704,294.16693115234375,249.84300231933594,0.9998762011528015,285.166015625,251.9573211669922,0.9999910593032837,272.2121276855469,239.7069854736328,0.999996542930603,345.9858703613281,179.90731811523438,0.9999986886978149,358.0790100097656,158.4707489013672,0.9999997615814209,364.81390380859375,166.33877563476562,0.9999992251396179,370.33587646484375,158.92706298828125,0.9999989867210388,370.189453125,148.59945678710938,0.9999997615814209,362.0617980957031,142.39244079589844,0.9999790191650391,343.9051818847656,149.6307373046875,0.9999969005584717
18,513.06640625,208.50086975097656,1.0,425.084716796875,204.2943115234375,0.9999998807907104,428.8531494140625,218.1563720703125,0.9999997615814209,422.1650390625,189.33168029785156,0.9999984502792358,321.2976989746094,191.80665588378906,0.9999999403953552,312.08575439453125,213.31996154785156,1.0,377.07550048828125,210.6337432861328,0.9999991655349731,316.2089538574219,201.9736328125,1.0,245.10911560058594,198.6393280029297,1.0,162.97921752929688,211.61346435546875,1.0,403.7821044921875,177.05441284179688,0.9999997615814209,395.7700500488281,171.05809020996094,0.9998753666877747,393.7284240722656,162.66363525390625,0.997197151184082,403.6689147949219,164.85069274902344,0.8945838212966919,405.2827453613281,167.83827209472656,0.7665055990219116,279.1937255859375,231.52474975585938,0.0014002621173858643,398.9490966796875,180.3734588623047,0.007541239261627197,423.7535705566406,233.87643432617188,0.9999997019767761,438.5741882324219,239.2841033935547,0.9999861121177673,437.60296630859375,250.15948486328125,0.9999656677246094,445.3101806640625,248.08108520507812,0.999971866607666,450.20452880859375,242.0824737548828,0.9999967813491821,447.399658203125,235.88031005859375,0.999991774559021,439.3207092285156,232.4467010498047,0.9999432563781738,303.7671813964844,236.60128784179688,0.9999996423721313,287.50042724609375,239.81094360351562,0.9999997615814209,284.0453796386719,232.34591674804688,0.0024789273738861084,295.1226501464844,244.20223999023438,0.04068845510482788,294.37640380859375,249.92042541503906,0.9997801780700684,285.2592468261719,252.14927673339844,0.9999823570251465,272.5422668457031,240.01893615722656,0.9999945163726807,347.24774169921875,179.86276245117188,0.9999992847442627,357.9305725097656,158.8795623779297,0.9999997615814209,364.9079284667969,166.25335693359375,0.9999994039535522,370.12335205078125,158.9209747314453,0.9999994039535522,369.87982177734375,148.5653533935547,0.9999998807907104,361.74530029296875,142.3955841064453,0.9999810457229614,344.2351379394531,149.63983154296875,0.9999969005584717
19,515.9468994140625,210.6805877685547,1.0,428.1620178222656,204.23056030273438,1.0,431.0068054199219,217.99986267089844,0.9999997615814209,426.03070068359375,189.71022033691406,0.9999963045120239,322.1876220703125,191.67420959472656,1.0,312.9379577636719,213.2357635498047,1.0,378.5206604003906,209.89427185058594,0.9999991059303284,317.12005615234375,202.6504669189453,1.0,246.9612579345703,198.89613342285156,0.9999997615814209,165.81471252441406,212.85589599609375,0.9999998211860657,408.51495361328125,177.26028442382812,0.9999996423721313,399.14752197265625,170.19444274902344,0.9996284246444702,397.3777160644531,162.47030639648438,0.9982036352157593,407.2386169433594,164.1886444091797,0.7065927982330322,409.330078125,167.95147705078125,0.43460896611213684,278.7021179199219,231.50526428222656,0.001727074384689331,401.5639343261719,180.03640747070312,0.0035781264305114746,423.58367919921875,233.5900115966797,0.9999997615814209,438.86187744140625,239.46067810058594,0.9999887943267822,437.65753173828125,250.1998748779297,0.9999819397926331,445.4530334472656,248.2545928955078,0.9999831318855286,450.5646057128906,242.205810546875,0.9999970197677612,447.8321228027344,235.69107055664062,0.9999950528144836,439.7115173339844,232.23831176757812,0.9999262690544128,304.2267150878906,236.2100067138672,0.9999997019767761,287.772705078125,239.60113525390625,0.9999997615814209,284.0939025878906,232.28746032714844,0.0031955838203430176,295.270263671875,243.951416015625,0.04580187797546387,294.519775390625,250.02786254882812,0.9997948408126831,285.1208190917969,252.21133422851562,0.9999810457229614,272.3489074707031,239.8663787841797,0.9999942779541016,347.92510986328125,179.4308624267578,0.9999995231628418,357.8385009765625,158.8193359375,0.9999998807907104,365.291748046875,165.76364135742188,0.9999994039535522,370.0914306640625,158.33177185058594,0.9999992847442627,369.74310302734375,148.24789428710938,0.9999998807907104,362.5162048339844,142.8546905517578,0.9999884366989136,343.9471740722656,149.53636169433594,0.9999978542327881
20,518.1913452148438,212.33010864257812,1.0,430.8716125488281,204.1800079345703,0.9999998807907104,431.2840576171875,218.81304931640625,0.9999997615814209,430.0147705078125,190.00216674804688,0.9999966621398926,323.996826171875,192.25108337402344,1.0,315.326416015625,212.6182403564453,1.0,379.9898986816406,208.9048614501953,0.9999998807907104,318.97894287109375,202.30191040039062,1.0,249.8517608642578,198.26661682128906,0.9999996423721313,165.6444549560547,212.8151397705078,0.9999997615814209,412.43084716796875,176.7332000732422,0.9999949932098389,404.66461181640625,167.55828857421875,0.9996882081031799,398.1694030761719,158.4534149169922,0.9986666440963745,406.38201904296875,159.49960327148438,0.5731854438781738,411.4272766113281,164.4344940185547,0.3264849781990051,278.1220703125,231.21287536621094,0.0027874410152435303,414.06207275390625,176.26632690429688,0.0005192756652832031,423.4040832519531,233.28236389160156,0.9999996423721313,438.39031982421875,239.77743530273438,0.9999852776527405,436.710693359375,250.08273315429688,0.9999776482582092,445.33685302734375,248.143798828125,0.9999755024909973,450.164794921875,242.30007934570312,0.9999947547912598,447.24822998046875,235.60824584960938,0.9999915361404419,439.4053039550781,232.49900817871094,0.9998248815536499,305.5202331542969,235.14524841308594,0.9999998211860657,288.4805908203125,239.13510131835938,0.9999997615814209,283.65045166015625,232.43797302246094,0.007885217666625977,295.02459716796875,244.62692260742188,0.23298588395118713,294.25341796875,250.16128540039062,0.9998246431350708,284.68426513671875,251.54209899902344,0.9999736547470093,271.3888244628906,238.23626708984375,0.9999914169311523,348.6877746582031,180.04620361328125,0.9999995827674866,357.8227233886719,159.12229919433594,0.9999998807907104,365.3683166503906,165.52261352539062,0.9999992847442627,370.2015380859375,158.3529510498047,0.9999992847442627,369.5118713378906,147.84974670410156,0.9999998807907104,362.2532958984375,142.88525390625,0.9999834895133972,344.0419616699219,150.21746826171875,0.9999966025352478
21,521.3148193359375,214.6999053955078,0.9999998807907104,432.78607177734375,205.1876220703125,1.0,432.8663330078125,219.10118103027344,0.9999998807907104,433.62225341796875,191.3224334716797,0.9999994039535522,326.94732666015625,192.96397399902344,1.0,318.61077880859375,213.41966247558594,0.9999998807907104,381.9737243652344,208.44598388671875,0.9999998807907104,321.90850830078125,202.72909545898438,1.0,251.56724548339844,197.95379638671875,0.9999996423721313,167.8208465576172,212.55421447753906,0.9999985694885254,419.0477600097656,177.23175048828125,0.999999463558197,409.2685852050781,166.7809600830078,0.988959789276123,403.8348083496094,161.9958953857422,0.9523455500602722,402.53436279296875,158.10302734375,0.01730474829673767,419.0235595703125,165.8467559814453,0.0517294704914093,278.2844543457031,230.63182067871094,0.004071474075317383,416.02783203125,176.5199737548828,0.0004921853542327881,423.6660461425781,232.94757080078125,0.9999996423721313,437.9642333984375,239.54063415527344,0.9999859929084778,436.0697937011719,249.59645080566406,0.9999809861183167,445.3839111328125,248.13734436035156,0.9999793767929077,450.2421875,242.3196258544922,0.9999939203262329,446.840576171875,235.67715454101562,0.9999850392341614,439.7395324707031,232.80677795410156,0.9997198581695557,306.2434387207031,233.7637481689453,0.9999997615814209,288.93218994140625,238.78146362304688,0.9999996423721313,283.7943420410156,232.36619567871094,0.012865573167800903,295.03173828125,245.47177124023438,0.5767331123352051,294.4156799316406,250.77561950683594,0.9998372793197632,284.5305480957031,251.19374084472656,0.9999643564224243,271.3916931152344,237.28538513183594,0.9999892115592957,350.0622863769531,180.2789306640625,0.9999997615814209,357.17578125,159.39202880859375,0.9999998807907104,365.7665710449219,165.54017639160156,0.9999991655349731,369.83734130859375,158.1575469970703,0.9999990463256836,368.9598693847656,147.59527587890625,0.9999999403953552,361.7862548828125,143.20314025878906,0.9999884963035583,344.3060302734375,150.13722229003906,0.9999980926513672
22,522.6929321289062,215.63966369628906,0.9999999403953552,433.6724548339844,206.4855194091797,1.0,433.53228759765625,219.4434051513672,0.9999997615814209,435.8172302246094,192.0109100341797,0.9999985098838806,328.7071228027344,192.7265625,0.9999999403953552,320.1919250488281,212.69180297851562,1.0,384.0640869140625,207.42640686035156,0.9999995231628418,323.8203125,202.5596466064453,1.0,254.07186889648438,198.08929443359375,0.9999992847442627,172.04161071777344,211.54266357421875,0.9999994039535522,421.1268005371094,177.48422241210938,0.9999989867210388,416.1290588378906,169.6702423095703,0.974571704864502,407.40142822265625,163.24188232421875,0.5397095680236816,421.4372863769531,163.6956024169922,0.0026335716247558594,273.608154296875,243.9257049560547,0.012073367834091187,278.1040954589844,230.72816467285156,0.009496837854385376,416.58197021484375,178.27293395996094,0.0002048015594482422,424.2294921875,234.03939819335938,0.9999995231628418,438.3391418457031,239.933349609375,0.999984085559845,436.2144775390625,249.6471710205078,0.999972403049469,444.8021240234375,248.17198181152344,0.9999710917472839,450.34930419921875,242.8032989501953,0.9999873042106628,446.7298278808594,236.29437255859375,0.9999744296073914,440.388427734375,233.07618713378906,0.9990487098693848,307.1792297363281,233.17535400390625,0.9999991655349731,289.4410400390625,238.681884765625,0.9999992847442627,283.6363830566406,233.33978271484375,0.040532320737838745,294.6651916503906,245.69444274902344,0.803512692451477,294.1739501953125,250.79913330078125,0.9999115467071533,284.4226379394531,250.57154846191406,0.9999732971191406,271.1473693847656,237.1675567626953,0.9999839067459106,351.4364013671875,179.85423278808594,0.9999998211860657,356.7679443359375,159.51893615722656,0.9999998807907104,365.61553955078125,165.5516815185547,0.999999463558197,369.476806640625,157.7499237060547,0.9999994039535522,368.7801818847656,147.25466918945312,0.9999998807907104,361.60595703125,143.1677703857422,0.999988853931427,344.4223937988281,150.01426696777344,0.9999986290931702
23,523.9056396484375,216.99778747558594,0.9999995827674866,436.07427978515625,207.44512939453125,1.0,435.2677307128906,220.40992736816406,1.0,439.25714111328125,192.49461364746094,0.9999983310699463,330.4839172363281,192.92201232910156,0.9999999403953552,322.0788269042969,213.11001586914062,1.0,385.9993591308594,206.82672119140625,0.9999983906745911,326.5566711425781,203.14520263671875,1.0,254.91098022460938,198.5043487548828,0.9999992847442627,173.3960418701172,211.27725219726562,0.9999990463256836,424.1025085449219,177.57337951660156,0.9999940395355225,415.8606872558594,169.72085571289062,0.3630715012550354,411.3596496582031,163.96681213378906,0.030450940132141113,373.7080078125,149.11282348632812,0.00403556227684021,273.0722351074219,244.41055297851562,0.028720229864120483,277.9060974121094,231.34368896484375,0.024758636951446533,525.3623657226562,214.3931427001953,0.00012674927711486816,424.161865234375,233.54876708984375,0.9999998807907104,438.2731628417969,239.8837432861328,0.9999877214431763,436.39337158203125,249.66253662109375,0.9999933242797852,444.92352294921875,248.31410217285156,0.9999899864196777,450.6297302246094,243.75827026367188,0.9999972581863403,447.3709411621094,237.23001098632812,0.9999784231185913,442.316650390625,232.10641479492188,0.9914567470550537,308.1069030761719,232.90029907226562,0.9999982714653015,289.738525390625,239.22784423828125,0.9999990463256836,285.6582946777344,233.8410186767578,0.07934504747390747,294.5948181152344,246.552490234375,0.8847304582595825,293.6151428222656,251.88710021972656,0.9998528957366943,283.4878845214844,250.5200958251953,0.9999573230743408,271.3814697265625,238.08331298828125,0.9999811053276062,352.2422180175781,179.62640380859375,0.9999998807907104,356.9940490722656,160.19207763671875,0.9999998807907104,365.9136047363281,165.4301300048828,0.999999463558197,369.6759033203125,157.43783569335938,0.999999463558197,368.7953796386719,147.4073486328125,0.9999998807907104,361.23388671875,142.4119415283203,0.9999878406524658,345.48846435546875,149.87347412109375,0.9999985694885254
24,524.5869750976562,217.87606811523438,0.999998927116394,439.04364013671875,206.75230407714844,0.9999998807907104,437.3426818847656,220.1527099609375,0.9999999403953552,442.70025634765625,192.7133026123047,0.9999970197677612,332.21966552734375,193.03387451171875,0.9999999403953552,324.69451904296875,213.3686065673828,1.0,388.7635803222656,205.3998260498047,0.9999995231628418,328.14190673828125,203.43663024902344,0.9999998807907104,256.59027099609375,198.85105895996094,0.999997615814209,175.2498321533203,210.65411376953125,0.9999984502792358,431.50079345703125,176.72938537597656,0.9999943971633911,429.64141845703125,169.85459899902344,0.21981245279312134,418.8760070800781,163.93222045898438,0.010197550058364868,284.2937927246094,254.6034698486328,0.006331980228424072,273.2570495605469,244.34600830078125,0.032563626766204834,277.8689880371094,231.51918029785156,0.030568420886993408,525.5401000976562,214.61680603027344,0.00014421343803405762,424.7987365722656,232.86634826660156,0.9999998807907104,437.8428039550781,239.55517578125,0.9999908804893494,435.46929931640625,249.39871215820312,0.9999925494194031,444.5226135253906,248.49249267578125,0.9999836087226868,450.2107238769531,243.91336059570312,0.9999959468841553,447.4460754394531,237.38111877441406,0.999975323677063,442.7000427246094,231.83706665039062,0.9953285455703735,309.18878173828125,232.54420471191406,0.9999963045120239,290.24835205078125,239.698486328125,0.9999980926513672,285.10186767578125,234.18325805664062,0.22138908505439758,293.7619323730469,246.8570098876953,0.9074312448501587,293.6112976074219,251.56170654296875,0.999848484992981,283.8275451660156,250.0148468017578,0.9998821020126343,271.9252624511719,238.0418701171875,0.9999572038650513,353.5652160644531,178.7842254638672,0.9999998807907104,357.1400146484375,160.05355834960938,0.9999998211860657,365.6311340332031,165.07797241210938,0.9999995231628418,369.9466857910156,157.2003631591797,0.9999996423721313,369.0870361328125,147.13125610351562,0.9999999403953552,362.0848083496094,142.27426147460938,0.9999832510948181,346.0048828125,150.00672912597656,0.9999983310699463
25,524.973876953125,218.59866333007812,0.9999980926513672,440.65478515625,207.19577026367188,0.9999992847442627,439.14166259765625,220.1343536376953,0.9999998211860657,445.70355224609375,193.83465576171875,0.9999976754188538,333.59954833984375,192.63092041015625,0.9999997615814209,327.1615295410156,213.1322021484375,1.0,390.08538818359375,204.48690795898438,0.9999997615814209,329.5006103515625,202.3782958984375,0.9999998807907104,258.2663879394531,199.38128662109375,0.9999984502792358,177.2566375732422,209.3362274169922,0.9999996423721313,432.9445495605469,175.4169921875,0.9999900460243225,440.6597900390625,173.33251953125,0.9889382123947144,441.2710876464844,165.3915557861328,0.9976300001144409,446.8193054199219,169.1296844482422,0.946953535079956,446.5437316894531,172.3131561279297,0.436549574136734,277.83319091796875,230.714111328125,0.03762879967689514,525.2203369140625,214.79861450195312,7.796287536621094e-05,424.6619567871094,232.37545776367188,0.9999997615814209,438.45770263671875,239.5277557373047,0.99998939037323,435.8514404296875,249.57435607910156,0.9999922513961792,444.5870666503906,248.70413208007812,0.9999796152114868,450.29736328125,244.53460693359375,0.9999924898147583,448.0577697753906,238.05593872070312,0.9998912811279297,443.6687316894531,231.990966796875,0.9761242866516113,310.76422119140625,232.4166259765625,0.9999951124191284,290.6516418457031,239.42251586914062,0.9999936819076538,283.5205993652344,233.82427978515625,0.4730081558227539,291.9712219238281,246.8670654296875,0.881671667098999,292.8070068359375,250.2582550048828,0.9998036623001099,283.9521484375,248.4090118408203,0.9996756315231323,271.9826965332031,237.1291961669922,0.9998932480812073,354.2420959472656,178.15406799316406,0.9999998807907104,357.9036865234375,159.6914520263672,0.9999997615814209,365.8291320800781,164.76502990722656,0.9999995827674866,370.330322265625,156.98171997070312,0.9999996423721313,369.4219665527344,147.1446533203125,0.9999998807907104,361.73095703125,142.3639678955078,0.9999828338623047,346.4417724609375,150.34669494628906,0.999998927116394
26,526.3720092773438,219.6170196533203,0.9999995231628418,443.5710144042969,208.01846313476562,0.9999994039535522,440.4587097167969,220.0499267578125,0.9999997019767761,447.1247863769531,193.5275115966797,0.9999985098838806,334.4939880371094,192.64442443847656,0.9999997615814209,328.7118225097656,213.41326904296875,0.9999998807907104,391.643798828125,204.52374267578125,0.9999995827674866,330.75262451171875,202.43157958984375,0.9999998807907104,258.8960876464844,199.75772094726562,0.9999989867210388,179.3161163330078,209.52554321289062,0.9999996423721313,439.5294494628906,171.86965942382812,0.9999182820320129,445.7384948730469,167.66270446777344,0.9928485155105591,444.86474609375,159.98995971679688,0.9311755895614624,452.34515380859375,164.73707580566406,0.4950718283653259,276.19537353515625,245.6986541748047,0.046672940254211426,279.12274169921875,230.6006622314453,0.01181793212890625,449.6878967285156,180.1782684326172,0.00020417571067810059,424.79803466796875,232.9732666015625,0.9999998211860657,438.5525817871094,239.28890991210938,0.9999847412109375,435.7726745605469,250.03622436523438,0.9999784231185913,444.83880615234375,248.74191284179688,0.9999510049819946,451.0005798339844,244.21192932128906,0.9999904632568359,448.5111999511719,237.4930419921875,0.9997963905334473,444.00482177734375,231.5885467529297,0.9563900828361511,311.16131591796875,233.29470825195312,0.9999933242797852,290.9656982421875,238.92955017089844,0.9999906420707703,283.8522033691406,234.3544921875,0.6508679389953613,291.1269836425781,249.38217163085938,0.8243198394775391,292.98992919921875,249.93589782714844,0.9997460842132568,284.4591979980469,248.00267028808594,0.9994964599609375,273.5995788574219,237.47621154785156,0.9999256134033203,355.70294189453125,177.44996643066406,0.9999998807907104,358.0523986816406,159.45632934570312,0.9999997615814209,365.62298583984375,164.76100158691406,0.9999995231628418,370.8182067871094,157.08572387695312,0.9999996423721313,369.5705261230469,146.95748901367188,0.9999998211860657,361.8163146972656,142.55477905273438,0.9999749064445496,346.7802734375,150.9153289794922,0.9999988675117493
27,527.874755859375,220.2466583251953,0.9999999403953552,445.526611328125,209.1700439453125,0.9999998807907104,441.68145751953125,220.1057586669922,0.9999997615814209,450.1741943359375,195.5599822998047,0.9999998807907104,335.5322570800781,193.0637969970703,0.9999998807907104,330.518798828125,213.88510131835938,0.9999997615814209,393.6113586425781,204.2923126220703,0.9999994039535522,331.9836120605469,202.12554931640625,0.9999998807907104,261.16876220703125,199.6037139892578,0.999998927116394,180.9472198486328,210.21429443359375,0.9999999403953552,445.1206359863281,174.0032501220703,0.9999029040336609,455.8690185546875,170.01702880859375,0.9995911717414856,455.3900451660156,159.38064575195312,0.996610164642334,462.44921875,164.19752502441406,0.958002507686615,465.2227478027344,169.43577575683594,0.880058228969574,464.6876220703125,173.5899658203125,0.4296005666255951,457.6369323730469,179.94236755371094,0.19646930694580078,425.1312561035156,233.46435546875,0.9999997615814209,439.2138671875,239.764404296875,0.9999837875366211,435.5959777832031,250.1585693359375,0.999987006187439,444.6738586425781,248.7535858154297,0.9999634027481079,450.666259765625,245.073974609375,0.9999926090240479,448.14971923828125,239.10696411132812,0.9996641874313354,445.00408935546875,232.48353576660156,0.9063553810119629,313.56622314453125,232.25738525390625,0.9999925494194031,292.44439697265625,239.34339904785156,0.9999957084655762,285.1331481933594,234.56541442871094,0.6959071159362793,293.2095947265625,247.6076202392578,0.8331856727600098,294.23895263671875,250.36422729492188,0.9997794032096863,285.1685485839844,248.24732971191406,0.9995647072792053,275.4296569824219,238.04022216796875,0.9999492168426514,356.707275390625,177.19488525390625,0.9999999403953552,357.9954528808594,159.66224670410156,0.9999997615814209,366.2138366699219,164.88511657714844,0.9999994039535522,370.9481201171875,156.8629608154297,0.9999997019767761,369.6133117675781,147.2584991455078,0.9999998807907104,361.83740234375,142.7213592529297,0.9999799728393555,347.0576171875,150.9764404296875,0.9999984502792358
28,531.4967651367188,220.81700134277344,1.0,447.19879150390625,211.76669311523438,1.0,445.9944763183594,223.76177978515625,0.9999997019767761,454.6338806152344,198.83680725097656,0.9999998807907104,337.82244873046875,193.33480834960938,1.0,332.32672119140625,213.8588104248047,0.9999997615814209,397.1207275390625,205.15032958984375,0.9999996423721313,334.16009521484375,202.98614501953125,0.9999998807907104,263.2172546386719,200.2792510986328,0.9999967217445374,183.29278564453125,210.15223693847656,0.9999998807907104,449.1024169921875,177.70896911621094,0.9999653697013855,464.3501892089844,171.86199951171875,0.999997079372406,463.85076904296875,161.4193115234375,0.9999570846557617,470.6841735839844,163.12742614746094,0.9994819164276123,474.6214599609375,167.74954223632812,0.9921464920043945,474.0906066894531,174.32015991210938,0.9923807382583618,468.0804138183594,179.22023010253906,0.973265528678894,426.6668395996094,234.8504180908203,0.9999979734420776,439.3550109863281,240.6450958251953,0.9999841451644897,435.7066955566406,249.87245178222656,0.9999953508377075,445.1128234863281,249.14059448242188,0.9999804496765137,450.5129089355469,246.08570861816406,0.9999947547912598,448.4966735839844,239.82235717773438,0.9998728036880493,445.62249755859375,234.51065063476562,0.9204145669937134,315.6396484375,233.5139617919922,0.9999979138374329,293.4798583984375,239.05360412597656,0.9999971389770508,285.8042907714844,234.73397827148438,0.4641302824020386,294.5663757324219,247.64378356933594,0.7014645338058472,295.631591796875,250.66798400878906,0.9995839595794678,285.210205078125,248.7330780029297,0.999379575252533,276.9204406738281,239.24325561523438,0.9999469518661499,358.72454833984375,176.57713317871094,0.9999997019767761,358.8340148925781,159.69949340820312,0.9999997019767761,366.8905944824219,164.38990783691406,0.9999954700469971,370.90606689453125,156.77587890625,0.9999997019767761,369.8218688964844,147.4983673095703,0.9999998807907104,362.2289733886719,143.01109313964844,0.999985933303833,347.34906005859375,151.01739501953125,0.9999971389770508
29,533.4295043945312,223.39263916015625,1.0,450.25311279296875,213.34786987304688,1.0,447.3853759765625,225.23394775390625,0.9999996423721313,457.535888671875,199.2288360595703,0.9999996423721313,339.6073303222656,193.11048889160156,1.0,333.662109375,213.68295288085938,0.9999998807907104,399.8114318847656,205.16290283203125,0.9999998807907104,336.18896484375,203.00657653808594,1.0,266.2095947265625,200.8539276123047,0.9999973177909851,183.54730224609375,209.78302001953125,0.999999463558197,461.5920104980469,180.51234436035156,0.9999983906745911,476.3554992675781,182.41099548339844,0.9999990463256836,477.3553771972656,173.41726684570312,0.9998058080673218,481.64178466796875,175.82763671875,0.9997325539588928,485.4752197265625,179.8846435546875,0.9995616674423218,483.3494873046875,184.283203125,0.9933991432189941,477.29046630859375,190.42613220214844,0.5226669907569885,428.1502685546875,234.9035186767578,0.9999970197677612,439.54058837890625,240.82061767578125,0.999980628490448,436.22491455078125,249.83572387695312,0.999996542930603,445.2804260253906,249.2448272705078,0.999982476234436,450.502685546875,245.8299102783203,0.9999932050704956,448.39013671875,239.28121948242188,0.9997848272323608,445.7165222167969,234.94662475585938,0.84474778175354,317.60205078125,234.20840454101562,0.9999963641166687,294.645263671875,238.7963104248047,0.9999920129776001,286.85614013671875,234.09283447265625,0.2453118860721588,295.2530822753906,249.79759216308594,0.4367707669734955,296.1582946777344,251.4595184326172,0.9984709024429321,285.1993713378906,248.82249450683594,0.9992883205413818,277.7372131347656,239.26974487304688,0.9999542832374573,359.5945129394531,175.67491149902344,0.9999984502792358,358.9557189941406,159.4987030029297,0.9999997019767761,366.75311279296875,163.86619567871094,0.9999950528144836,371.16217041015625,156.56053161621094,0.9999996423721313,370.14453125,147.29580688476562,0.9999999403953552,362.154541015625,143.14276123046875,0.9999853372573853,347.50726318359375,151.19065856933594,0.9999977350234985
30,534.8449096679688,226.3001251220703,1.0,454.8381042480469,214.94688415527344,1.0,448.9170837402344,226.48089599609375,0.9999998211860657,462.0405578613281,199.418212890625,1.0,340.86090087890625,192.02606201171875,1.0,335.1561279296875,212.57839965820312,0.9999999403953552,402.57861328125,205.29598999023438,0.9999998807907104,337.45623779296875,202.133056640625,1.0,266.5918884277344,201.10842895507812,0.9999983310699463,182.6437225341797,209.80099487304688,0.9999997615814209,470.82861328125,181.63967895507812,0.9999998807907104,489.4352722167969,181.93807983398438,1.0,492.09814453125,170.95294189453125,0.9999972581863403,498.9903564453125,173.97805786132812,0.9999998211860657,501.89410400390625,180.0648651123047,0.9999999403953552,498.2291564941406,186.44570922851562,0.9999992847442627,491.0270080566406,190.38609313964844,0.9999703764915466,429.34039306640625,235.21534729003906,0.9999942779541016,440.13934326171875,241.21177673339844,0.9999819993972778,436.6400146484375,249.75543212890625,0.9999962449073792,445.71826171875,249.45559692382812,0.9999815225601196,450.985107421875,245.9110107421875,0.9999943971633911,449.2242431640625,238.81719970703125,0.9997497797012329,446.24853515625,235.15875244140625,0.7935992479324341,317.8720703125,232.63038635253906,0.9999879598617554,295.5208435058594,238.7874755859375,0.999988853931427,287.7138366699219,233.9300537109375,0.034141093492507935,297.1047668457031,248.68556213378906,0.21097129583358765,297.0472717285156,251.8125457763672,0.9971021413803101,285.8619689941406,249.0330810546875,0.9991896748542786,278.39276123046875,239.69508361816406,0.9999609589576721,360.72711181640625,175.47764587402344,0.9999990463256836,358.85455322265625,159.01841735839844,0.9999997019767761,366.36737060546875,163.7410888671875,0.9999927282333374,371.12310791015625,156.72454833984375,0.9999997615814209,370.3449401855469,147.4201202392578,1.0,361.9962463378906,142.89170837402344,0.9999892115592957,347.79461669921875,151.03749084472656,0.9999985694885254
31,535.7906494140625,228.87515258789062,1.0,457.43792724609375,215.49891662597656,0.9999998807907104,450.6676940917969,228.393310546875,1.0,463.8707580566406,200.40850830078125,0.9999998807907104,342.6752014160156,192.31332397460938,0.9999999403953552,337.1446838378906,213.46536254882812,1.0,404.8818664550781,205.74285888671875,1.0,339.1222839355469,202.09178161621094,1.0,267.77783203125,201.28976440429688,0.9999982118606567,180.27149963378906,210.41818237304688,0.9999999403953552,479.77960205078125,184.11712646484375,0.9999995827674866,499.45782470703125,184.63624572753906,1.0,499.7027893066406,173.36898803710938,0.9999998807907104,508.501953125,176.43930053710938,0.9999997019767761,510.733154296875,182.02919006347656,0.9999998211860657,509.348876953125,189.75872802734375,0.9999977946281433,500.7530822753906,193.3377227783203,0.9999998807907104,430.5690612792969,235.6129608154297,0.9999805688858032,440.2346496582031,241.51907348632812,0.9999699592590332,437.21368408203125,249.39320373535156,0.9999923706054688,446.7269287109375,249.34024047851562,0.9999728202819824,451.2693786621094,245.30006408691406,0.9999926090240479,449.2287292480469,238.4654541015625,0.9989782571792603,446.12017822265625,235.65029907226562,0.297809898853302,320.5500793457031,233.85223388671875,0.9999985098838806,296.6309509277344,238.88356018066406,0.9999893307685852,288.0627746582031,234.17416381835938,0.005003780126571655,296.45245361328125,244.91163635253906,0.03334915637969971,298.20294189453125,251.921142578125,0.983925998210907,287.5287780761719,250.35137939453125,0.9995417594909668,279.7837829589844,240.97610473632812,0.9998490810394287,362.5074768066406,174.78921508789062,0.9999995231628418,358.91754150390625,159.0728302001953,0.9999997019767761,366.6643371582031,163.20167541503906,0.9999749660491943,371.01007080078125,156.54237365722656,0.9999998211860657,370.4175720214844,147.79823303222656,0.9999998807907104,361.8215637207031,143.16439819335938,0.9999921917915344,348.0435485839844,151.04510498046875,0.9999980926513672
32,536.258056640625,232.03668212890625,1.0,459.4030456542969,216.47348022460938,0.9999998807907104,450.97100830078125,229.1693572998047,0.9999998807907104,465.83807373046875,202.25296020507812,0.9999998807907104,343.3177185058594,191.82577514648438,0.9999998807907104,338.78814697265625,214.45977783203125,1.0,406.52142333984375,205.39877319335938,0.9999999403953552,340.278076171875,201.6300506591797,1.0,268.80316162109375,201.90184020996094,0.9999978542327881,181.5161590576172,210.4061737060547,0.9999998211860657,483.73089599609375,187.30494689941406,0.9999994039535522,503.65875244140625,187.21669006347656,0.9999998807907104,505.04302978515625,175.72787475585938,0.9999992847442627,510.65142822265625,178.3822021484375,0.9999995231628418,515.1267700195312,184.26405334472656,0.9999998807907104,511.3941650390625,190.8567657470703,0.9999994039535522,505.4999694824219,195.8368682861328,0.9999995231628418,431.2399597167969,235.55690002441406,0.9999857544898987,440.1256408691406,241.7817840576172,0.9999751448631287,437.1669921875,249.16236877441406,0.9999879598617554,446.3842468261719,249.3252410888672,0.9999672174453735,450.45318603515625,245.32469177246094,0.9999874234199524,448.8697509765625,238.78945922851562,0.9990532398223877,445.3227233886719,236.00189208984375,0.2712898850440979,323.52618408203125,237.6786651611328,0.9999934434890747,296.5234069824219,236.44424438476562,0.9992523193359375,353.9527893066406,153.68453979492188,0.0003910362720489502,443.7608337402344,248.9917449951172,0.00010371208190917969,309.484130859375,247.75137329101562,0.0035347938537597656,294.6186828613281,248.17926025390625,0.05078950524330139,283.471435546875,241.0987548828125,0.9665857553482056,363.0957336425781,174.6370086669922,0.9999994039535522,358.7203063964844,159.0802764892578,0.9999997615814209,366.3302917480469,163.03695678710938,0.999970555305481,371.05718994140625,156.56956481933594,0.9999997615814209,370.5172424316406,147.82177734375,1.0,361.6615295410156,143.504150390625,0.9999938011169434,348.17315673828125,150.59823608398438,0.9999983310699463
33,536.3461303710938,232.81399536132812,0.9999998807907104,460.25787353515625,216.93870544433594,0.9999999403953552,451.05517578125,229.9007110595703,1.0,466.9149475097656,203.01661682128906,0.9999998807907104,343.11279296875,191.93243408203125,1.0,339.5967712402344,215.6897430419922,1.0,406.5871887207031,205.11083984375,0.9999998807907104,341.0621032714844,202.757568359375,1.0,271.5530700683594,202.29595947265625,0.9999988079071045,181.5509490966797,209.98016357421875,0.9999997615814209,483.5699157714844,187.9678955078125,0.9999996423721313,503.3945007324219,187.54116821289062,0.9999998807907104,504.59527587890625,175.8689422607422,0.9999994039535522,510.8590087890625,178.4632568359375,0.9999995231628418,515.428955078125,184.56834411621094,0.9999998807907104,511.4151611328125,191.5267791748047,0.9999998211860657,505.2437438964844,196.60580444335938,0.9999995231628418,431.5035400390625,235.22344970703125,0.999991774559021,438.91131591796875,241.94161987304688,0.9999862909317017,435.6850891113281,249.38815307617188,0.9999824166297913,445.1946716308594,249.49359130859375,0.9999740719795227,448.72320556640625,245.65374755859375,0.999976634979248,447.5215759277344,239.625244140625,0.9976761937141418,444.6881408691406,236.04898071289062,0.137442946434021,327.9600830078125,239.83734130859375,0.9999958276748657,302.81842041015625,237.99322509765625,0.9995865821838379,353.9073791503906,153.4447784423828,0.00028774142265319824,442.48333740234375,248.63108825683594,0.00011831521987915039,322.2402648925781,250.69912719726562,0.02630072832107544,302.39923095703125,250.18707275390625,0.18428221344947815,291.27642822265625,243.4486541748047,0.9354851245880127,363.9014892578125,174.84210205078125,0.9999990463256836,358.9051208496094,159.06321716308594,0.9999997019767761,366.5935363769531,162.74502563476562,0.9998411536216736,370.8812255859375,156.54493713378906,0.9999996423721313,370.593505859375,147.9715576171875,1.0,361.607666015625,143.77186584472656,0.9999949932098389,348.374267578125,150.651123046875,0.9999980926513672
34,536.0631713867188,233.80889892578125,0.9999997615814209,459.8937683105469,217.2474822998047,1.0,450.8037414550781,229.84579467773438,1.0,467.0181579589844,203.19810485839844,1.0,343.17864990234375,192.29071044921875,1.0,340.2987365722656,216.49632263183594,1.0,407.04864501953125,204.61744689941406,0.9999999403953552,341.6025085449219,203.22769165039062,1.0,270.5957946777344,201.30950927734375,0.9999978542327881,180.98553466796875,210.32174682617188,0.9999997615814209,482.2499084472656,187.45755004882812,0.9999994039535522,502.397216796875,187.1846466064453,1.0,503.6063537597656,175.65379333496094,0.9999996423721313,511.4909973144531,178.0189208984375,0.9999995827674866,515.0558471679688,184.573974609375,0.9999998807907104,511.1962585449219,191.75758361816406,0.9999997615814209,504.8564147949219,196.55648803710938,0.9999997615814209,431.1234436035156,234.52716064453125,0.9999896287918091,439.2268371582031,241.98275756835938,0.9999829530715942,436.29833984375,249.81004333496094,0.9999842643737793,445.6835021972656,249.43666076660156,0.9999734163284302,448.77703857421875,245.34413146972656,0.9999808073043823,447.46563720703125,239.32945251464844,0.9986399412155151,444.8689880371094,236.18902587890625,0.17258018255233765,337.6316833496094,245.2179412841797,0.9999996423721313,312.5868225097656,241.34808349609375,0.9999672174453735,354.0372009277344,152.84124755859375,0.0004394054412841797,329.8495788574219,245.47874450683594,0.00033536553382873535,326.8305358886719,253.74468994140625,0.31681162118911743,312.15728759765625,254.52711486816406,0.9915730953216553,299.2673034667969,243.11331176757812,0.9997059106826782,364.6199645996094,174.4183349609375,0.9999986886978149,359.1515197753906,159.10626220703125,0.9999996423721313,366.7334289550781,162.66702270507812,0.9998145699501038,371.0971984863281,156.5806427001953,0.9999995827674866,370.81329345703125,147.9987030029297,0.9999999403953552,362.1332702636719,143.79959106445312,0.9999955892562866,348.4959411621094,150.32777404785156,0.9999983310699463
35,536.2922973632812,234.74961853027344,0.9999998211860657,460.38433837890625,217.4801788330078,1.0,451.8562316894531,229.94140625,1.0,467.61993408203125,202.57229614257812,0.9999998807907104,343.9298400878906,192.8184051513672,1.0,340.9721984863281,216.91415405273438,1.0,408.026611328125,203.836181640625,0.9999998807907104,341.526611328125,203.14093017578125,1.0,273.30999755859375,202.0938262939453,0.9999988079071045,181.6251983642578,210.41305541992188,0.9999997615814209,480.84625244140625,186.23806762695312,0.9999990463256836,500.2930908203125,185.97088623046875,1.0,501.1965026855469,175.6973114013672,0.9999998211860657,509.3177490234375,177.7250518798828,0.9999998807907104,513.2671508789062,184.3046112060547,1.0,509.33782958984375,191.9906463623047,0.9999997019767761,502.77838134765625,195.51138305664062,0.9999999403953552,431.4706726074219,234.92127990722656,0.9999922513961792,439.1043701171875,241.80650329589844,0.9999808073043823,436.2469177246094,249.5749969482422,0.9999868273735046,445.63568115234375,249.34628295898438,0.9999815225601196,448.74761962890625,245.4422149658203,0.9999833106994629,447.64788818359375,239.514404296875,0.9983961582183838,445.0201721191406,236.05625915527344,0.14221638441085815,345.3641662597656,242.68870544433594,0.999999463558197,321.8162536621094,243.68319702148438,0.999991238117218,354.09173583984375,152.64410400390625,0.0005308091640472412,342.1025085449219,246.2659454345703,0.0006244778633117676,338.1184387207031,255.42063903808594,0.41224318742752075,320.8133544921875,254.67745971679688,0.9985332489013672,306.7635498046875,246.06802368164062,0.9998976588249207,364.6601257324219,174.16156005859375,0.9999980926513672,358.9362487792969,159.2098846435547,0.9999996423721313,366.6648864746094,162.352783203125,0.9996713995933533,370.8556823730469,156.50669860839844,0.9999995827674866,370.77362060546875,147.9888458251953,1.0,362.2197570800781,143.73785400390625,0.9999958276748657,348.5490417480469,150.2150115966797,0.9999985694885254
36,536.5319213867188,234.4069061279297,0.9999997615814209,460.6854248046875,216.9318084716797,0.9999999403953552,451.8265075683594,229.5568084716797,1.0,468.45391845703125,202.37393188476562,1.0,344.28204345703125,192.62832641601562,1.0,341.0982971191406,216.0145263671875,1.0,408.5448303222656,203.3191375732422,0.9999997615814209,342.2364196777344,203.57960510253906,1.0,273.3454895019531,201.46517944335938,0.9999991655349731,182.05148315429688,210.1054229736328,0.9999995827674866,480.16387939453125,185.47265625,0.9999996423721313,499.3246765136719,185.4950408935547,1.0,499.4092102050781,174.59567260742188,0.9999999403953552,508.24737548828125,177.1986541748047,0.9999998807907104,512.1644897460938,183.639404296875,1.0,508.3550109863281,191.818115234375,0.9999990463256836,501.7779235839844,194.80496215820312,1.0,431.67950439453125,234.54434204101562,0.9999953508377075,439.2077941894531,242.01507568359375,0.9999794960021973,436.646240234375,249.71078491210938,0.9999877214431763,445.90826416015625,249.33294677734375,0.9999842047691345,449.0572204589844,245.43154907226562,0.9999825954437256,448.134765625,239.40208435058594,0.9982444047927856,445.0677185058594,235.99191284179688,0.1845354437828064,350.13238525390625,240.10279846191406,0.9999997615814209,331.83660888671875,247.55198669433594,0.9999929666519165,344.8084716796875,244.18873596191406,0.0006180703639984131,341.649169921875,249.46231079101562,0.006274104118347168,339.19403076171875,257.2744140625,0.992480456829071,328.4011535644531,259.6447448730469,0.9999774694442749,315.8688049316406,247.7884979248047,0.9999879598617554,364.65667724609375,173.96804809570312,0.9999985098838806,358.83575439453125,159.13693237304688,0.9999997615814209,366.6873779296875,162.2128448486328,0.999731183052063,370.6283264160156,156.3778839111328,0.9999997019767761,370.6894226074219,147.9746551513672,1.0,362.062255859375,143.71266174316406,0.9999961853027344,348.4847106933594,150.28932189941406,0.9999984502792358
37,536.6952514648438,232.95533752441406,0.9999998807907104,461.7193298339844,216.77511596679688,0.9999999403953552,452.65716552734375,229.48764038085938,1.0,468.8397216796875,201.98130798339844,0.9999998807907104,344.71539306640625,192.80715942382812,1.0,342.525390625,215.95010375976562,1.0,408.937255859375,203.0664825439453,0.9999998211860657,342.5007629394531,204.31239318847656,1.0,273.8607482910156,201.4052734375,0.9999995231628418,182.1721954345703,210.29611206054688,0.9999995827674866,478.2551574707031,184.0785369873047,0.9999995827674866,497.6756896972656,184.7407989501953,0.9999999403953552,498.4029235839844,174.40557861328125,0.9999998807907104,506.7176208496094,176.89202880859375,0.9999998807907104,512.0874633789062,182.9696044921875,0.9999998807907104,507.5651550292969,190.7156219482422,0.9999991655349731,499.8461608886719,194.22946166992188,1.0,431.7317199707031,234.30104064941406,0.9999970197677612,439.2737121582031,241.95098876953125,0.9999806880950928,436.68310546875,249.74270629882812,0.9999879598617554,445.910888671875,249.4713897705078,0.9999849200248718,449.44171142578125,245.39125061035156,0.99997878074646,448.71197509765625,239.5076141357422,0.9971157908439636,445.35980224609375,236.03790283203125,0.1325046718120575,354.7539978027344,239.2789306640625,0.9999998807907104,339.4988708496094,250.8922576904297,0.9999997615814209,349.1795654296875,246.1487579345703,0.06269717216491699,349.2466735839844,253.913330078125,0.35235702991485596,346.8797302246094,260.7571716308594,0.9928923845291138,336.7756042480469,263.03668212890625,0.9999622702598572,326.67034912109375,249.71034240722656,0.9999995231628418,364.92706298828125,173.8409881591797,0.9999990463256836,358.86309814453125,159.23486328125,0.9999997019767761,366.7939758300781,161.9517364501953,0.9995480179786682,370.58050537109375,156.31814575195312,0.9999996423721313,370.71636962890625,147.91293334960938,1.0,361.75927734375,143.772705078125,0.9999948143959045,348.4818115234375,150.32965087890625,0.9999980926513672
38,538.2069702148438,232.70620727539062,0.9999998807907104,461.1919860839844,216.7705535888672,1.0,452.8211975097656,229.582763671875,1.0,469.0098571777344,201.9076385498047,0.9999998807907104,345.1964111328125,192.89492797851562,1.0,343.0283203125,216.0701141357422,1.0,409.9652404785156,202.7101287841797,0.9999998807907104,343.02667236328125,204.68740844726562,1.0,274.9419250488281,201.6219940185547,0.9999997615814209,182.06143188476562,210.30709838867188,0.9999995827674866,476.99468994140625,184.06704711914062,0.9999997615814209,496.7646484375,185.2565460205078,1.0,497.8277587890625,174.6360626220703,0.9999999403953552,506.01568603515625,177.09129333496094,0.9999999403953552,511.42620849609375,183.0126495361328,1.0,506.8484191894531,190.90298461914062,0.9999989867210388,498.7614440917969,194.19935607910156,0.9999998807907104,432.02923583984375,234.48780822753906,0.9999975562095642,439.5495910644531,242.28814697265625,0.9999691247940063,436.8163146972656,250.1548614501953,0.9999860525131226,445.9854431152344,249.60386657714844,0.9999744892120361,449.8177185058594,245.4929656982422,0.99996417760849,448.8832092285156,239.76271057128906,0.9937498569488525,445.6469421386719,236.47506713867188,0.08954915404319763,357.5413818359375,237.7455291748047,0.9999998807907104,343.26177978515625,250.06077575683594,0.9999998211860657,351.9644775390625,246.91973876953125,0.13533905148506165,355.60784912109375,254.93943786621094,0.7644447088241577,350.1148376464844,260.3587646484375,0.9969334602355957,340.0052490234375,262.4803466796875,0.9999653100967407,331.023193359375,249.8223114013672,0.9999986886978149,365.1107482910156,173.92767333984375,0.9999990463256836,358.9400939941406,159.242919921875,0.9999997019767761,366.7568664550781,161.9836883544922,0.9996433258056641,370.6331787109375,156.21273803710938,0.999999463558197,370.5876159667969,147.96629333496094,1.0,361.6461486816406,143.90858459472656,0.9999943971633911,348.4820556640625,150.38458251953125,0.9999979734420776
39,539.0618896484375,232.91952514648438,1.0,462.0979309082031,217.0949249267578,1.0,453.5050354003906,229.72244262695312,1.0,469.5931396484375,202.26463317871094,1.0,345.98468017578125,192.88925170898438,1.0,344.1694641113281,215.77780151367188,1.0,411.4111022949219,202.49249267578125,0.9999997615814209,343.9303894042969,204.54689025878906,1.0,274.6008605957031,201.29495239257812,0.9999998807907104,187.22377014160156,210.6968994140625,0.999998927116394,477.0085754394531,184.1870880126953,0.9999996423721313,496.2579650878906,184.7157745361328,0.9999998807907104,497.936279296875,174.63511657714844,0.9999999403953552,505.75689697265625,177.02439880371094,0.9999998807907104,510.9792175292969,182.8730926513672,0.9999999403953552,506.3354797363281,190.72142028808594,0.9999988079071045,498.3833312988281,193.7855987548828,0.9999998211860657,432.7640075683594,234.175537109375,0.9999986886978149,439.7471618652344,242.3732452392578,0.999963641166687,436.93646240234375,250.4398956298828,0.9999853372573853,445.8506774902344,249.53524780273438,0.999977707862854,449.9537048339844,245.84347534179688,0.9999637603759766,449.1661376953125,240.1392822265625,0.9927719831466675,445.669189453125,236.5272216796875,0.11759650707244873,362.919189453125,234.9259033203125,0.9999999403953552,349.358642578125,249.3866729736328,0.9999994039535522,358.257080078125,244.9987335205078,0.2294619083404541,362.3238220214844,253.1075439453125,0.859061062335968,356.0581970214844,257.7793273925781,0.9995571374893188,345.2472839355469,260.7906799316406,0.9999517202377319,335.3197326660156,249.6397705078125,0.9999994039535522,365.26580810546875,173.37579345703125,0.9999988079071045,358.96795654296875,159.10267639160156,0.9999997019767761,366.7045593261719,161.8971405029297,0.9995370507240295,370.50244140625,156.1331787109375,0.9999995231628418,370.59930419921875,148.04283142089844,0.9999998807907104,361.8852233886719,143.64903259277344,0.9999942779541016,348.44244384765625,150.04080200195312,0.9999982118606567
40,539.4058227539062,232.87599182128906,0.9999998807907104,462.86419677734375,217.56333923339844,1.0,454.1331481933594,230.09214782714844,1.0,470.3077697753906,203.03280639648438,0.9999998807907104,345.7994384765625,192.53076171875,1.0,345.2828369140625,215.14309692382812,1.0,411.7134094238281,202.54281616210938,0.9999996423721313,344.473388671875,204.12445068359375,0.9999999403953552,273.5816650390625,201.3274383544922,0.9999997615814209,188.14744567871094,210.76559448242188,0.9999985098838806,476.6832580566406,184.15078735351562,0.9999997019767761,496.0107421875,184.73007202148438,0.9999999403953552,497.6910705566406,174.7333526611328,0.9999998807907104,505.7278747558594,177.2823028564453,0.9999998807907104,510.6809997558594,182.96363830566406,1.0,505.95001220703125,190.639404296875,0.9999988079071045,497.92071533203125,193.83956909179688,0.9999997019767761,433.9476623535156,233.9541473388672,0.9999984502792358,439.42181396484375,242.3247528076172,0.9999679923057556,436.5107727050781,250.48245239257812,0.9999841451644897,445.7325744628906,249.52371215820312,0.9999740123748779,449.5130310058594,245.98863220214844,0.9999436140060425,449.03106689453125,240.63121032714844,0.9879690408706665,445.5137023925781,236.85702514648438,0.08790221810340881,365.3833923339844,233.7845916748047,0.9999990463256836,355.05438232421875,249.43466186523438,1.0,361.94427490234375,245.9108123779297,0.9078800082206726,365.59136962890625,253.11337280273438,0.9996370077133179,362.2650451660156,259.8345031738281,0.9999817609786987,351.92791748046875,262.87786865234375,0.9999889135360718,341.1432189941406,250.40296936035156,0.9999997615814209,365.4834289550781,172.57505798339844,0.9999985694885254,359.0140686035156,158.80079650878906,0.9999996423721313,366.8414001464844,161.85186767578125,0.9991099238395691,370.5265808105469,156.1193389892578,0.9999994039535522,370.7333068847656,148.06753540039062,1.0,362.30242919921875,143.41847229003906,0.999994695186615,348.3228759765625,149.68238830566406,0.9999987483024597
41,539.8195190429688,232.38014221191406,0.9999999403953552,465.2484130859375,218.3723907470703,1.0,456.3613586425781,231.08543395996094,0.9999998807907104,472.50958251953125,203.51026916503906,0.9999999403953552,347.0682067871094,192.9976806640625,0.9999998807907104,346.79327392578125,214.6511993408203,1.0,413.29144287109375,202.61363220214844,0.9999996423721313,345.82513427734375,204.0469512939453,0.9999998807907104,275.3998718261719,200.67630004882812,0.9999998211860657,190.85540771484375,210.21852111816406,0.9999990463256836,476.8134460449219,184.29263305664062,0.9999995827674866,495.6602478027344,184.8889617919922,0.9999998807907104,497.60888671875,174.8938751220703,0.9999998807907104,505.59368896484375,177.33871459960938,0.9999998807907104,510.4546203613281,182.9320526123047,1.0,505.9347229003906,190.45323181152344,0.9999986886978149,497.64825439453125,193.9215087890625,0.9999997615814209,435.4002685546875,234.31715393066406,0.9999979734420776,439.60968017578125,242.4044189453125,0.99994957447052,437.2237243652344,250.6061248779297,0.9999794363975525,446.34173583984375,249.41143798828125,0.9999839663505554,449.6386413574219,245.7128448486328,0.9999263286590576,449.1210021972656,240.59637451171875,0.9730767607688904,445.4959411621094,236.81881713867188,0.037548333406448364,370.57916259765625,232.34388732910156,0.9999960660934448,361.7655029296875,250.90219116210938,0.9999991059303284,368.4872131347656,248.53236389160156,0.9903287887573242,371.51751708984375,254.74774169921875,0.9999767541885376,369.2483215332031,260.7738952636719,0.9999908208847046,359.34759521484375,263.9410095214844,0.9999939799308777,347.8669738769531,251.53810119628906,0.9999957084655762,366.2276916503906,172.4490509033203,0.9999975562095642,359.03057861328125,158.80613708496094,0.9999995827674866,367.2102355957031,161.4966278076172,0.9984307885169983,370.4920959472656,155.88040161132812,0.9999992251396179,370.5336608886719,148.06678771972656,1.0,362.1988220214844,143.5096435546875,0.9999930262565613,348.3169250488281,149.57334899902344,0.9999986886978149
42,541.5266723632812,233.78472900390625,0.9999997615814209,464.5884094238281,218.2771453857422,1.0,457.4294738769531,231.52410888671875,0.9999998807907104,473.3030090332031,203.96543884277344,0.9999998211860657,347.4439697265625,193.008544921875,1.0,349.51422119140625,215.96566772460938,0.9999998211860657,413.6801452636719,202.57864379882812,0.9999997615814209,347.3031005859375,205.238037109375,0.9999998807907104,276.14068603515625,200.5489501953125,0.9999997615814209,192.06546020507812,209.6289520263672,0.9999995231628418,476.69854736328125,184.6154327392578,0.9999995231628418,495.55377197265625,185.2877197265625,0.9999998807907104,497.5924072265625,174.96343994140625,0.9999999403953552,505.83917236328125,177.50613403320312,0.9999999403953552,510.46429443359375,183.19119262695312,1.0,505.8448486328125,190.8940887451172,0.9999988079071045,497.7374572753906,194.38259887695312,0.9999998211860657,436.18414306640625,234.90023803710938,0.9999976754188538,439.12841796875,242.50967407226562,0.9999686479568481,436.2710266113281,250.30252075195312,0.9999693632125854,446.04888916015625,249.67784118652344,0.9999778866767883,448.6816711425781,245.7344207763672,0.9998140335083008,448.17242431640625,240.90054321289062,0.940522313117981,444.7762451171875,236.96456909179688,0.04342317581176758,375.38995361328125,232.37718200683594,0.9999862909317017,367.4691467285156,253.85342407226562,0.9999999403953552,374.902587890625,248.96287536621094,0.9482538104057312,379.1919860839844,256.05303955078125,0.9994744658470154,376.7586364746094,263.4032287597656,0.9997214078903198,365.0105895996094,266.28826904296875,0.9999452829360962,353.2422180175781,255.9635772705078,0.9999999403953552,365.5847473144531,172.22215270996094,0.9999987483024597,358.6553955078125,158.69175720214844,0.9999994039535522,366.8486328125,161.45318603515625,0.9995219707489014,370.44879150390625,155.6243438720703,0.9999994039535522,370.14349365234375,147.92074584960938,0.9999998807907104,362.2099304199219,143.55111694335938,0.9999902844429016,348.3446044921875,149.55703735351562,0.9999985694885254
43,542.5985717773438,234.34715270996094,0.9999998807907104,465.87799072265625,218.91751098632812,1.0,458.4082336425781,230.89239501953125,0.9999998807907104,474.6219177246094,204.54652404785156,0.9999990463256836,349.6432800292969,192.29844665527344,0.9999999403953552,352.6751403808594,215.98153686523438,0.9999998807907104,414.5360107421875,202.31483459472656,0.9999997019767761,349.85003662109375,204.4258270263672,0.9999999403953552,276.580322265625,200.00640869140625,0.9999996423721313,193.12904357910156,209.3795623779297,0.9999992847442627,476.771728515625,184.5531463623047,0.9999995827674866,495.8346252441406,185.45350646972656,1.0,497.3924560546875,175.02642822265625,0.9999999403953552,505.718994140625,177.5527801513672,1.0,510.4960021972656,183.25997924804688,1.0,506.1805419921875,191.03904724121094,0.9999988079071045,497.9038391113281,194.68911743164062,0.9999998807907104,437.1256408691406,235.40908813476562,0.9999982714653015,438.0014953613281,242.33810424804688,0.9999784231185913,435.40057373046875,249.9456024169922,0.9999556541442871,445.0741271972656,249.62977600097656,0.9999512434005737,449.7950439453125,245.8762664794922,0.999426543712616,448.5822448730469,240.89413452148438,0.847667396068573,443.5293273925781,237.18336486816406,0.016970157623291016,377.72918701171875,232.5242919921875,0.999984860420227,376.5626220703125,256.0978698730469,0.9999995827674866,384.10626220703125,250.20872497558594,0.697685956954956,389.4209899902344,259.642333984375,0.9960201382637024,387.7471618652344,265.7183837890625,0.9971908330917358,376.4963073730469,267.55853271484375,0.9890655279159546,362.9635314941406,257.1055908203125,0.999901294708252,367.0411682128906,171.44520568847656,0.9999985694885254,358.5778503417969,158.59095764160156,0.9999991655349731,367.195068359375,161.3124237060547,0.9989020824432373,370.64837646484375,155.6110076904297,0.9999990463256836,370.21197509765625,147.84828186035156,0.9999998807907104,362.32232666015625,143.27584838867188,0.9999892711639404,348.18603515625,149.742431640625,0.9999986886978149
44,543.7017211914062,234.72012329101562,0.9999998807907104,467.31024169921875,219.81507873535156,1.0,460.0015869140625,232.58680725097656,0.9999997615814209,474.8207702636719,205.43443298339844,0.9999991655349731,350.1034240722656,192.3609619140625,0.9999998807907104,354.4597473144531,215.90150451660156,0.9999998807907104,414.98565673828125,202.5105743408203,0.9999998807907104,350.8810729980469,204.96435546875,0.9999998807907104,278.5894775390625,199.81192016601562,0.9999996423721313,202.0956268310547,205.03050231933594,0.999983012676239,477.22406005859375,185.1144561767578,0.9999994039535522,495.4322509765625,185.34286499023438,1.0,497.4253234863281,175.05653381347656,0.9999998807907104,505.69921875,177.6155548095703,1.0,510.2230224609375,183.46319580078125,1.0,505.7654724121094,190.96539306640625,0.9999992251396179,497.6716003417969,194.807861328125,0.9999999403953552,438.00592041015625,235.86968994140625,0.9999974966049194,437.1585693359375,241.659423828125,0.9999940991401672,433.8638916015625,249.13751220703125,0.9999533295631409,442.56512451171875,249.35911560058594,0.999835729598999,448.83587646484375,245.8599853515625,0.9990653395652771,447.3929138183594,240.80332946777344,0.7495890855789185,441.92108154296875,237.6786346435547,0.005887627601623535,380.5224914550781,230.7485809326172,0.9999931454658508,386.42889404296875,254.2107391357422,0.9999994039535522,395.49383544921875,248.34593200683594,0.9947125315666199,399.3778991699219,259.1882019042969,0.9998326301574707,398.621337890625,265.2452087402344,0.9986773729324341,386.3099060058594,269.2208557128906,0.9995384812355042,373.5390319824219,256.3764953613281,0.9999871850013733,366.7315979003906,171.2979278564453,0.9999983310699463,358.5614929199219,158.64219665527344,0.9999992251396179,367.3014221191406,161.03634643554688,0.9984987378120422,370.5375061035156,155.12203979492188,0.9999985694885254,370.11346435546875,147.57534790039062,0.9999998807907104,361.5376892089844,143.42205810546875,0.9999856948852539,348.13818359375,150.18814086914062,0.9999978542327881
45,546.2276000976562,234.62380981445312,0.9999998807907104,468.8352355957031,219.96983337402344,1.0,461.11328125,233.5972900390625,0.9999997615814209,476.1785888671875,205.3377227783203,0.9999992847442627,351.1028747558594,191.487060546875,0.9999999403953552,355.86248779296875,214.84622192382812,0.9999998807907104,416.7830505371094,203.26258850097656,0.9999998807907104,351.8486633300781,204.02703857421875,0.9999998807907104,277.9827880859375,199.6060028076172,0.999999463558197,200.15565490722656,205.3587646484375,0.9999733567237854,477.25439453125,184.85121154785156,0.9999995231628418,495.3684387207031,185.32498168945312,1.0,497.54522705078125,175.0986785888672,0.9999998807907104,505.7907409667969,177.72438049316406,1.0,510.17730712890625,183.64303588867188,1.0,505.6379089355469,190.83775329589844,0.9999992847442627,497.40594482421875,195.02320861816406,0.9999998807907104,438.697998046875,235.68460083007812,0.9999899864196777,436.10107421875,240.9015350341797,0.9999929070472717,430.85296630859375,248.37744140625,0.9999947547912598,440.9118957519531,249.13311767578125,0.9999732971191406,447.9525451660156,245.2904052734375,0.9984496831893921,446.51666259765625,240.51544189453125,0.28947964310646057,422.1086120605469,246.8941192626953,0.07158702611923218,383.5392150878906,229.08639526367188,0.9999942779541016,397.37261962890625,251.7830047607422,0.9999950528144836,408.2799072265625,248.60491943359375,0.9999586343765259,409.589111328125,256.2016296386719,0.9999618530273438,407.40509033203125,262.7515869140625,0.9998130798339844,395.6058044433594,267.9530029296875,0.999335527420044,383.5140380859375,256.2344665527344,0.9999366998672485,367.31695556640625,170.74024963378906,0.9999980926513672,358.58795166015625,158.44540405273438,0.9999991655349731,367.1105041503906,160.87841796875,0.9814854860305786,370.5609436035156,155.13357543945312,0.9999960660934448,370.0898132324219,147.63345336914062,0.9999998807907104,361.6488037109375,142.9875030517578,0.9999879598617554,347.90380859375,149.7002716064453,0.999998152256012
46,547.6381225585938,234.6924285888672,0.9999999403953552,469.42938232421875,220.4844207763672,1.0,461.6965637207031,233.94415283203125,0.9999997019767761,477.02557373046875,205.8804473876953,0.9999991655349731,352.12176513671875,191.08975219726562,1.0,356.38616943359375,214.1300811767578,0.9999998807907104,417.24285888671875,203.04739379882812,0.9999998807907104,352.4831237792969,203.4031982421875,0.9999998807907104,279.1865539550781,199.33189392089844,0.9999996423721313,202.87716674804688,201.46746826171875,0.9999925494194031,477.0435791015625,184.9266357421875,0.9999995231628418,495.183349609375,186.5852508544922,0.9999999403953552,497.44061279296875,174.7772979736328,0.9999999403953552,505.8724365234375,177.46646118164062,1.0,509.8265686035156,183.49908447265625,1.0,505.3231506347656,190.56118774414062,0.9999992847442627,497.4261474609375,194.7490234375,0.9999999403953552,436.5341796875,236.18124389648438,0.9999885559082031,435.6028137207031,240.68304443359375,0.9999669790267944,429.73583984375,248.57183837890625,0.9997609257698059,440.1485595703125,248.86985778808594,0.9995913505554199,447.6321105957031,245.19390869140625,0.9952256679534912,445.9142761230469,240.8578643798828,0.20305496454238892,420.25372314453125,244.9499969482422,0.5969613790512085,386.6635437011719,229.12847900390625,0.9999934434890747,400.8664245605469,250.98248291015625,0.9999992847442627,412.1731872558594,246.63230895996094,0.9999754428863525,413.2936096191406,254.08026123046875,0.999962568283081,410.9301452636719,260.281005859375,0.9998927116394043,401.7283020019531,264.1387939453125,0.9991819858551025,388.4674377441406,256.6394958496094,0.9999681711196899,367.348388671875,170.41990661621094,0.9999986886978149,358.548583984375,158.59182739257812,0.9999989867210388,367.2467041015625,160.5547332763672,0.9623101353645325,370.5018005371094,154.96446228027344,0.9999938011169434,369.7382507324219,147.59669494628906,0.9999997615814209,361.28851318359375,142.94171142578125,0.9999863505363464,347.9285583496094,150.1040802001953,0.9999967217445374
47,548.9660034179688,235.0155029296875,1.0,470.96673583984375,221.3480682373047,0.9999999403953552,462.5007629394531,234.8755340576172,0.9999985694885254,479.133544921875,205.68777465820312,0.9999983906745911,353.3355407714844,191.47410583496094,0.9999999403953552,358.0487365722656,214.31480407714844,0.9999998807907104,420.29888916015625,203.61839294433594,0.9999998807907104,353.88336181640625,203.92449951171875,0.9999998807907104,280.23297119140625,199.50050354003906,0.9999992251396179,203.00485229492188,201.00381469726562,0.9999939799308777,477.2328186035156,185.7223358154297,0.9999996423721313,494.8934631347656,185.44644165039062,1.0,497.27899169921875,174.5212860107422,0.9999999403953552,505.1368713378906,177.1492919921875,1.0,509.7497863769531,183.6650848388672,1.0,505.335693359375,190.55435180664062,0.9999995827674866,497.3716735839844,194.67112731933594,0.9999998807907104,437.401123046875,236.7979736328125,0.9999876022338867,435.5673522949219,240.65960693359375,0.9999745488166809,430.002685546875,248.6977081298828,0.9998760223388672,440.34808349609375,249.624755859375,0.9996352195739746,447.3194580078125,244.97532653808594,0.9954690933227539,445.79461669921875,240.7957763671875,0.11295539140701294,421.28375244140625,244.77511596679688,0.3892366290092468,387.5321044921875,229.16017150878906,0.9999938607215881,401.0917663574219,251.11587524414062,0.9999994039535522,409.654052734375,246.41690063476562,0.9999651908874512,414.0080871582031,253.95741271972656,0.9999641180038452,411.2895202636719,260.0512390136719,0.9999322295188904,402.15765380859375,264.192138671875,0.9993963837623596,388.5552673339844,257.02020263671875,0.9999748468399048,367.5335693359375,170.43658447265625,0.9999991059303284,358.426025390625,158.74203491210938,0.9999990463256836,367.3121643066406,160.38116455078125,0.9036417603492737,370.2669982910156,155.0826873779297,0.9999911785125732,369.6590576171875,147.646728515625,0.9999997615814209,361.0843505859375,142.9230499267578,0.9999885559082031,347.8692626953125,149.9564208984375,0.9999976754188538
48,551.1671752929688,236.60511779785156,0.9999998807907104,472.12310791015625,221.4358673095703,1.0,463.02734375,235.00997924804688,0.9999988675117493,479.48858642578125,206.61375427246094,0.9999992847442627,354.0274353027344,191.86599731445312,1.0,358.63250732421875,214.1641082763672,1.0,421.4032897949219,203.26202392578125,0.9999998807907104,354.5455017089844,204.11557006835938,1.0,280.0978088378906,199.1660919189453,0.9999995231628418,205.9866943359375,200.44395446777344,0.9999955892562866,477.5343933105469,185.43374633789062,0.9999997615814209,495.1083679199219,184.85252380371094,1.0,497.5390319824219,174.1099853515625,1.0,505.3553771972656,177.0943603515625,1.0,509.813720703125,183.7051544189453,1.0,505.2702941894531,190.73919677734375,0.9999997019767761,497.52667236328125,194.690185546875,0.9999998807907104,438.5978088378906,237.28268432617188,0.999987006187439,434.6385192871094,240.73277282714844,0.9999650120735168,429.61199951171875,248.6692352294922,0.9997716546058655,439.4815368652344,248.9694366455078,0.9994106292724609,446.15460205078125,245.29019165039062,0.9873045682907104,444.729736328125,241.30178833007812,0.06490635871887207,420.9241638183594,243.7565460205078,0.3614419996738434,388.2944641113281,228.06776428222656,0.9999934434890747,400.9647521972656,250.984130859375,0.9999992847442627,410.1473693847656,246.16107177734375,0.9999836683273315,414.135498046875,253.442138671875,0.999977707862854,411.14453125,260.0113220214844,0.9999457597732544,401.4750061035156,263.7692565917969,0.9994088411331177,387.6884765625,255.75254821777344,0.9999815821647644,368.222412109375,170.31687927246094,0.9999983310699463,358.3135986328125,158.64854431152344,0.9999986886978149,368.016845703125,162.22747802734375,0.8024243116378784,370.1770324707031,154.91746520996094,0.9999794960021973,369.5940856933594,147.59144592285156,0.9999995827674866,360.9576110839844,143.03921508789062,0.9999857544898987,347.73797607421875,150.21070861816406,0.9999974966049194
49,551.7786254882812,237.88841247558594,0.9999998807907104,473.37054443359375,221.1549835205078,1.0,464.41748046875,234.9783172607422,0.9999985694885254,480.48248291015625,206.86351013183594,0.9999995231628418,355.6155090332031,191.53759765625,1.0,359.8810119628906,213.84698486328125,0.9999998807907104,422.72998046875,203.3020477294922,0.9999997615814209,356.3393249511719,204.01699829101562,0.9999999403953552,282.6406555175781,198.90097045898438,0.9999995827674866,204.62989807128906,200.16305541992188,0.9999944567680359,477.3524169921875,185.0664825439453,0.9999996423721313,494.6176452636719,185.16769409179688,0.9999998807907104,497.91156005859375,173.78932189941406,1.0,505.6399841308594,177.2506103515625,1.0,509.711669921875,183.92550659179688,1.0,505.0904846191406,190.78590393066406,0.9999996423721313,496.9241638183594,194.34603881835938,0.9999998807907104,439.35888671875,237.66567993164062,0.999988317489624,434.9012145996094,240.95240783691406,0.9999721050262451,429.761962890625,248.96591186523438,0.9998273849487305,439.924560546875,249.14527893066406,0.9993458986282349,446.2899169921875,245.47421264648438,0.9790539741516113,445.11553955078125,241.3896942138672,0.041398048400878906,420.8073425292969,243.77122497558594,0.35227644443511963,388.3891296386719,227.5232696533203,0.9999935626983643,400.77447509765625,250.72561645507812,0.9999994039535522,409.9319763183594,245.56748962402344,0.999984622001648,413.9642028808594,252.88333129882812,0.9999849796295166,411.2736511230469,259.7925109863281,0.999967098236084,401.5379943847656,263.6537780761719,0.9995284080505371,387.40423583984375,255.61009216308594,0.9999867081642151,368.5360412597656,169.66815185546875,0.9999973773956299,357.8912353515625,158.89605712890625,0.999998152256012,367.9720764160156,161.6776885986328,0.701913058757782,370.07135009765625,154.75411987304688,0.9999630451202393,369.1121520996094,147.41253662109375,0.9999993443489075,360.15875244140625,143.2055206298828,0.9999774098396301,347.441650390625,150.16380310058594,0.9999957084655762
50,552.948974609375,238.38131713867188,0.9999998807907104,474.7812805175781,220.69325256347656,1.0,464.7469787597656,235.08804321289062,0.9999980926513672,481.7184753417969,207.15884399414062,0.9999997019767761,357.28314208984375,191.9410858154297,1.0,360.653564453125,213.76885986328125,1.0,423.2525634765625,203.7898406982422,0.9999997615814209,357.5234375,204.14866638183594,1.0,286.3640441894531,198.64010620117188,0.9999997019767761,207.47560119628906,200.20175170898438,0.9999991655349731,477.49127197265625,185.27719116210938,0.9999996423721313,494.899658203125,184.61448669433594,1.0,498.0106506347656,173.7881622314453,1.0,506.4755859375,177.3027801513672,1.0,509.6751403808594,184.21145629882812,1.0,504.9327087402344,190.8978271484375,0.9999997615814209,496.8139343261719,194.60218811035156,0.9999998807907104,439.663330078125,237.6228790283203,0.9999878406524658,434.8359375,240.435302734375,0.9999849796295166,430.1338806152344,248.80825805664062,0.999920666217804,440.43804931640625,249.77175903320312,0.9997087717056274,446.70941162109375,245.2894287109375,0.9901778697967529,445.78509521484375,240.74188232421875,0.05197882652282715,421.2959289550781,243.40487670898438,0.35177528858184814,388.4163513183594,227.50929260253906,0.9999932050704956,400.887939453125,250.69227600097656,0.9999993443489075,410.2107238769531,245.6105194091797,0.9999854564666748,414.22564697265625,252.66018676757812,0.9999808073043823,411.39208984375,259.9796447753906,0.9999658465385437,399.91326904296875,263.9185485839844,0.999475359916687,386.7034912109375,255.65789794921875,0.9999876022338867,368.8333435058594,169.97279357910156,0.9999975562095642,357.8381042480469,159.01446533203125,0.9999985694885254,368.2747497558594,161.5213623046875,0.8840657472610474,370.1565856933594,154.46322631835938,0.9999788999557495,368.92120361328125,147.1411590576172,0.9999993443489075,359.6458740234375,144.36341857910156,0.9999832510948181,347.5185546875,150.5728759765625,0.9999915361404419
51,553.8909912109375,239.34378051757812,1.0,476.3562927246094,221.5546112060547,1.0,466.2657470703125,235.63360595703125,0.9999977350234985,482.51495361328125,206.39181518554688,0.9999998807907104,358.01788330078125,192.0624542236328,1.0,361.6545104980469,213.90139770507812,0.9999998807907104,424.70794677734375,204.0680694580078,0.9999992847442627,358.6319274902344,204.44647216796875,0.9999998807907104,287.2548828125,198.4809112548828,0.9999997615814209,207.03665161132812,200.0182342529297,0.9999989867210388,478.0299377441406,186.1224822998047,0.9999995827674866,495.0503234863281,184.6421661376953,1.0,498.2301940917969,173.694091796875,0.9999998807907104,505.9849548339844,177.4019012451172,0.9999999403953552,509.61785888671875,184.3813018798828,0.9999998807907104,504.8428649902344,190.93896484375,0.9999997615814209,497.10443115234375,194.50404357910156,0.9999997615814209,441.2530212402344,238.1329345703125,0.9999868869781494,434.8103332519531,240.34716796875,0.9999820590019226,430.711669921875,248.33103942871094,0.9998945593833923,440.77606201171875,249.07431030273438,0.9998254179954529,446.27227783203125,244.84707641601562,0.9925805926322937,445.5132141113281,240.4007568359375,0.030859053134918213,421.9810485839844,243.25552368164062,0.18080881237983704,389.38006591796875,227.41078186035156,0.9999901056289673,401.00360107421875,250.89816284179688,0.9999990463256836,410.523193359375,245.4628143310547,0.9999910593032837,414.2480163574219,252.65663146972656,0.9999798536300659,411.5928039550781,260.08734130859375,0.9999756813049316,400.07635498046875,264.0164489746094,0.9996931552886963,386.6871337890625,254.8020782470703,0.999973714351654,369.2704772949219,168.23402404785156,0.9999967813491821,357.9306945800781,159.0780792236328,0.9999979138374329,368.3183898925781,161.74281311035156,0.7095010876655579,370.40582275390625,154.56671142578125,0.9999775290489197,369.3465270996094,147.15335083007812,0.9999994039535522,360.4759826660156,143.70645141601562,0.9999762773513794,347.0625305175781,150.06552124023438,0.9999951124191284
52,554.7307739257812,240.13442993164062,1.0,476.7713317871094,222.45712280273438,1.0,467.04583740234375,236.1276397705078,0.9999963641166687,483.2996826171875,207.4993438720703,0.9999998807907104,359.1520690917969,192.50596618652344,1.0,362.6717224121094,213.8926544189453,0.9999995231628418,424.8966979980469,203.8443603515625,0.9999994039535522,359.739013671875,204.53353881835938,1.0,287.3921203613281,198.47740173339844,0.9999997615814209,208.0700225830078,200.27061462402344,0.9999996423721313,479.0104064941406,187.56935119628906,0.9999997019767761,495.2106018066406,184.8940887451172,1.0,498.0022277832031,173.6713409423828,0.9999999403953552,506.1095886230469,177.1934051513672,1.0,509.5562744140625,184.33938598632812,1.0,505.1985168457031,190.75265502929688,0.9999997615814209,497.79193115234375,194.37942504882812,0.9999998807907104,441.80902099609375,238.2194366455078,0.9999830722808838,435.16351318359375,240.52633666992188,0.999983012676239,431.2537841796875,248.5574493408203,0.9999441504478455,441.1241760253906,249.26104736328125,0.9998736381530762,446.5840759277344,244.66627502441406,0.9956190586090088,445.75457763671875,240.37965393066406,0.03846096992492676,422.0166931152344,243.2543487548828,0.1288125216960907,389.7369689941406,227.4691925048828,0.9999932050704956,400.9582824707031,250.64752197265625,0.9999992251396179,410.43560791015625,244.9696502685547,0.9999936819076538,414.1080627441406,251.99798583984375,0.9999854564666748,411.6980895996094,259.66302490234375,0.9999822378158569,400.0942687988281,263.8714904785156,0.9997602701187134,386.2123107910156,254.4112091064453,0.999973714351654,369.6666259765625,168.29505920410156,0.9999970197677612,357.93682861328125,159.79652404785156,0.9999977946281433,368.0698547363281,161.89137268066406,0.48786431550979614,370.3996276855469,155.03378295898438,0.9999507665634155,369.345947265625,147.5150604248047,0.9999992847442627,360.423828125,143.7168426513672,0.9999784231185913,346.6957092285156,150.23890686035156,0.999995231628418
53,555.02294921875,241.226806640625,1.0,477.1158142089844,223.2521209716797,1.0,467.3041687011719,235.9517364501953,0.9999958872795105,483.8574523925781,208.25074768066406,0.9999998807907104,359.146240234375,193.8122100830078,1.0,362.8236999511719,214.91461181640625,0.9999994039535522,425.6997375488281,204.50880432128906,0.9999997019767761,359.8336486816406,205.60520935058594,1.0,288.2796936035156,198.61004638671875,0.9999997615814209,210.0692901611328,200.2791290283203,0.9999998807907104,478.7598876953125,187.8826141357422,0.9999998211860657,495.4874572753906,185.48236083984375,1.0,497.88824462890625,173.6560821533203,0.9999999403953552,506.7974853515625,177.1015167236328,1.0,509.8391418457031,184.3441619873047,0.9999998807907104,505.9944763183594,190.8505401611328,0.9999997615814209,498.45367431640625,194.91104125976562,0.9999998807907104,442.8311462402344,238.7996368408203,0.9999802708625793,435.72918701171875,240.78768920898438,0.9999818801879883,431.4520568847656,248.54071044921875,0.9998781681060791,441.3278503417969,249.4918975830078,0.9997114539146423,446.50323486328125,244.8499755859375,0.9932646751403809,445.61956787109375,240.89447021484375,0.02938982844352722,421.91168212890625,243.5615692138672,0.08008819818496704,390.4230041503906,227.9198455810547,0.9999939203262329,401.0257873535156,250.7737274169922,0.9999988079071045,410.74188232421875,244.9942626953125,0.9999929666519165,414.1588439941406,251.7854461669922,0.9999822378158569,411.6785583496094,259.607177734375,0.9999860525131226,400.03839111328125,263.8069763183594,0.9998303651809692,386.00274658203125,254.02516174316406,0.9999595880508423,369.6828308105469,167.91973876953125,0.9999946355819702,357.56268310546875,159.1307830810547,0.9999972581863403,367.9423828125,161.83840942382812,0.35262781381607056,370.51318359375,155.13267517089844,0.9999157190322876,369.3659362792969,147.58831787109375,0.9999995231628418,360.1911315917969,142.78829956054688,0.9999791383743286,346.5810241699219,149.29592895507812,0.9999973773956299
54,555.533447265625,242.16748046875,1.0,477.5117492675781,224.31842041015625,1.0,468.5987243652344,236.68206787109375,0.9999968409538269,484.88995361328125,209.1985626220703,0.9999999403953552,360.8184509277344,194.5261993408203,0.9999999403953552,365.5046691894531,216.77200317382812,0.999998927116394,427.31494140625,205.52049255371094,0.9999998807907104,361.54254150390625,206.172119140625,0.9999998807907104,289.6826477050781,198.9087677001953,0.9999995827674866,210.86837768554688,199.75230407714844,0.9999999403953552,479.0451965332031,188.1461944580078,0.9999998807907104,495.7065124511719,185.7698211669922,1.0,497.4835510253906,173.7342529296875,0.9999998807907104,506.15667724609375,176.9925537109375,1.0,510.2298583984375,184.15133666992188,0.9999999403953552,506.63671875,191.02427673339844,0.9999997615814209,498.98394775390625,195.43621826171875,0.9999999403953552,445.2275695800781,237.75852966308594,0.9999577403068542,435.87237548828125,241.06027221679688,0.9999855756759644,431.18719482421875,248.66677856445312,0.9998354911804199,441.0278625488281,248.3415985107422,0.9996283054351807,446.21099853515625,245.39669799804688,0.9918918609619141,445.455810546875,241.56886291503906,0.025601953268051147,422.0376892089844,243.41571044921875,0.0922132134437561,391.4104919433594,228.42140197753906,0.9999918937683105,401.1925048828125,250.77125549316406,0.9999990463256836,410.99346923828125,244.99880981445312,0.9999943971633911,414.422119140625,251.50222778320312,0.9999849796295166,411.619140625,260.0623474121094,0.9999858140945435,399.87457275390625,264.04571533203125,0.9998554587364197,385.9579162597656,253.87086486816406,0.9999726414680481,369.74884033203125,168.28602600097656,0.9999935626983643,357.8060607910156,159.5082550048828,0.9999973773956299,368.1266174316406,162.27679443359375,0.3171371817588806,370.66351318359375,155.57290649414062,0.9999420642852783,369.47674560546875,147.90599060058594,0.9999996423721313,360.1509094238281,142.7750244140625,0.999983012676239,346.37518310546875,149.62364196777344,0.9999971389770508
55,555.6141967773438,242.69094848632812,1.0,478.0886535644531,225.51795959472656,1.0,470.4557189941406,237.2948455810547,0.9999963045120239,486.5191955566406,210.35340881347656,0.9999998807907104,360.392578125,195.15939331054688,0.9999998807907104,365.8387451171875,217.6370849609375,0.9999990463256836,427.26885986328125,206.2213592529297,0.9999997615814209,361.7928161621094,207.0770721435547,0.9999997615814209,289.3381042480469,198.78465270996094,0.9999995231628418,210.47581481933594,199.64730834960938,0.9999999403953552,481.4631042480469,190.30801391601562,1.0,497.4544677734375,186.099365234375,1.0,499.2799377441406,174.98097229003906,1.0,507.4233703613281,177.0532989501953,1.0,511.1327209472656,184.32289123535156,0.9999998807907104,507.9961242675781,190.15414428710938,0.9999996423721313,501.4343566894531,194.6529541015625,0.9999998807907104,446.043212890625,238.2444305419922,0.9999314546585083,435.670654296875,241.4795379638672,0.9999871253967285,431.32452392578125,249.20860290527344,0.9998480081558228,440.5463562011719,250.14605712890625,0.9995763301849365,445.7910461425781,245.3585968017578,0.9842011332511902,445.1508483886719,242.0181884765625,0.013279318809509277,422.3481140136719,243.76614379882812,0.0726114809513092,392.0757751464844,229.02359008789062,0.9999934434890747,401.10357666015625,250.7738494873047,0.9999991655349731,410.9123229980469,244.9130401611328,0.9999957084655762,414.06439208984375,251.3526153564453,0.9999904632568359,411.38983154296875,259.7705993652344,0.9999896287918091,399.9724426269531,263.88421630859375,0.9998747706413269,385.7781677246094,253.62197875976562,0.9999735355377197,369.8160400390625,167.58819580078125,0.9999967217445374,357.48797607421875,159.3502960205078,0.999997615814209,368.3162841796875,161.76820373535156,0.36290282011032104,370.5811462402344,155.07875061035156,0.9999402761459351,369.21484375,147.652099609375,0.9999997019767761,359.9400329589844,142.81417846679688,0.9999831318855286,346.3969421386719,149.79042053222656,0.9999969005584717
56,555.6161499023438,242.4788360595703,1.0,478.47357177734375,224.8140106201172,1.0,470.9819641113281,237.50857543945312,0.9999960064888,487.2220153808594,211.3590087890625,0.9999998807907104,360.5389099121094,195.32679748535156,1.0,365.7863464355469,217.74378967285156,0.9999988079071045,427.40313720703125,206.7139434814453,0.9999997615814209,361.9374694824219,207.0680694580078,0.9999997615814209,289.45196533203125,198.93533325195312,0.9999992847442627,210.83143615722656,199.82992553710938,0.9999998807907104,483.1946105957031,191.60484313964844,1.0,499.7993469238281,187.5355682373047,1.0,501.0673828125,176.4280242919922,1.0,508.8987121582031,178.9891357421875,1.0,511.2466735839844,185.95648193359375,0.9999997615814209,509.6855163574219,191.2832794189453,0.9999994039535522,503.1920471191406,195.71109008789062,0.9999992847442627,446.3470764160156,238.17555236816406,0.9999227523803711,436.0906677246094,241.60992431640625,0.999987006187439,431.4441833496094,248.93601989746094,0.999842643737793,441.1281433105469,250.19732666015625,0.9996345043182373,446.4720764160156,245.29849243164062,0.9871112108230591,445.52081298828125,241.68386840820312,0.01114565134048462,422.37689208984375,243.4735107421875,0.05586472153663635,392.2740478515625,229.05274963378906,0.999992847442627,401.0732421875,250.64662170410156,0.9999992847442627,410.923095703125,244.871826171875,0.9999958276748657,413.9972839355469,251.2183837890625,0.9999921917915344,411.33544921875,259.6713562011719,0.9999885559082031,400.9317321777344,263.8257751464844,0.9998505115509033,385.7916259765625,253.4551239013672,0.9999769926071167,369.9923095703125,167.8485565185547,0.9999971389770508,357.48846435546875,159.55630493164062,0.9999971389770508,368.2408752441406,161.8929901123047,0.4807549715042114,370.6802673339844,155.31851196289062,0.9999503493309021,369.3837890625,147.7741241455078,0.9999997615814209,360.0111083984375,143.0649871826172,0.9999837875366211,346.6046447753906,150.23123168945312,0.9999954700469971
57,555.546630859375,242.59722900390625,1.0,479.3753662109375,225.71348571777344,1.0,471.3957824707031,237.89659118652344,0.9999978542327881,488.8031005859375,213.05601501464844,0.9999997615814209,360.7055969238281,195.56626892089844,0.9999999403953552,366.2911071777344,217.75518798828125,0.9999991059303284,428.38031005859375,206.9178009033203,0.9999997019767761,362.2901306152344,207.06622314453125,0.9999997615814209,288.9853515625,199.21517944335938,0.9999992847442627,210.77975463867188,199.79925537109375,0.9999998807907104,488.1909484863281,192.24038696289062,0.9999998807907104,504.8805847167969,190.449462890625,0.9999999403953552,505.2144470214844,180.0042266845703,0.9999994039535522,510.7294921875,182.81719970703125,0.9999984502792358,514.151123046875,187.3441162109375,0.9999974966049194,510.6057434082031,192.35179138183594,0.9999961853027344,506.25921630859375,197.80934143066406,0.9998118281364441,446.6961669921875,238.03585815429688,0.9999393820762634,436.872802734375,241.5925750732422,0.9999853372573853,431.2587585449219,248.42160034179688,0.9998509287834167,441.916748046875,248.27394104003906,0.9997695088386536,447.1972351074219,245.07742309570312,0.9898311495780945,446.1677551269531,241.5673828125,0.011766999959945679,422.7807312011719,243.64431762695312,0.03875413537025452,392.92413330078125,228.97315979003906,0.9999896883964539,401.26055908203125,250.62742614746094,0.9999995231628418,410.9251708984375,244.810302734375,0.9999969005584717,414.1222229003906,251.33804321289062,0.9999936819076538,411.52947998046875,259.8688049316406,0.9999908208847046,399.7250671386719,263.9258728027344,0.9998751878738403,385.825439453125,253.46949768066406,0.9999778270721436,370.2178955078125,167.89938354492188,0.999997079372406,357.9580993652344,160.21578979492188,0.9999969601631165,368.29986572265625,162.06703186035156,0.22922992706298828,370.7907409667969,155.77630615234375,0.9999058246612549,369.7972106933594,148.10389709472656,0.9999997615814209,360.6459045410156,142.9520721435547,0.9999887943267822,346.7214660644531,149.898193359375,0.9999969601631165
58,555.6417846679688,242.7563934326172,1.0,482.0701904296875,225.38519287109375,1.0,473.3699645996094,237.6707000732422,0.9999990463256836,491.1700134277344,213.61753845214844,0.9999996423721313,360.8821105957031,195.706787109375,0.9999999403953552,367.1917419433594,218.13705444335938,0.999999463558197,429.6651306152344,207.04579162597656,0.9999996423721313,362.8465881347656,207.29098510742188,0.9999997615814209,289.38006591796875,199.6776885986328,0.9999986886978149,210.68653869628906,199.68154907226562,0.9999998807907104,492.2418518066406,193.6427001953125,0.9999999403953552,509.4454040527344,195.2925567626953,1.0,510.03045654296875,185.63345336914062,0.9999775886535645,516.508056640625,187.33404541015625,0.9999509453773499,519.2757568359375,193.25616455078125,0.9997445344924927,517.8978271484375,197.99832153320312,0.9999853372573853,510.40313720703125,201.75686645507812,0.9988742470741272,448.1830139160156,238.219970703125,0.9999142289161682,437.1011962890625,241.59205627441406,0.9999874234199524,431.65911865234375,248.6935272216797,0.999828577041626,442.29266357421875,248.2561798095703,0.999672532081604,447.548828125,245.05471801757812,0.9755829572677612,446.44873046875,241.74827575683594,0.005244314670562744,433.1324462890625,241.5352325439453,0.024716556072235107,392.8169860839844,229.40005493164062,0.9999864101409912,401.11932373046875,250.70799255371094,0.9999995231628418,410.7209777832031,244.86024475097656,0.9999969005584717,413.8347473144531,251.57760620117188,0.9999942779541016,411.3370666503906,259.888671875,0.9999922513961792,399.62640380859375,264.0452880859375,0.9998841285705566,385.5878601074219,253.4346160888672,0.9999804496765137,370.0854797363281,167.85903930664062,0.9999974966049194,357.6724548339844,159.7103271484375,0.9999966621398926,368.4233703613281,162.2023468017578,0.2181466519832611,370.8570251464844,155.77825927734375,0.9999127388000488,369.8218994140625,148.1294708251953,0.9999997615814209,360.6522216796875,142.9506378173828,0.9999880790710449,346.6298828125,149.95904541015625,0.9999963641166687
59,556.468994140625,243.4617462158203,1.0,482.1766052246094,225.2168426513672,0.9999999403953552,471.9754333496094,238.27476501464844,0.9999990463256836,491.263427734375,211.96246337890625,0.9999995827674866,361.5029296875,195.3115234375,1.0,367.7447814941406,218.09559631347656,0.9999995231628418,430.9029541015625,206.94276428222656,0.9999997019767761,363.42193603515625,207.07623291015625,0.9999997019767761,291.4007873535156,201.53465270996094,0.9999988675117493,211.9549560546875,198.93511962890625,0.9999999403953552,502.0531921386719,199.018310546875,0.9999998807907104,521.2072143554688,203.54652404785156,0.9999998807907104,524.0164794921875,194.98043823242188,0.9999994039535522,529.6582641601562,197.61282348632812,0.9999998807907104,533.3909912109375,202.49560546875,0.9999996423721313,528.0068969726562,207.725341796875,0.9999990463256836,522.2017211914062,211.03668212890625,0.9999948740005493,448.7869873046875,238.64840698242188,0.9999123811721802,437.5282897949219,241.5824432373047,0.999984622001648,431.8417663574219,248.8098602294922,0.999791145324707,442.1156311035156,248.27020263671875,0.9995546936988831,447.6598205566406,245.1577911376953,0.954816997051239,446.1883850097656,241.95867919921875,0.0030325651168823242,433.5689392089844,241.46725463867188,0.03064119815826416,393.8225402832031,229.47532653808594,0.9999904632568359,401.1398010253906,249.96319580078125,0.9999996423721313,410.7325439453125,244.49916076660156,0.9999971389770508,413.35479736328125,250.83212280273438,0.9999953508377075,410.949462890625,258.80615234375,0.999988853931427,400.67474365234375,263.2768249511719,0.9998781085014343,385.3840637207031,252.35777282714844,0.9999752044677734,370.2524108886719,167.29898071289062,0.9999974966049194,357.69732666015625,159.6315460205078,0.9999967217445374,368.5364074707031,162.11630249023438,0.1927817463874817,370.7288513183594,155.81358337402344,0.9998867511749268,369.7430419921875,148.20944213867188,0.9999997019767761,360.6240234375,143.0392303466797,0.9999868273735046,346.6593017578125,149.86827087402344,0.9999959468841553
60,557.6583862304688,244.6835174560547,1.0,481.6441955566406,224.585205078125,1.0,471.5030212402344,237.99978637695312,0.9999982118606567,492.5138244628906,212.17144775390625,0.9999995231628418,362.084716796875,195.28628540039062,0.9999998807907104,368.0417785644531,217.8621368408203,0.9999996423721313,431.2229309082031,206.6642303466797,0.9999996423721313,363.905517578125,206.9116973876953,0.9999995231628418,292.3528747558594,201.88006591796875,0.9999991059303284,212.19126892089844,198.7161407470703,0.9999998807907104,510.36859130859375,199.97113037109375,0.9999932050704956,531.0418701171875,204.90724182128906,0.9999998807907104,533.2174682617188,196.80966186523438,0.9999998807907104,538.5567626953125,198.4857635498047,0.9999982118606567,542.4322509765625,204.53848266601562,0.9999884366989136,538.295166015625,209.6018524169922,0.9999862909317017,530.8970336914062,212.11270141601562,0.9999996423721313,448.4167785644531,238.22607421875,0.9999148845672607,437.44097900390625,240.8510284423828,0.9999731779098511,431.7375183105469,248.37330627441406,0.9996973276138306,442.0831604003906,247.88475036621094,0.999384343624115,447.33892822265625,245.17330932617188,0.958152174949646,446.22003173828125,241.6809539794922,0.0030004680156707764,433.75018310546875,240.78558349609375,0.030913084745407104,393.25946044921875,229.36412048339844,0.9999862909317017,401.09405517578125,250.1055450439453,0.9999996423721313,410.7680969238281,244.58706665039062,0.9999966621398926,413.5865173339844,251.19137573242188,0.9999934434890747,411.2788391113281,258.8836669921875,0.9999881982803345,400.8125,263.5805969238281,0.9998766779899597,385.4211120605469,252.3899688720703,0.9999775290489197,370.2058410644531,167.58668518066406,0.9999972581863403,357.7979736328125,160.44114685058594,0.9999970197677612,368.422119140625,162.38784790039062,0.1046845018863678,370.5813293457031,156.1092071533203,0.999848484992981,369.728515625,148.51292419433594,0.9999996423721313,360.6382751464844,143.1153106689453,0.9999875426292419,346.61761474609375,149.964599609375,0.9999947547912598
61,558.102294921875,246.3831787109375,1.0,482.627685546875,225.622314453125,1.0,471.6568603515625,238.46295166015625,0.999995768070221,493.88055419921875,213.09408569335938,0.9999993443489075,363.2691955566406,194.59877014160156,0.9999999403953552,369.1506042480469,217.471435546875,0.9999998807907104,432.2045593261719,207.7106170654297,0.9999998807907104,364.9693908691406,206.5919647216797,0.9999996423721313,293.59075927734375,202.5173797607422,0.9999995827674866,212.4375762939453,199.05653381347656,0.9999998807907104,512.8604736328125,202.3044891357422,0.9999758005142212,534.0940551757812,203.33126831054688,1.0,536.1095581054688,193.75819396972656,0.9999979138374329,542.168212890625,195.96678161621094,0.9999977350234985,546.3145751953125,202.394775390625,0.9999974966049194,541.9798583984375,208.6365509033203,0.9999873638153076,534.4952392578125,211.2084197998047,0.999994158744812,448.9566345214844,238.90774536132812,0.9999092817306519,437.750244140625,241.2301483154297,0.999983549118042,431.5641784667969,249.20802307128906,0.9998124837875366,441.653564453125,248.2820587158203,0.9993875622749329,447.2218322753906,245.26821899414062,0.9421328902244568,446.00396728515625,241.88006591796875,0.0019974112510681152,434.8489074707031,241.51414489746094,0.02250373363494873,394.1564636230469,228.92543029785156,0.9999879598617554,401.0975646972656,250.32647705078125,0.9999995827674866,410.9053039550781,244.88294982910156,0.9999963045120239,413.54925537109375,251.39141845703125,0.9999923706054688,411.4327087402344,258.87811279296875,0.999991774559021,400.9033508300781,263.5722351074219,0.999915361404419,385.5653991699219,252.1939239501953,0.9999717473983765,370.36846923828125,166.4328155517578,0.9999967813491821,357.78533935546875,159.65948486328125,0.9999948740005493,368.5186767578125,162.14923095703125,0.030860871076583862,370.79217529296875,156.22262573242188,0.9996663331985474,369.87445068359375,148.55894470214844,0.9999996423721313,361.1416320800781,142.5646209716797,0.9999830722808838,345.9779357910156,149.77383422851562,0.9999947547912598
62,557.9647216796875,246.7296905517578,0.9999998807907104,482.9702453613281,225.9851837158203,0.9999998807907104,471.6062316894531,239.93130493164062,0.9999948740005493,494.41900634765625,213.57992553710938,0.9999991655349731,364.031494140625,194.44818115234375,0.9999998807907104,369.82989501953125,217.7259979248047,0.9999998807907104,433.1318664550781,208.4659881591797,1.0,365.8318176269531,206.82261657714844,0.9999997019767761,294.18316650390625,202.4175262451172,0.9999994039535522,213.13372802734375,199.29286193847656,0.9999997615814209,513.2196655273438,201.6388702392578,0.9999968409538269,533.4642333984375,203.02072143554688,1.0,535.7880859375,192.78012084960938,0.9999992847442627,542.0464477539062,195.18846130371094,0.9999995231628418,545.1854858398438,202.02072143554688,0.9999989867210388,540.715087890625,208.07025146484375,0.9999966621398926,534.2974853515625,211.36488342285156,0.9999994039535522,449.0306701660156,239.42922973632812,0.9998049139976501,438.0127868652344,241.55563354492188,0.9999812841415405,431.7275695800781,249.4005889892578,0.999801754951477,441.584228515625,248.5420379638672,0.9993605613708496,446.943115234375,245.31570434570312,0.9510959386825562,445.8460693359375,242.2037811279297,0.0025142133235931396,435.00958251953125,241.72386169433594,0.01852366328239441,394.48638916015625,229.42263793945312,0.9999908804893494,401.3366394042969,250.31138610839844,0.9999995231628418,411.0604248046875,244.9143829345703,0.9999938011169434,413.7090148925781,251.48468017578125,0.999991774559021,411.4700622558594,258.9859619140625,0.9999922513961792,400.8583679199219,263.67730712890625,0.9999288320541382,385.5986022949219,251.79876708984375,0.9999793171882629,370.9853210449219,165.3960723876953,0.9999974966049194,357.64520263671875,159.74612426757812,0.9999954700469971,368.74298095703125,162.07437133789062,0.027285903692245483,370.7187194824219,156.176025390625,0.9995684623718262,369.81573486328125,148.67481994628906,0.9999995827674866,361.02642822265625,142.79220581054688,0.999984085559845,345.98150634765625,149.88946533203125,0.9999943971633911
63,558.364990234375,247.35916137695312,0.9999998807907104,483.4979553222656,227.30589294433594,1.0,471.54180908203125,239.55931091308594,0.9999901056289673,494.847412109375,214.13278198242188,0.9999991655349731,364.60955810546875,194.57363891601562,0.9999998807907104,370.3540344238281,218.00474548339844,0.9999998807907104,433.47589111328125,208.61607360839844,1.0,366.47119140625,206.9587860107422,0.9999998211860657,295.783935546875,202.67599487304688,0.9999988079071045,212.02891540527344,198.98988342285156,0.9999997615814209,511.5050354003906,200.92916870117188,0.9999960064888,532.7237548828125,202.23690795898438,1.0,535.7853393554688,192.1066131591797,0.9999995231628418,541.7825927734375,194.89341735839844,0.9999998211860657,544.9619140625,201.3706512451172,0.9999994039535522,539.6347045898438,207.84571838378906,0.9999942779541016,533.6024169921875,210.16494750976562,0.9999994039535522,449.693359375,240.30130004882812,0.9998311400413513,438.08709716796875,241.88265991210938,0.9999707937240601,431.8018798828125,249.48388671875,0.999764621257782,441.4266662597656,248.76547241210938,0.999301552772522,446.75689697265625,245.5552215576172,0.9312542080879211,445.7705993652344,242.88442993164062,0.0017256438732147217,435.0306396484375,241.6831512451172,0.010940968990325928,394.5595397949219,229.34036254882812,0.9999921321868896,401.538818359375,250.34600830078125,0.9999995231628418,411.23211669921875,244.91110229492188,0.9999924898147583,413.74066162109375,251.33770751953125,0.9999927282333374,411.5735778808594,258.96209716796875,0.9999933242797852,400.971923828125,263.8150634765625,0.9999288320541382,385.1591491699219,251.61322021484375,0.9999790191650391,370.8934020996094,166.1305389404297,0.9999983310699463,357.6369323730469,159.78701782226562,0.9999959468841553,368.41558837890625,162.5032196044922,0.01543530821800232,370.7104187011719,156.67694091796875,0.9993220567703247,369.9806213378906,149.0050506591797,0.9999996423721313,361.70587158203125,142.72499084472656,0.9999905824661255,345.7270202636719,149.63917541503906,0.9999958276748657
64,557.9041137695312,248.17404174804688,0.9999998211860657,483.9059143066406,228.77975463867188,1.0,472.03558349609375,240.63990783691406,0.9999903440475464,495.15655517578125,215.18727111816406,0.9999983310699463,365.2932434082031,194.420654296875,0.9999999403953552,370.81842041015625,218.0102081298828,0.9999999403953552,433.542236328125,209.117431640625,1.0,367.01251220703125,206.97140502929688,0.9999998807907104,297.64776611328125,202.49671936035156,0.9999961853027344,211.49078369140625,198.7711639404297,0.9999997019767761,511.0970458984375,201.24928283691406,0.9999966025352478,531.6765747070312,202.30613708496094,1.0,534.9284057617188,192.32708740234375,0.9999997019767761,541.3184814453125,195.06246948242188,0.9999998807907104,544.221435546875,201.66952514648438,0.9999996423721313,540.07470703125,207.5536651611328,0.999998152256012,533.1636352539062,210.56764221191406,0.9999996423721313,450.2538757324219,241.1160430908203,0.9997904300689697,438.83270263671875,242.7550506591797,0.9999823570251465,432.6849365234375,249.17649841308594,0.9999288320541382,442.360595703125,249.0684356689453,0.9998375177383423,447.6203308105469,245.8478240966797,0.9796440601348877,446.5031433105469,242.92872619628906,0.004705607891082764,435.506591796875,241.9307403564453,0.009859055280685425,394.5845947265625,229.6470947265625,0.9999927282333374,401.4497375488281,250.36474609375,0.999999463558197,411.03692626953125,245.05125427246094,0.9999946355819702,413.4791259765625,251.35292053222656,0.9999939799308777,411.3713073730469,259.0065002441406,0.9999938607215881,400.8586730957031,263.89715576171875,0.9999405741691589,385.0728759765625,251.60293579101562,0.999981164932251,370.999755859375,166.3031768798828,0.9999986886978149,357.60870361328125,159.65660095214844,0.9999954700469971,368.4171447753906,162.46725463867188,0.007540017366409302,370.6116638183594,156.7401885986328,0.9991164803504944,369.9262390136719,149.0391082763672,0.9999995827674866,361.6341247558594,142.57144165039062,0.9999876022338867,345.4533996582031,149.69898986816406,0.9999943971633911
65,558.0617065429688,248.34182739257812,0.9999998807907104,484.656005859375,230.30345153808594,0.9999999403953552,472.5451354980469,241.84681701660156,0.9999900460243225,494.3048095703125,214.88778686523438,0.9999977350234985,365.5747985839844,194.4684295654297,0.9999999403953552,370.9492492675781,218.13775634765625,0.9999998807907104,433.4374694824219,209.56690979003906,1.0,367.2760009765625,206.82254028320312,0.9999998807907104,296.79656982421875,202.43484497070312,0.9999969005584717,215.5293731689453,198.70956420898438,0.9999992251396179,510.8134765625,201.05780029296875,0.9999978542327881,531.3194580078125,202.10287475585938,1.0,534.4729614257812,192.28073120117188,0.9999998807907104,540.934814453125,195.00474548339844,1.0,543.9783935546875,201.41278076171875,0.9999995827674866,539.5514526367188,207.25926208496094,0.9999979734420776,532.5729370117188,210.28750610351562,0.9999997615814209,450.4826354980469,241.8052978515625,0.9998477697372437,438.7690124511719,243.19033813476562,0.9999839663505554,432.3212890625,249.70184326171875,0.9999270439147949,441.84564208984375,249.45181274414062,0.9997836947441101,447.2336730957031,246.57945251464844,0.9773920774459839,446.38580322265625,243.4898681640625,0.004131346940994263,435.6027526855469,242.4840087890625,0.008322298526763916,394.5281677246094,229.9938507080078,0.999990701675415,401.3655090332031,250.4579315185547,0.999999463558197,410.9142761230469,245.4305419921875,0.999992311000824,413.359619140625,251.593994140625,0.9999939203262329,411.27825927734375,259.16656494140625,0.9999934434890747,400.71087646484375,263.94049072265625,0.9999409914016724,385.1953125,251.4743194580078,0.9999792575836182,371.0929260253906,166.48985290527344,0.9999983906745911,357.66192626953125,159.62364196777344,0.9999957084655762,368.4850769042969,162.4801788330078,0.006475269794464111,370.68768310546875,156.87095642089844,0.9988078474998474,369.9719543457031,149.101806640625,0.9999995231628418,361.7232666015625,142.56654357910156,0.9999871253967285,345.62103271484375,149.5832061767578,0.9999954700469971
66,558.193603515625,248.13343811035156,0.9999997615814209,485.8907470703125,231.15655517578125,1.0,474.5008239746094,241.76675415039062,0.9999953508377075,495.1559753417969,215.3814239501953,0.9999984502792358,365.8310546875,194.6593017578125,0.9999999403953552,371.0950622558594,218.3267364501953,0.9999998807907104,433.537109375,209.97164916992188,1.0,367.3577575683594,207.04742431640625,0.9999999403953552,298.07696533203125,202.52584838867188,0.9999979138374329,217.5145263671875,199.49610900878906,0.9999991655349731,510.5182800292969,200.9661102294922,0.9999978542327881,530.6583862304688,202.31723022460938,1.0,534.0182495117188,192.45947265625,0.9999998807907104,540.3868408203125,195.130126953125,1.0,543.08642578125,201.49636840820312,0.9999995827674866,538.9061889648438,207.6829071044922,0.9999990463256836,531.96337890625,210.6580810546875,0.9999998211860657,451.74017333984375,243.26971435546875,0.9999167323112488,438.95989990234375,244.0457763671875,0.9999712109565735,432.838134765625,251.21292114257812,0.9998236894607544,442.04962158203125,250.79139709472656,0.9991437196731567,447.3468933105469,247.5542449951172,0.7881672382354736,446.60174560546875,244.85325622558594,0.0006287992000579834,434.55841064453125,243.21031188964844,0.008033990859985352,394.9881286621094,230.64833068847656,0.9999933838844299,401.52447509765625,250.39724731445312,0.9999995231628418,410.8269348144531,245.5330047607422,0.999994158744812,413.3765869140625,251.55438232421875,0.9999933242797852,411.2098083496094,259.0975646972656,0.9999933838844299,400.6845703125,263.6438903808594,0.99993896484375,385.2936706542969,251.44784545898438,0.9999761581420898,371.0992736816406,165.92581176757812,0.9999978542327881,357.7313537597656,159.6636199951172,0.9999940991401672,368.6611633300781,162.54164123535156,0.001930326223373413,370.5244140625,156.89059448242188,0.9975976347923279,370.08380126953125,149.18458557128906,0.9999994039535522,361.79486083984375,142.34884643554688,0.9999849200248718,345.37762451171875,149.64564514160156,0.9999945759773254
67,557.9866333007812,248.21827697753906,0.9999998807907104,486.69732666015625,232.49154663085938,1.0,475.713134765625,243.0537872314453,0.9999972581863403,495.72900390625,217.049072265625,0.9999986886978149,366.609130859375,195.2920379638672,1.0,371.3847351074219,218.536376953125,0.9999998807907104,433.6651306152344,210.7508544921875,1.0,367.8896484375,207.55247497558594,0.9999999403953552,298.43328857421875,202.49697875976562,0.9999983310699463,217.63037109375,199.7425994873047,0.9999990463256836,510.4649658203125,200.93539428710938,0.9999992251396179,529.98681640625,202.31459045410156,1.0,533.213134765625,192.34774780273438,0.9999998807907104,539.8748779296875,195.08163452148438,0.9999998807907104,543.174072265625,201.3311309814453,0.9999996423721313,538.7647705078125,207.79049682617188,0.9999990463256836,531.4080810546875,210.85931396484375,0.9999999403953552,451.8624267578125,244.23045349121094,0.9998569488525391,438.0953063964844,244.37522888183594,0.9999589920043945,431.63751220703125,251.89610290527344,0.9995627403259277,440.32147216796875,251.6509552001953,0.9969106316566467,445.9082946777344,247.97500610351562,0.6289017200469971,348.1443176269531,148.04156494140625,0.0006540417671203613,433.70220947265625,243.70272827148438,0.011738240718841553,395.31756591796875,231.12875366210938,0.9999955892562866,401.3252258300781,250.360595703125,0.9999995827674866,410.5382080078125,245.529052734375,0.9999954104423523,413.185302734375,251.52088928222656,0.9999945163726807,411.379150390625,259.187255859375,0.9999958872795105,400.5873107910156,263.8005676269531,0.9999582767486572,385.4695739746094,251.35549926757812,0.999981164932251,371.1758117675781,166.87261962890625,0.999998152256012,357.9422302246094,159.89854431152344,0.9999945163726807,368.7865905761719,162.84515380859375,0.0019380748271942139,370.84283447265625,157.1277618408203,0.9982746839523315,370.3460998535156,149.21229553222656,0.9999995231628418,361.8471374511719,142.24891662597656,0.9999864101409912,345.3268127441406,149.81143188476562,0.999995231628418
68,558.6883544921875,248.96487426757812,0.9999998807907104,487.1593933105469,233.07598876953125,1.0,476.114013671875,243.57095336914062,0.9999979734420776,495.639892578125,217.5677490234375,0.9999994039535522,367.398193359375,195.8323974609375,1.0,372.583251953125,218.3828582763672,0.9999999403953552,434.0951843261719,211.08740234375,1.0,368.3380432128906,207.29942321777344,0.9999998807907104,299.5090026855469,202.89605712890625,0.9999985694885254,219.6246337890625,199.3214569091797,0.9999995827674866,510.4191589355469,201.3872528076172,0.9999986886978149,529.3533325195312,202.4341278076172,1.0,532.4006958007812,192.5310516357422,0.9999998807907104,538.9197387695312,194.98602294921875,0.9999999403953552,543.2457275390625,201.0097198486328,0.9999995827674866,537.9182739257812,207.58261108398438,0.9999986886978149,530.8670043945312,210.7938995361328,0.9999998807907104,452.0588073730469,244.8147735595703,0.9998562335968018,438.40673828125,244.3862762451172,0.9999654293060303,431.5653076171875,252.03884887695312,0.999731183052063,440.5212707519531,251.69874572753906,0.9983842372894287,446.0468444824219,248.3350067138672,0.7566097378730774,348.0388488769531,148.1162872314453,0.0006708204746246338,434.1800231933594,243.67811584472656,0.01510918140411377,395.7576904296875,231.47511291503906,0.9999938011169434,401.3772888183594,250.2674560546875,0.9999996423721313,410.5325927734375,245.31674194335938,0.9999938011169434,413.1832275390625,251.3568572998047,0.9999944567680359,411.45831298828125,259.1773376464844,0.999994695186615,400.44720458984375,263.85595703125,0.9999633431434631,385.51806640625,251.38565063476562,0.9999871253967285,371.2220458984375,166.5905303955078,0.9999983310699463,357.9819641113281,159.88185119628906,0.9999939799308777,368.81744384765625,162.78652954101562,0.0015490949153900146,370.8291015625,157.1320343017578,0.9976733922958374,370.25531005859375,149.18887329101562,0.999999463558197,361.8348693847656,142.24087524414062,0.999984085559845,345.144287109375,149.8638916015625,0.9999942779541016
69,559.13916015625,249.81491088867188,0.9999997615814209,487.8388366699219,233.96829223632812,1.0,476.8155822753906,244.38519287109375,0.9999978542327881,496.1620788574219,218.07833862304688,0.9999996423721313,368.6095886230469,196.22705078125,1.0,373.4223327636719,218.9276885986328,0.9999999403953552,434.7257385253906,211.7862091064453,1.0,369.41998291015625,207.48524475097656,1.0,299.6555480957031,202.7539520263672,0.9999983310699463,219.60284423828125,199.58900451660156,0.9999994039535522,510.28369140625,201.5149688720703,0.9999986290931702,529.23486328125,202.43649291992188,1.0,532.0323486328125,192.7467498779297,0.9999998807907104,538.6846923828125,195.10171508789062,0.9999999403953552,543.0845336914062,201.1283721923828,0.999999463558197,537.676025390625,207.60861206054688,0.9999987483024597,530.8578491210938,210.7155303955078,0.9999997019767761,452.36456298828125,245.65806579589844,0.9998139142990112,438.9834899902344,244.68862915039062,0.9999626874923706,431.71807861328125,252.1184539794922,0.9997682571411133,440.7424011230469,252.1092987060547,0.9988423585891724,446.24462890625,248.73464965820312,0.8127878904342651,446.29461669921875,245.8163604736328,0.0008215606212615967,434.287109375,244.24832153320312,0.00957942008972168,396.26605224609375,231.9178009033203,0.9999938607215881,401.352294921875,250.36717224121094,0.9999997615814209,410.43499755859375,245.5552978515625,0.9999938607215881,413.1434020996094,251.51829528808594,0.9999950528144836,411.3645935058594,259.4875183105469,0.9999957084655762,400.2625732421875,264.02191162109375,0.9999661445617676,385.4749755859375,251.23631286621094,0.9999892711639404,371.587646484375,167.15811157226562,0.9999986290931702,357.3570556640625,160.60923767089844,0.999993622303009,368.66253662109375,163.2061767578125,0.0013136863708496094,371.0842590332031,157.51368713378906,0.9980600476264954,370.4617614746094,149.28175354003906,0.9999995827674866,362.0433654785156,142.24705505371094,0.9999881386756897,344.99163818359375,149.9697265625,0.9999947547912598
70,559.4683227539062,250.14566040039062,0.9999997615814209,487.5249328613281,234.3530731201172,1.0,477.03887939453125,245.2416229248047,0.9999985694885254,496.3800964355469,218.7633514404297,0.9999997615814209,369.5962219238281,196.41607666015625,1.0,373.2596740722656,218.923583984375,0.9999998807907104,435.1136474609375,212.44664001464844,1.0,370.2622985839844,207.8415069580078,1.0,301.22265625,203.09234619140625,0.9999985694885254,220.01637268066406,199.33982849121094,0.9999994039535522,509.9110107421875,201.4293212890625,0.9999985694885254,529.0907592773438,202.2698974609375,1.0,531.5328979492188,192.8702392578125,0.9999998807907104,538.35888671875,194.99986267089844,0.9999998807907104,542.8775024414062,200.97457885742188,0.999999463558197,537.6268920898438,207.44349670410156,0.9999979734420776,530.7561645507812,210.5750732421875,0.9999995231628418,452.7637023925781,246.2906951904297,0.99986732006073,439.63665771484375,245.15414428710938,0.9999174475669861,432.3480529785156,252.3396759033203,0.999475359916687,441.0847473144531,252.3333282470703,0.9973875284194946,445.83941650390625,249.55770874023438,0.6803830862045288,348.357666015625,148.00767517089844,0.0008093416690826416,434.06494140625,244.40234375,0.0050550103187561035,396.3166809082031,232.10179138183594,0.9999948143959045,401.60223388671875,250.49635314941406,0.9999997019767761,410.73291015625,245.7991180419922,0.9999929666519165,413.3404846191406,252.1613311767578,0.9999933242797852,411.6145324707031,259.6325378417969,0.9999943375587463,400.3469543457031,264.146240234375,0.9999632239341736,385.52178955078125,251.27639770507812,0.9999909400939941,371.92596435546875,167.45213317871094,0.9999992847442627,357.86883544921875,159.79493713378906,0.9999957084655762,368.2345275878906,163.35491943359375,0.0037835538387298584,370.9364013671875,157.94200134277344,0.9988257884979248,370.44464111328125,149.3170623779297,0.9999997615814209,362.1510314941406,142.4636688232422,0.9999904632568359,345.3087158203125,149.531494140625,0.9999961853027344
71,559.5889282226562,250.26498413085938,0.9999998807907104,488.5036315917969,235.2270965576172,1.0,477.6839904785156,245.37322998046875,0.9999990463256836,497.00323486328125,219.1801300048828,0.9999998211860657,370.2276611328125,196.66119384765625,1.0,374.4409484863281,219.23878479003906,0.9999998807907104,435.36322021484375,212.38499450683594,1.0,370.79962158203125,208.4004364013672,1.0,301.9290771484375,203.34335327148438,0.9999984502792358,220.9603729248047,198.87728881835938,0.9999995231628418,509.48846435546875,201.12936401367188,0.9999990463256836,528.9069213867188,202.23194885253906,1.0,531.3633422851562,192.86439514160156,0.9999998807907104,538.2074584960938,195.0303497314453,0.9999998807907104,542.7438354492188,200.92379760742188,0.9999995231628418,537.6109619140625,207.6304931640625,0.9999984502792358,530.6074829101562,210.88589477539062,0.9999996423721313,453.95013427734375,247.05194091796875,0.9994131326675415,439.5073547363281,245.67132568359375,0.9997962713241577,431.95526123046875,252.67605590820312,0.9989428520202637,440.5281982421875,252.64797973632812,0.9922406077384949,445.03656005859375,249.76466369628906,0.45479580760002136,348.3949890136719,147.7494659423828,0.0008165240287780762,433.5177917480469,244.49546813964844,0.00552406907081604,396.8420715332031,232.1409454345703,0.9999957084655762,401.40673828125,250.3446502685547,0.9999997615814209,410.3367614746094,245.55096435546875,0.9999925494194031,413.44989013671875,251.8890380859375,0.9999942183494568,411.4718933105469,259.5433349609375,0.9999950528144836,400.1576843261719,264.1202697753906,0.999966025352478,385.3252868652344,251.0517578125,0.999990701675415,371.98712158203125,167.8291473388672,0.9999993443489075,357.7585754394531,159.70213317871094,0.9999959468841553,368.362548828125,163.2401580810547,0.0033408701419830322,370.93646240234375,157.926513671875,0.9981529712677002,370.3540954589844,149.17727661132812,0.9999996423721313,362.2451477050781,143.21527099609375,0.9999868273735046,345.2903747558594,149.4608154296875,0.9999960660934448
72,561.380859375,251.98741149902344,1.0,488.4300231933594,234.64695739746094,1.0,477.4923095703125,245.63510131835938,0.9999986886978149,497.684326171875,219.6140594482422,0.9999998807907104,371.2336730957031,196.41285705566406,1.0,374.2640686035156,219.14112854003906,0.9999998807907104,435.8569030761719,212.9739990234375,1.0,371.50433349609375,208.09544372558594,0.9999999403953552,301.93048095703125,203.49314880371094,0.9999986886978149,221.74134826660156,199.01809692382812,0.9999995231628418,509.4451599121094,201.23934936523438,0.9999990463256836,528.8439331054688,202.140869140625,1.0,531.3724365234375,192.71429443359375,0.9999998807907104,538.3013916015625,194.95791625976562,1.0,542.8084716796875,200.9787139892578,0.9999995827674866,537.5634765625,207.62464904785156,0.9999988079071045,530.5913696289062,210.98773193359375,0.9999996423721313,453.9120178222656,247.70794677734375,0.9974572062492371,438.6648254394531,245.3473663330078,0.9994996190071106,431.7177429199219,252.85678100585938,0.9975115060806274,440.30047607421875,252.9842987060547,0.9879752397537231,444.6809997558594,250.2255859375,0.42677634954452515,348.55145263671875,148.6829376220703,0.0009256601333618164,432.7611083984375,243.88851928710938,0.0036646127700805664,396.38726806640625,231.68104553222656,0.9999948740005493,401.6365966796875,250.42486572265625,0.9999997019767761,410.7125244140625,245.30604553222656,0.9999933838844299,413.56292724609375,251.72593688964844,0.9999947547912598,411.68011474609375,259.6899108886719,0.9999953508377075,400.3100891113281,263.997314453125,0.9999659061431885,385.23583984375,251.08949279785156,0.9999892711639404,372.26788330078125,167.5369415283203,0.9999996423721313,358.461181640625,159.97218322753906,0.999995231628418,368.76202392578125,163.41323852539062,0.0019194483757019043,371.0935974121094,158.14903259277344,0.9985017776489258,370.7181701660156,149.56297302246094,0.9999996423721313,362.43463134765625,142.7523651123047,0.999989926815033,345.5901184082031,150.1888427734375,0.9999961853027344
73,563.5398559570312,253.3817596435547,1.0,489.6004943847656,235.77645874023438,1.0,477.6949157714844,246.26988220214844,0.9999986290931702,498.5916748046875,220.3745574951172,0.9999999403953552,371.59783935546875,196.51307678222656,1.0,375.15289306640625,219.00286865234375,0.9999998807907104,436.39764404296875,212.9305419921875,1.0,372.0955810546875,208.23487854003906,1.0,302.3216857910156,203.3113250732422,0.9999986886978149,220.858642578125,199.85787963867188,0.9999992847442627,509.3300476074219,200.89260864257812,0.9999992251396179,528.7322387695312,202.15765380859375,1.0,531.337890625,192.6870574951172,0.9999998807907104,538.40283203125,195.00509643554688,0.9999998807907104,542.8499755859375,201.13497924804688,0.9999996423721313,537.5628051757812,207.965576171875,0.9999987483024597,530.513427734375,211.15586853027344,0.9999995231628418,454.25518798828125,247.61447143554688,0.9990448951721191,439.2299499511719,244.89479064941406,0.9999459981918335,432.2288818359375,252.92893981933594,0.9998433589935303,441.3022766113281,253.03799438476562,0.9990251660346985,446.3966979980469,250.1256561279297,0.7554620504379272,348.3303527832031,148.5404510498047,0.0011906623840332031,434.93597412109375,243.6951141357422,0.004768431186676025,397.5823059082031,232.04869079589844,0.9999938011169434,401.9063415527344,250.6592254638672,0.9999997615814209,410.8861389160156,245.8882293701172,0.9999840259552002,413.866943359375,251.44944763183594,0.9999948740005493,411.83233642578125,259.60003662109375,0.9999966621398926,400.5028076171875,264.00848388671875,0.9999692440032959,385.6317138671875,250.69717407226562,0.9999858736991882,372.8916320800781,167.99903869628906,0.9999997615814209,358.6861572265625,160.0565948486328,0.9999949932098389,369.00433349609375,163.7636260986328,0.0009541213512420654,371.2073669433594,158.307373046875,0.9981790781021118,370.9634704589844,149.5885009765625,0.9999996423721313,362.98095703125,142.42041015625,0.9999874830245972,345.24407958984375,150.01998901367188,0.9999961853027344
74,565.1512451171875,253.91932678222656,0.9999999403953552,490.29180908203125,236.33596801757812,1.0,478.5804443359375,246.82254028320312,0.9999991059303284,499.21441650390625,220.9581756591797,1.0,371.9865417480469,196.54490661621094,1.0,375.6078186035156,219.04244995117188,0.9999998807907104,436.7016296386719,213.30960083007812,1.0,372.3034362792969,208.21177673339844,1.0,303.3243103027344,204.408203125,0.9999991655349731,221.37330627441406,200.6239776611328,0.9999988079071045,509.1884765625,201.23565673828125,0.9999994039535522,528.9254150390625,202.1239776611328,1.0,531.3402099609375,192.65789794921875,0.9999999403953552,538.5479125976562,194.97386169433594,1.0,543.2247924804688,201.16380310058594,0.9999996423721313,537.8471069335938,208.1337890625,0.999998927116394,530.6595458984375,211.5541229248047,0.9999996423721313,455.1723937988281,247.99526977539062,0.9997662901878357,440.5213928222656,245.31683349609375,0.9998490810394287,433.7906188964844,253.41819763183594,0.9997802972793579,442.7510681152344,253.66441345214844,0.9993458986282349,447.6972351074219,250.86654663085938,0.7458248734474182,348.2974853515625,148.6165008544922,0.001178443431854248,434.6779479980469,244.5520477294922,0.0019498765468597412,397.63427734375,232.33570861816406,0.99998939037323,402.11090087890625,250.5328826904297,0.9999998211860657,410.73834228515625,245.91055297851562,0.9999830722808838,413.98095703125,251.86871337890625,0.9999959468841553,411.7287292480469,260.0167541503906,0.999994158744812,400.0913391113281,264.1125793457031,0.9999604821205139,385.6205139160156,250.5177001953125,0.9999887943267822,372.8619689941406,168.11322021484375,0.9999998211860657,358.5646667480469,159.91937255859375,0.9999940395355225,537.6373291015625,205.96267700195312,0.0007083117961883545,371.1270446777344,158.27342224121094,0.9968852996826172,370.9832458496094,149.67001342773438,0.9999995231628418,362.914794921875,142.5682830810547,0.9999855756759644,345.174560546875,150.05587768554688,0.999995768070221
75,565.5825805664062,254.39236450195312,1.0,490.7594299316406,236.55575561523438,1.0,478.5650634765625,247.5292510986328,0.9999996423721313,500.115478515625,221.345947265625,0.9999999403953552,373.28057861328125,196.5093536376953,1.0,376.78680419921875,218.8911590576172,0.9999996423721313,437.7091064453125,213.373291015625,1.0,373.6996765136719,208.2870330810547,1.0,303.47418212890625,203.40538024902344,0.9999988079071045,220.93174743652344,200.99180603027344,0.9999976754188538,509.3568115234375,201.53965759277344,0.9999997019767761,528.8715209960938,202.21978759765625,1.0,531.22802734375,192.72598266601562,0.9999999403953552,538.5439453125,194.89955139160156,1.0,543.1810302734375,201.0999755859375,0.9999997019767761,538.1317138671875,208.30723571777344,0.9999990463256836,530.7465209960938,211.74102783203125,0.9999996423721313,455.36309814453125,247.58949279785156,0.9999876618385315,441.94287109375,246.10340881347656,0.9999033808708191,435.0157165527344,253.9435272216797,0.9994344711303711,444.8087158203125,255.22573852539062,0.9984163045883179,449.27801513671875,252.20285034179688,0.6875050067901611,348.49554443359375,148.5863037109375,0.0011809170246124268,439.09515380859375,245.39532470703125,0.0014715194702148438,398.2972717285156,232.36752319335938,0.9999892711639404,402.2294921875,250.7450714111328,0.9999997615814209,410.8033752441406,246.3576202392578,0.9999788999557495,413.5310974121094,252.34031677246094,0.9999958276748657,411.6513671875,260.2454528808594,0.9999938011169434,400.109130859375,264.4037170410156,0.9999617338180542,385.8250732421875,250.43740844726562,0.9999922513961792,373.2890319824219,167.85321044921875,0.9999998211860657,358.2789306640625,159.62461853027344,0.9999961853027344,368.93524169921875,163.34881591796875,0.0010639727115631104,371.1886291503906,158.26036071777344,0.9974169731140137,370.84234619140625,149.27195739746094,0.9999995231628418,362.675048828125,142.61251831054688,0.9999845027923584,345.3293762207031,149.99435424804688,0.9999966621398926
76,567.0072631835938,254.94281005859375,1.0,491.83258056640625,236.54432678222656,1.0,480.32666015625,248.4541778564453,0.9999999403953552,501.7110290527344,221.99009704589844,0.9999998807907104,374.1501770019531,196.6546173095703,1.0,377.33624267578125,218.67916870117188,0.9999997019767761,438.089599609375,214.3511505126953,1.0,374.71649169921875,208.61322021484375,1.0,304.75439453125,204.43194580078125,0.9999997019767761,219.7355194091797,201.41647338867188,0.9999962449073792,509.1959533691406,201.61526489257812,0.9999997019767761,528.8400268554688,202.2950897216797,1.0,531.0218505859375,192.81626892089844,0.9999998807907104,538.4891967773438,194.86460876464844,1.0,543.072509765625,201.08514404296875,0.9999997615814209,538.2069702148438,208.26998901367188,0.9999990463256836,530.7658081054688,211.75204467773438,0.9999997019767761,458.5292663574219,247.122314453125,0.9999751448631287,444.46502685546875,247.82679748535156,0.9998572468757629,436.706298828125,255.07350158691406,0.9986429214477539,447.0626525878906,256.18475341796875,0.9974328279495239,450.7762451171875,253.28335571289062,0.547996461391449,348.6053161621094,148.5402374267578,0.0012046992778778076,439.11614990234375,247.88906860351562,0.005022972822189331,398.2160339355469,232.58956909179688,0.9999903440475464,402.3740539550781,250.7299346923828,0.9999998211860657,410.57147216796875,246.17340087890625,0.9999855756759644,413.6005554199219,252.63299560546875,0.9999966621398926,411.740478515625,260.2352600097656,0.9999953508377075,400.1065368652344,264.3160095214844,0.9999700784683228,385.6434631347656,250.3429718017578,0.999995231628418,373.8628234863281,167.97210693359375,0.9999998211860657,358.306884765625,159.5287628173828,0.9999966025352478,369.0622253417969,163.21701049804688,0.0012028217315673828,371.3768615722656,158.36465454101562,0.9970893859863281,370.9119873046875,149.26486206054688,0.9999995231628418,362.8167419433594,142.68003845214844,0.9999856352806091,345.5556640625,149.98126220703125,0.9999967813491821
77,567.9642944335938,256.20001220703125,1.0,492.9332580566406,236.82325744628906,1.0,481.6344909667969,248.91641235351562,0.9999998211860657,502.9947204589844,223.0835418701172,0.9999997019767761,375.7553405761719,196.79173278808594,1.0,379.19342041015625,219.3839111328125,0.9999994039535522,439.5614013671875,215.07162475585938,1.0,376.1211853027344,208.18692016601562,0.9999999403953552,307.6623840332031,204.70851135253906,0.9999998807907104,220.96435546875,200.86770629882812,0.9999968409538269,509.5450134277344,202.1478271484375,0.9999998807907104,528.8236083984375,202.0894012451172,1.0,530.919677734375,192.63829040527344,1.0,538.6854248046875,194.7325897216797,0.9999998807907104,543.1539306640625,201.06405639648438,0.9999997615814209,538.3814697265625,208.3690643310547,0.9999994039535522,530.8782958984375,211.87823486328125,0.9999998807907104,458.9886169433594,247.6663360595703,0.9999933242797852,445.92999267578125,248.2852020263672,0.9998824000358582,437.71697998046875,254.7576904296875,0.999069094657898,448.3880615234375,256.1010437011719,0.9981074333190918,452.2223815917969,253.5249786376953,0.6144497990608215,451.23199462890625,247.69723510742188,0.001795649528503418,441.3436279296875,248.16311645507812,0.013538271188735962,399.28607177734375,233.0376434326172,0.9999909400939941,402.73333740234375,250.54788208007812,0.9999998807907104,410.5340270996094,246.20938110351562,0.9999802112579346,413.93157958984375,252.54867553710938,0.9999964237213135,411.6480712890625,260.267333984375,0.9999953508377075,400.16357421875,264.0184020996094,0.9999786615371704,385.5909118652344,249.87730407714844,0.999996542930603,374.2757873535156,167.7364501953125,0.9999998211860657,358.3594055175781,159.42599487304688,0.9999972581863403,369.2723388671875,162.59519958496094,0.00249364972114563,371.3963317871094,158.17166137695312,0.9977365732192993,370.88336181640625,148.90234375,0.9999995827674866,362.36199951171875,143.1613006591797,0.9999823570251465,345.8187561035156,149.9130859375,0.9999958276748657
78,569.0106201171875,256.98895263671875,1.0,493.5692138671875,237.0632781982422,0.9999999403953552,482.1548767089844,249.4939727783203,0.9999998211860657,502.3842468261719,223.2408905029297,0.9999995827674866,376.99871826171875,197.3368682861328,1.0,380.4613342285156,219.5497283935547,0.9999997615814209,440.6947021484375,215.24476623535156,0.9999998807907104,377.4446716308594,208.80177307128906,1.0,309.38702392578125,204.7947998046875,0.9999999403953552,222.35235595703125,200.9814453125,0.9999949932098389,509.4721374511719,202.4879150390625,0.9999998807907104,528.7783813476562,202.3692626953125,1.0,531.0274658203125,192.92742919921875,1.0,539.3193969726562,195.53411865234375,0.9999999403953552,542.9843139648438,201.30482482910156,0.9999997615814209,538.1563720703125,208.7526092529297,0.9999995231628418,530.7446899414062,212.23513793945312,0.9999997615814209,459.4111328125,247.75106811523438,0.9999938011169434,446.4891052246094,248.53355407714844,0.9997859001159668,438.2480163574219,255.7357940673828,0.998730480670929,448.4508056640625,256.52557373046875,0.9959129095077515,452.3568115234375,253.77085876464844,0.3558155298233032,348.4693908691406,148.24493408203125,0.0007315278053283691,441.4819030761719,248.27723693847656,0.0028946995735168457,400.514404296875,233.53424072265625,0.9999895095825195,402.9202575683594,250.85421752929688,0.9999998807907104,410.4349060058594,246.40109252929688,0.999971866607666,413.96002197265625,252.15907287597656,0.9999959468841553,411.9444580078125,260.3167724609375,0.999996542930603,400.4989318847656,264.5866394042969,0.999983012676239,385.9380798339844,250.11744689941406,0.9999980926513672,374.9621276855469,169.1337432861328,0.9999998807907104,358.6979064941406,159.74969482421875,0.9999964237213135,369.4752502441406,163.39573669433594,0.0013346374034881592,371.82147216796875,158.65359497070312,0.9986891150474548,371.345947265625,149.2447052001953,0.9999996423721313,362.8996276855469,142.58416748046875,0.9999845027923584,345.6465148925781,149.97665405273438,0.999996542930603
79,570.3553466796875,258.06671142578125,1.0,494.85211181640625,238.1230926513672,0.9999998807907104,484.69781494140625,250.33221435546875,1.0,503.9343566894531,224.18472290039062,0.999999463558197,377.9150695800781,197.3406219482422,1.0,381.1288146972656,219.46986389160156,0.9999998211860657,440.9142761230469,215.8657989501953,0.9999998807907104,378.4502868652344,208.83340454101562,1.0,309.7705078125,205.03285217285156,0.9999998807907104,227.56329345703125,202.08311462402344,0.9999998807907104,509.2216491699219,202.55856323242188,0.9999998807907104,528.7069091796875,202.3441162109375,0.9999999403953552,530.8634033203125,193.1448516845703,1.0,538.4879760742188,195.0419921875,1.0,542.672119140625,201.31521606445312,0.9999998807907104,538.0983276367188,208.66952514648438,0.9999995827674866,530.9942016601562,211.8763427734375,0.9999998211860657,461.4462585449219,249.50062561035156,0.9999983310699463,449.2393798828125,250.757568359375,0.9997110366821289,443.3282165527344,258.0580749511719,0.9969823360443115,454.1676330566406,258.1888122558594,0.9860786199569702,458.8694152832031,256.333740234375,0.19330322742462158,348.1349182128906,148.76576232910156,0.0010904371738433838,446.0421447753906,247.39105224609375,0.05419960618019104,400.71405029296875,234.3475341796875,0.9999935626983643,402.4599914550781,250.59925842285156,0.9999998807907104,409.89703369140625,246.46910095214844,0.9999544620513916,413.9051513671875,252.47637939453125,0.9999917149543762,411.487060546875,260.6566467285156,0.9999957084655762,399.9572448730469,264.4707946777344,0.999982476234436,385.69854736328125,250.00875854492188,0.9999987483024597,375.5892639160156,169.7710418701172,0.9999998807907104,359.2896728515625,159.74961853027344,0.9999972581863403,369.7986145019531,163.66433715820312,0.004052013158798218,372.1419677734375,158.62295532226562,0.9995267391204834,371.38800048828125,149.115966796875,0.9999997019767761,362.785400390625,143.00836181640625,0.9999866485595703,345.5894470214844,150.32847595214844,0.9999961853027344
80,572.3637084960938,257.9281005859375,1.0,497.0986633300781,237.61087036132812,1.0,487.974365234375,249.68301391601562,1.0,505.1204528808594,224.01490783691406,0.9999995231628418,378.9784851074219,197.73121643066406,1.0,383.2406311035156,219.94126892089844,1.0,442.6438293457031,216.6698455810547,0.9999998211860657,380.8052062988281,209.3992919921875,1.0,310.7038879394531,205.6110076904297,0.9999998807907104,230.03842163085938,203.06097412109375,0.9999998807907104,509.6316833496094,202.6409912109375,0.9999999403953552,528.8150634765625,202.50396728515625,1.0,530.9097290039062,193.16659545898438,1.0,539.3724975585938,195.50526428222656,0.9999999403953552,542.7249755859375,201.3941650390625,0.9999997615814209,538.4495239257812,208.5299072265625,0.9999997019767761,531.4981079101562,212.0155029296875,0.9999997615814209,465.8880615234375,250.32608032226562,0.9999804496765137,457.8343200683594,259.9682312011719,0.9773697257041931,450.291259765625,263.6234130859375,0.23296913504600525,459.0498046875,268.1249694824219,0.009962886571884155,465.3621520996094,268.4991455078125,0.0032774507999420166,348.0116271972656,148.65988159179688,0.0008154809474945068,450.1685791015625,254.55162048339844,0.6197929978370667,402.1451721191406,235.8864288330078,0.9999982118606567,402.546630859375,250.3372802734375,1.0,408.9555358886719,246.34718322753906,0.9999243021011353,413.7063293457031,252.0122528076172,0.9999880194664001,410.8337097167969,260.3248291015625,0.9999929070472717,399.8716125488281,262.97967529296875,0.9999815225601196,385.8221740722656,250.2369842529297,0.9999990463256836,376.2084045410156,170.85427856445312,0.9999998807907104,359.357666015625,159.77745056152344,0.9999971985816956,369.8314514160156,163.8353729248047,0.00575605034828186,372.0321044921875,158.60647583007812,0.9996182322502136,371.1351623535156,148.90798950195312,0.9999997615814209,362.4212646484375,142.9519805908203,0.9999877214431763,345.6416931152344,150.4320526123047,0.9999955892562866
81,573.6770629882812,257.60418701171875,1.0,498.7411193847656,238.23623657226562,1.0,490.9001770019531,250.0733642578125,0.9999998807907104,506.7362976074219,223.9303741455078,0.999999463558197,381.579833984375,198.3055419921875,1.0,385.21234130859375,220.88645935058594,1.0,445.5531311035156,218.27859497070312,0.9999996423721313,383.1553955078125,209.7738494873047,1.0,313.5147705078125,205.97305297851562,0.9999992847442627,231.87188720703125,204.80099487304688,0.9999996423721313,509.2867431640625,203.25181579589844,0.9999999403953552,528.7607421875,202.43423461914062,0.9999998807907104,530.6780395507812,193.03253173828125,1.0,538.5989379882812,194.81492614746094,1.0,542.5309448242188,201.01473999023438,0.9999997615814209,538.7333374023438,207.82496643066406,0.9999994039535522,531.632080078125,211.61383056640625,0.9999997019767761,468.45391845703125,252.3299560546875,0.9999958276748657,462.0331115722656,264.58343505859375,0.990390419960022,453.21209716796875,270.09686279296875,0.17965629696846008,465.59478759765625,272.05792236328125,0.13815537095069885,470.36041259765625,271.5870666503906,0.01658684015274048,471.20941162109375,262.69537353515625,0.001222759485244751,457.3908996582031,258.0408630371094,0.335051953792572,404.25518798828125,237.3076934814453,0.9999994039535522,402.3699951171875,251.0592041015625,0.9999998807907104,408.6235046386719,246.9638214111328,0.9997912645339966,413.4457702636719,252.7218475341797,0.9999774694442749,410.79296875,261.0951843261719,0.9999948740005493,399.7580261230469,264.2152099609375,0.9999798536300659,386.173828125,250.6007537841797,0.9999994039535522,377.2351379394531,172.62588500976562,0.9999998807907104,359.40570068359375,159.62060546875,0.9999979734420776,370.496826171875,163.8115997314453,0.015598088502883911,372.0418395996094,158.5565948486328,0.9997941255569458,371.0863952636719,148.72579956054688,0.9999996423721313,362.183837890625,142.73883056640625,0.9999856948852539,346.3427429199219,151.03273010253906,0.9999953508377075
82,575.3488159179688,258.00738525390625,1.0,499.583740234375,239.1664581298828,1.0,492.912109375,250.3712921142578,0.9999998807907104,507.4593200683594,224.21929931640625,0.9999997019767761,382.55230712890625,198.14877319335938,1.0,386.02899169921875,221.0948028564453,1.0,445.67584228515625,219.29037475585938,0.9999996423721313,384.1340637207031,209.91818237304688,1.0,314.0618591308594,206.3504638671875,0.9999995827674866,232.352294921875,205.73358154296875,0.9999990463256836,509.7070617675781,203.24830627441406,0.9999999403953552,528.9087524414062,202.59115600585938,1.0,530.6604614257812,192.90496826171875,1.0,538.5247192382812,194.65560913085938,1.0,542.5220336914062,200.8625030517578,0.9999998211860657,539.2335815429688,207.4938507080078,0.9999989867210388,531.8373413085938,211.4700927734375,0.9999997615814209,474.759033203125,258.2119140625,0.9999989867210388,470.4590759277344,273.3669738769531,0.9871265888214111,465.0028381347656,279.9709167480469,0.22486615180969238,472.12060546875,282.5422668457031,0.11432677507400513,478.5260314941406,280.8755798339844,0.09577688574790955,479.2639465332031,272.52813720703125,0.009380340576171875,465.7265930175781,267.3050842285156,0.0624634325504303,405.1897277832031,237.6671600341797,0.9999991655349731,402.1176452636719,251.3287353515625,0.9999998807907104,408.3306884765625,247.4901885986328,0.9996600151062012,412.6754455566406,252.82518005371094,0.9999760389328003,410.43743896484375,261.13482666015625,0.9999957084655762,399.65130615234375,262.89227294921875,0.9999779462814331,385.56817626953125,250.658447265625,0.9999992847442627,377.68438720703125,173.643310546875,0.9999999403953552,359.0981140136719,159.3434600830078,0.9999979734420776,370.222412109375,161.5570831298828,0.03983426094055176,371.804931640625,158.15782165527344,0.9997824430465698,370.6651306152344,148.3673858642578,0.9999996423721313,361.8339538574219,142.43130493164062,0.9999854564666748,346.09271240234375,150.98997497558594,0.9999936819076538
83,576.310302734375,258.7517395019531,1.0,500.9273376464844,240.09893798828125,1.0,495.22509765625,251.29347229003906,0.9999999403953552,508.943359375,224.46217346191406,0.9999997019767761,383.2856750488281,198.15557861328125,1.0,386.5696105957031,221.03526306152344,1.0,447.1806335449219,220.56629943847656,0.9999998807907104,385.29388427734375,209.6783905029297,1.0,316.94195556640625,207.09886169433594,0.9999997615814209,234.83816528320312,206.59091186523438,0.9999984502792358,509.8132019042969,203.42356872558594,0.9999998807907104,528.9077758789062,202.501220703125,0.9999998807907104,530.5759887695312,192.90818786621094,1.0,539.2775268554688,194.8716583251953,0.9999999403953552,542.3462524414062,200.7877960205078,0.9999998211860657,539.2330322265625,207.22900390625,0.999998927116394,532.0591430664062,211.1328582763672,0.9999996423721313,480.5208435058594,262.4334411621094,0.9999851584434509,478.17913818359375,280.64111328125,0.9086106419563293,474.3085021972656,292.9801330566406,0.0022116899490356445,480.6903991699219,289.0091857910156,0.008313864469528198,486.5091552734375,285.7532958984375,0.00524476170539856,487.5086364746094,279.83270263671875,0.001452326774597168,490.364013671875,273.0310363769531,0.0021535158157348633,405.8986511230469,237.9210662841797,0.9999995231628418,402.1528625488281,251.23333740234375,1.0,408.9310607910156,247.79940795898438,0.9990198612213135,412.8572692871094,252.5335693359375,0.9999668598175049,410.76971435546875,261.13629150390625,0.9999971389770508,399.62176513671875,263.07611083984375,0.9999814629554749,385.4352111816406,250.6532440185547,0.9999992251396179,377.73480224609375,173.5447540283203,0.9999998807907104,359.2878723144531,160.46514892578125,0.9999975562095642,368.56134033203125,161.8621063232422,0.09045788645744324,372.0284729003906,158.04547119140625,0.9998189210891724,370.60888671875,148.2227783203125,0.9999995231628418,361.5767822265625,142.56204223632812,0.999983012676239,346.4695129394531,151.25083923339844,0.9999908208847046
84,578.9042358398438,258.6644287109375,1.0,501.6376037597656,241.32113647460938,1.0,495.1415100097656,252.01222229003906,0.9999998807907104,509.92236328125,225.24813842773438,0.9999997019767761,385.3388671875,198.8190155029297,1.0,387.45111083984375,221.3353729248047,1.0,448.9354553222656,221.6835479736328,0.9999999403953552,386.7420959472656,210.29197692871094,1.0,317.8145446777344,207.33038330078125,0.9999994039535522,234.90536499023438,207.69851684570312,0.9999992847442627,509.9604797363281,203.3775177001953,0.9999998211860657,528.9041748046875,202.40223693847656,0.9999998807907104,530.4635009765625,192.79014587402344,1.0,538.3923950195312,194.3915557861328,1.0,542.3370971679688,200.6175994873047,0.9999997615814209,539.505126953125,206.92442321777344,0.9999986290931702,532.1878051757812,210.95108032226562,0.9999995231628418,484.98291015625,266.9953308105469,0.9999975562095642,488.0278015136719,283.34857177734375,0.9906174540519714,484.96356201171875,298.855224609375,0.00024199485778808594,501.2095947265625,287.9738464355469,0.005198627710342407,503.141845703125,285.19677734375,0.1073162853717804,502.9298095703125,281.0799865722656,0.08052971959114075,498.7233581542969,274.3958740234375,0.018254578113555908,407.0086669921875,238.44955444335938,0.999998927116394,402.06329345703125,250.92864990234375,1.0,408.82525634765625,247.84292602539062,0.9984705448150635,412.9295349121094,252.31744384765625,0.9999396800994873,410.6111755371094,260.8959655761719,0.9999972581863403,399.1824035644531,262.6346740722656,0.9999831318855286,384.977294921875,250.3445281982422,0.9999994039535522,378.4671325683594,174.3832550048828,0.9999998807907104,359.40997314453125,160.53797912597656,0.9999974966049194,368.8789367675781,162.12802124023438,0.2870013117790222,371.77069091796875,157.9783172607422,0.9998433589935303,370.1136169433594,148.20166015625,0.9999991655349731,361.35650634765625,142.60740661621094,0.9999709129333496,346.296142578125,151.4229278564453,0.9999856948852539
85,580.4146118164062,258.7431640625,1.0,503.5398254394531,241.3614959716797,1.0,499.41607666015625,254.02464294433594,0.9999999403953552,511.4317626953125,226.70361328125,0.9999996423721313,387.3148193359375,199.09889221191406,1.0,388.62420654296875,221.91281127929688,1.0,451.2099304199219,222.74839782714844,0.9999998807907104,388.135009765625,210.7946014404297,1.0,319.9823303222656,207.178466796875,0.999999463558197,236.77273559570312,208.18043518066406,0.9999995827674866,509.904296875,203.5064697265625,0.9999998807907104,528.6348266601562,202.506591796875,0.9999998807907104,530.0675659179688,192.59353637695312,1.0,538.0477294921875,194.28292846679688,1.0,542.1919555664062,200.3798065185547,0.9999997615814209,539.722900390625,206.63641357421875,0.9999972581863403,532.291748046875,211.1585693359375,0.9999996423721313,491.41339111328125,270.6513366699219,0.9999973773956299,504.2024230957031,285.7143249511719,0.9996051788330078,505.2132263183594,295.3011169433594,0.003375619649887085,513.5435791015625,287.0858459472656,0.017933189868927002,514.7625122070312,286.8385009765625,0.02345946431159973,512.9013061523438,281.9566345214844,0.017232745885849,512.190673828125,280.3886413574219,0.0048149824142456055,407.6158752441406,239.32626342773438,0.9999990463256836,401.74517822265625,250.79095458984375,0.9999998807907104,408.4674377441406,247.99508666992188,0.9972274303436279,412.7361145019531,252.14854431152344,0.9998524188995361,410.77142333984375,260.84698486328125,0.9999970197677612,399.08819580078125,264.4012451171875,0.9999771118164062,384.6240539550781,250.4255828857422,0.9999994039535522,379.6754150390625,174.64190673828125,0.9999997615814209,359.5400085449219,160.31263732910156,0.999997615814209,369.7310485839844,161.4933624267578,0.4817558228969574,371.4377746582031,157.29891967773438,0.9998019933700562,369.58233642578125,147.6306915283203,0.9999992251396179,361.49981689453125,142.1839141845703,0.9999793171882629,346.82586669921875,151.54483032226562,0.9999828338623047
86,582.5883178710938,259.7720947265625,1.0,505.4733581542969,242.3067626953125,1.0,502.259765625,255.40330505371094,0.9999998807907104,512.4365234375,226.67672729492188,0.9999996423721313,389.6565856933594,199.07818603515625,1.0,390.0571594238281,222.27923583984375,1.0,453.0296325683594,223.8275909423828,0.9999998807907104,389.88787841796875,210.83163452148438,1.0,322.130615234375,207.16635131835938,0.9999997615814209,239.00985717773438,209.06105041503906,0.9999998807907104,509.8343811035156,204.13320922851562,0.9999998807907104,528.647705078125,202.6558074951172,1.0,530.0535278320312,192.64637756347656,1.0,539.3275146484375,194.51473999023438,0.9999999403953552,542.16748046875,200.41079711914062,0.9999997019767761,539.6569213867188,206.52513122558594,0.9999972581863403,532.4426879882812,210.99655151367188,0.9999998211860657,494.71673583984375,274.0810852050781,0.9999950528144836,508.2349548339844,289.5003662109375,0.9994524717330933,510.3975830078125,300.6492614746094,0.01766204833984375,514.4701538085938,294.9046325683594,0.1304292380809784,516.8011474609375,290.8584289550781,0.23788809776306152,516.6240234375,287.2104797363281,0.12201634049415588,515.7260131835938,282.5443420410156,0.020298480987548828,408.29681396484375,240.04701232910156,0.9999990463256836,400.869140625,250.6749267578125,0.9999998807907104,407.43670654296875,247.919921875,0.9802635908126831,412.33319091796875,251.72840881347656,0.9994487166404724,410.0912170410156,260.33990478515625,0.9999963045120239,399.14385986328125,264.17041015625,0.9999731779098511,384.9708557128906,249.8848419189453,0.999999463558197,378.4236145019531,174.0611572265625,0.9999998211860657,359.51593017578125,160.411865234375,0.9999963045120239,369.8580322265625,161.47683715820312,0.5789929032325745,370.9437561035156,157.33546447753906,0.999768853187561,369.0286865234375,147.7056121826172,0.9999986886978149,359.5159606933594,143.90924072265625,0.9999814629554749,346.9392395019531,152.1768798828125,0.9999743103981018
87,584.6593017578125,260.042724609375,1.0,507.337646484375,242.2122344970703,1.0,503.9786071777344,255.94384765625,0.9999995231628418,513.8353881835938,226.83657836914062,0.9999998807907104,392.1346740722656,198.9693145751953,1.0,391.2589111328125,222.2816162109375,1.0,453.8858642578125,225.79278564453125,0.9999998807907104,391.3251037597656,210.62908935546875,1.0,324.2856750488281,207.0750274658203,0.9999998807907104,240.5892333984375,211.39633178710938,0.9999998807907104,509.64093017578125,204.21751403808594,0.9999998807907104,528.552490234375,202.6403350830078,1.0,530.2521362304688,192.5541229248047,0.9999998807907104,539.4871826171875,194.489501953125,0.9999998807907104,542.0603637695312,200.51071166992188,0.9999997615814209,539.564697265625,206.3081512451172,0.9999959468841553,532.3927001953125,210.7649688720703,0.9999998807907104,499.7142333984375,276.6815490722656,0.9999978542327881,514.400146484375,289.881103515625,0.999957799911499,515.5276489257812,301.68560791015625,0.6021336317062378,520.8446655273438,297.620361328125,0.8886256217956543,523.3533325195312,293.5663146972656,0.9175270795822144,524.0692749023438,288.01507568359375,0.9180459976196289,521.56494140625,284.6265563964844,0.7320019602775574,408.7745666503906,241.49038696289062,0.9999991655349731,399.449462890625,250.48226928710938,0.9999997615814209,406.7064514160156,247.2937469482422,0.81656813621521,411.7013244628906,251.67584228515625,0.9976515769958496,409.6420593261719,260.2168884277344,0.9999933242797852,398.9585266113281,264.24237060546875,0.9999467134475708,384.5093994140625,250.1686248779297,0.9999994039535522,381.7677307128906,173.15701293945312,0.9999998807907104,360.7987365722656,160.46998596191406,0.9999899864196777,371.1013488769531,161.55992126464844,0.17924261093139648,371.3343505859375,157.80825805664062,0.9995062351226807,369.75250244140625,147.99237060546875,0.9999994039535522,361.6501770019531,143.21286010742188,0.9999816417694092,347.455810546875,153.47808837890625,0.9999871850013733
88,586.3589477539062,260.3675231933594,1.0,510.36590576171875,243.3623504638672,1.0,507.73333740234375,256.5540771484375,0.9999995827674866,515.5239868164062,227.6162872314453,1.0,393.66949462890625,199.73048400878906,0.9999998807907104,392.5088806152344,222.89463806152344,1.0,454.5810852050781,226.5455322265625,0.9999998807907104,392.5674133300781,211.0341339111328,1.0,325.3271179199219,207.5230712890625,0.9999998807907104,240.351806640625,212.65245056152344,1.0,509.42620849609375,204.81607055664062,0.9999998807907104,527.95849609375,202.66519165039062,0.9999998807907104,530.2805786132812,192.30860900878906,1.0,538.292724609375,194.42738342285156,1.0,541.7542724609375,200.58990478515625,0.9999997615814209,539.0121459960938,206.2993927001953,0.9999954700469971,532.0623168945312,210.56060791015625,0.9999997615814209,505.6989440917969,276.34954833984375,0.9999880790710449,520.4340209960938,290.900390625,0.9999973773956299,521.9708251953125,302.6733703613281,0.15985515713691711,527.5245971679688,298.0428466796875,0.7927761077880859,529.76513671875,294.4500732421875,0.8991937637329102,531.6714477539062,289.2342834472656,0.9405204057693481,528.9744262695312,285.1756896972656,0.7115658521652222,408.1982727050781,242.80409240722656,0.999998927116394,398.15069580078125,250.2498016357422,0.9999991655349731,405.1416931152344,247.28756713867188,0.15118154883384705,411.5368957519531,252.17225646972656,0.909683883190155,409.5242919921875,260.39031982421875,0.9999514818191528,398.4779968261719,262.749755859375,0.9998171329498291,383.89404296875,250.21133422851562,0.999998152256012,382.5820007324219,173.45640563964844,0.9999990463256836,361.5516052246094,160.16143798828125,0.9999992251396179,372.6429443359375,161.73297119140625,0.4888232946395874,372.712646484375,157.83831787109375,0.9996376037597656,370.56781005859375,148.416748046875,0.9999990463256836,361.48321533203125,145.4266815185547,0.9999884366989136,349.4418640136719,156.5867919921875,0.9999954700469971
89,587.8323974609375,260.34222412109375,1.0,512.3905029296875,244.3307647705078,1.0,509.43267822265625,257.3972473144531,0.9999992251396179,516.1603393554688,227.90182495117188,0.9999998807907104,394.24676513671875,200.864501953125,0.9999997615814209,393.2398986816406,223.9839324951172,0.9999998807907104,455.8880615234375,228.67721557617188,0.9999999403953552,393.3999938964844,212.32879638671875,1.0,327.1180725097656,207.542724609375,0.9999999403953552,242.59815979003906,213.33712768554688,1.0,509.5544128417969,205.6427459716797,0.9999997615814209,527.7160034179688,202.53797912597656,1.0,530.1453857421875,192.47845458984375,1.0,539.1259765625,194.53680419921875,0.9999999403953552,541.631103515625,200.6775360107422,0.9999996423721313,538.9661254882812,206.21188354492188,0.9999953508377075,532.1740112304688,210.38771057128906,0.9999998807907104,512.4022827148438,278.22540283203125,0.9999972581863403,529.6007080078125,291.45904541015625,0.9999988079071045,529.2417602539062,301.5201416015625,0.9971299767494202,534.0760498046875,300.2663879394531,0.999314546585083,537.4218139648438,295.6194152832031,0.9998583197593689,539.5307006835938,289.90887451171875,0.9999845027923584,536.3086547851562,285.8565368652344,0.9995212554931641,408.9650573730469,243.071044921875,0.9999980926513672,399.9125671386719,250.2826690673828,0.9999995231628418,406.0329284667969,247.50686645507812,0.34269022941589355,412.61199951171875,252.25515747070312,0.959791898727417,410.2582702636719,260.4932861328125,0.999972939491272,399.3095703125,264.2845153808594,0.9998682737350464,385.15618896484375,250.10617065429688,0.999998927116394,383.2458190917969,174.2744598388672,0.999998927116394,361.81787109375,160.80250549316406,0.999998927116394,373.98870849609375,161.55470275878906,0.6904325485229492,372.60491943359375,157.22314453125,0.9997632503509521,369.7412414550781,147.59698486328125,0.9999985694885254,359.9913024902344,146.3180389404297,0.9999843835830688,349.3364562988281,157.549560546875,0.9999955892562866
90,589.17236328125,260.64984130859375,1.0,513.146728515625,244.56178283691406,1.0,509.8670349121094,258.31011962890625,0.9999964237213135,517.299072265625,228.8311767578125,0.9999999403953552,395.8095397949219,201.5574493408203,0.9999999403953552,393.9648742675781,225.1560821533203,1.0,456.737060546875,229.47689819335938,1.0,394.5693359375,212.9571990966797,1.0,329.08135986328125,207.5624542236328,0.9999998807907104,250.5430145263672,212.79931640625,0.9999998807907104,509.98760986328125,206.0050811767578,0.9999996423721313,527.5892944335938,202.6386260986328,0.9999998807907104,530.08154296875,192.47032165527344,0.9999998807907104,538.275146484375,194.45736694335938,0.9999999403953552,541.2965087890625,200.62469482421875,0.9999995231628418,538.8291015625,205.92263793945312,0.9999942183494568,532.2545166015625,210.25912475585938,0.9999997615814209,515.7789916992188,279.122314453125,0.9999961853027344,535.9502563476562,291.413330078125,0.9999990463256836,533.3917846679688,300.8252868652344,0.9995249509811401,539.707275390625,300.2210998535156,0.9997750520706177,544.1098022460938,295.9756774902344,0.9999861717224121,546.1795654296875,289.8960876464844,0.9999974966049194,543.1561889648438,284.65484619140625,0.9999558925628662,408.5422668457031,244.55238342285156,0.9999988079071045,398.8753662109375,251.2444305419922,0.9999990463256836,404.9958190917969,248.10995483398438,0.047764718532562256,412.3262023925781,253.47503662109375,0.7846075296401978,409.7013854980469,261.4342956542969,0.9998860359191895,399.08514404296875,263.49664306640625,0.9997189044952393,385.333740234375,251.0303497314453,0.9999986290931702,383.53173828125,175.26498413085938,0.9999996423721313,362.8299255371094,161.88267517089844,0.9999982714653015,375.9076232910156,161.7881317138672,0.8278493881225586,373.1036682128906,157.23460388183594,0.9997539520263672,369.003662109375,147.68434143066406,0.9999977350234985,359.52471923828125,147.2919158935547,0.9999870657920837,349.5556335449219,158.64080810546875,0.9999914169311523
91,590.4677124023438,260.2843933105469,1.0,514.10693359375,244.3804931640625,1.0,510.9729919433594,257.69610595703125,0.9999973773956299,518.4888916015625,229.26031494140625,0.9999998807907104,397.77276611328125,202.46942138671875,0.9999998211860657,395.0281066894531,225.4498291015625,0.9999999403953552,458.4408874511719,231.48171997070312,1.0,396.5206604003906,213.9902801513672,1.0,329.0129089355469,208.1208953857422,1.0,249.46632385253906,213.4912109375,0.9999998807907104,510.2684020996094,206.1829376220703,0.9999995827674866,527.3316040039062,202.44949340820312,0.9999998807907104,530.3253784179688,192.3369903564453,0.9999998807907104,539.118408203125,194.73280334472656,0.9999999403953552,541.072021484375,200.90159606933594,0.9999995231628418,538.6824951171875,205.98182678222656,0.9999948740005493,532.009765625,210.00360107421875,0.9999997615814209,519.6102905273438,280.0681457519531,0.9999407529830933,540.1009521484375,291.60198974609375,0.9999995231628418,536.7387084960938,301.3471984863281,0.9991570711135864,544.1158447265625,299.986328125,0.9999715089797974,547.9381103515625,295.67578125,0.9999858140945435,550.0881958007812,289.3249206542969,0.9999963045120239,546.8765258789062,284.3127136230469,0.9999710917472839,408.8789978027344,245.64437866210938,0.9999989867210388,398.44970703125,251.46739196777344,0.9999983310699463,404.6580505371094,248.61192321777344,0.016964495182037354,412.2259216308594,254.1558837890625,0.5071340799331665,409.5955810546875,262.2026062011719,0.9997092485427856,399.3483581542969,265.76947021484375,0.9993139505386353,385.45379638671875,251.51976013183594,0.9999976754188538,386.1416320800781,175.6490020751953,0.9999996423721313,363.5284118652344,161.0062255859375,0.9999898672103882,377.82916259765625,160.593017578125,0.48364052176475525,373.45172119140625,156.3238983154297,0.9973812103271484,368.6744689941406,147.79930114746094,0.9999918341636658,359.4190368652344,147.8030548095703,0.9999852776527405,350.2317199707031,158.5458526611328,0.9999756813049316
92,591.3102416992188,259.4083251953125,1.0,515.63916015625,244.44761657714844,1.0,512.5192260742188,257.7915954589844,0.9999991655349731,519.2589111328125,229.48219299316406,0.9999998211860657,399.1741027832031,204.47988891601562,0.9999999403953552,397.3398132324219,226.22373962402344,1.0,459.7366943359375,232.83616638183594,0.9999998807907104,398.54022216796875,214.88357543945312,1.0,330.5279541015625,208.3555450439453,1.0,248.64976501464844,213.654296875,0.9999998211860657,510.7093811035156,207.25894165039062,0.9999992847442627,527.3466186523438,202.2802734375,1.0,530.5001831054688,192.46669006347656,1.0,538.9741821289062,194.77122497558594,1.0,541.0799560546875,200.97274780273438,0.999999463558197,538.4930419921875,206.13546752929688,0.9999972581863403,532.2489624023438,209.64340209960938,0.9999998807907104,521.7152709960938,279.358154296875,0.9998925924301147,543.5097045898438,292.04864501953125,0.9999998807907104,541.3684692382812,300.6253967285156,0.999633252620697,549.7543334960938,299.8054504394531,0.9999638795852661,552.344482421875,295.1897277832031,0.9999634027481079,554.8954467773438,288.85418701171875,0.9999958276748657,550.3797607421875,284.4497985839844,0.999994158744812,409.0127258300781,246.77301025390625,0.9999979734420776,398.0318298339844,250.8155517578125,0.9999952912330627,404.0891418457031,248.36062622070312,0.0026185214519500732,411.8135070800781,253.80580139160156,0.2788652181625366,409.5423583984375,261.81787109375,0.9995821714401245,400.6954650878906,264.4234924316406,0.9991999864578247,385.7000732421875,251.860595703125,0.9999970197677612,388.1978759765625,175.39569091796875,0.9999995231628418,365.6351318359375,160.28208923339844,0.9999939203262329,379.76458740234375,161.39328002929688,0.020278066396713257,376.3444519042969,155.78057861328125,0.8967204093933105,370.64837646484375,148.26571655273438,0.9998378753662109,359.8828125,148.69776916503906,0.999963104724884,351.81201171875,160.5935821533203,0.9999682903289795
93,593.2409057617188,259.04559326171875,1.0,517.599853515625,245.44273376464844,1.0,514.4028930664062,258.862548828125,0.999998927116394,520.6782836914062,230.4690704345703,0.9999996423721313,400.9728088378906,204.28196716308594,1.0,398.4450988769531,226.31260681152344,1.0,460.692626953125,234.4295654296875,0.9999999403953552,399.6062316894531,214.847900390625,1.0,332.3134765625,208.9922637939453,1.0,251.73574829101562,213.50485229492188,1.0,511.4951171875,208.19125366210938,0.9999994039535522,527.4064331054688,202.3955078125,1.0,530.360595703125,192.41619873046875,1.0,538.8680419921875,194.6328125,0.9999998807907104,541.1909790039062,200.83969116210938,0.9999995231628418,538.634033203125,206.24331665039062,0.9999977946281433,532.5827026367188,209.7283477783203,0.9999999403953552,526.26708984375,278.3865966796875,0.9995401501655579,546.4161376953125,291.26904296875,0.9999998807907104,544.9205932617188,299.75531005859375,0.9997729063034058,552.3270874023438,299.2783203125,0.999812662601471,555.1666259765625,293.86248779296875,0.9999735355377197,556.8318481445312,287.6959533691406,0.999995231628418,551.8643798828125,284.0133056640625,0.9999964237213135,409.0879821777344,248.2932891845703,0.9999969005584717,396.94146728515625,249.5203094482422,0.9999764561653137,561.0642700195312,284.98980712890625,0.0021572113037109375,410.5858459472656,254.1741180419922,0.003192692995071411,407.7567443847656,261.846923828125,0.952923059463501,398.81207275390625,263.48675537109375,0.997492790222168,384.7534484863281,250.53355407714844,0.9999866485595703,394.75469970703125,175.1710968017578,0.9999997019767761,370.9103088378906,162.73170471191406,0.9999997615814209,388.4397277832031,163.83767700195312,0.001781761646270752,382.3394775390625,158.5522003173828,0.020468026399612427,372.86590576171875,151.166015625,0.9214385747909546,363.3425598144531,151.10325622558594,0.9992989301681519,358.0552673339844,162.25650024414062,0.9998099207878113
94,595.1966552734375,259.3382568359375,1.0,518.873046875,246.18341064453125,1.0,516.0728149414062,259.71044921875,0.9999991059303284,521.1787719726562,230.99697875976562,0.9999991059303284,404.0737609863281,204.2415771484375,1.0,399.2676696777344,227.08197021484375,1.0,462.1708068847656,235.04444885253906,0.9999998807907104,401.59332275390625,214.8791961669922,1.0,333.7812805175781,209.3415069580078,1.0,252.3958282470703,214.24343872070312,0.9999998807907104,510.1420593261719,208.0445098876953,0.9999995231628418,527.3128662109375,202.2824249267578,1.0,530.2710571289062,192.09622192382812,1.0,538.8974609375,194.43516540527344,0.9999999403953552,541.229248046875,200.4832000732422,0.9999996423721313,538.9483642578125,206.20335388183594,0.9999977350234985,532.6669921875,209.88101196289062,0.9999998807907104,528.1212768554688,278.4495544433594,0.9996108412742615,548.398681640625,291.4802551269531,0.9999997019767761,546.0924072265625,299.25579833984375,0.9997531175613403,553.5661010742188,299.19647216796875,0.9998440742492676,557.7062377929688,294.0868835449219,0.9999614953994751,558.904541015625,287.95025634765625,0.9999903440475464,553.9837646484375,284.37261962890625,0.9999866485595703,408.9634704589844,249.89073181152344,0.9999918937683105,395.753662109375,248.69590759277344,0.9999454021453857,561.91943359375,285.6028747558594,0.004110872745513916,410.5924377441406,254.66964721679688,0.001267939805984497,407.3329162597656,261.8365783691406,0.8952090740203857,398.58038330078125,263.133544921875,0.9972553253173828,384.22479248046875,250.51345825195312,0.9999679327011108,401.89068603515625,174.28924560546875,0.9999995827674866,375.0829772949219,164.47010803222656,0.9999982118606567,393.9803466796875,164.56903076171875,0.002124190330505371,389.8563537597656,160.6215362548828,0.017530739307403564,379.33251953125,153.09323120117188,0.8270672559738159,366.545166015625,151.79403686523438,0.9991245865821838,362.0448913574219,163.4401397705078,0.9999279975891113
95,596.3311157226562,259.061767578125,1.0,519.9376831054688,246.68214416503906,1.0,517.6475830078125,260.11566162109375,0.9999991059303284,522.7581176757812,231.07418823242188,0.9999990463256836,406.79827880859375,203.9872589111328,1.0,400.28240966796875,226.64816284179688,1.0,462.4523620605469,235.29478454589844,0.9999999403953552,403.165771484375,214.4938201904297,1.0,336.1810302734375,208.5042266845703,0.9999999403953552,254.8817596435547,214.93186950683594,0.9999998807907104,510.89471435546875,208.25784301757812,0.9999995827674866,527.3251953125,202.5336151123047,0.9999998807907104,530.3182983398438,192.30392456054688,1.0,538.9424438476562,194.63401794433594,0.9999998807907104,541.2300415039062,200.8797607421875,0.9999996423721313,538.843505859375,206.60752868652344,0.9999986886978149,532.9149780273438,210.050537109375,0.9999998807907104,528.748779296875,279.1117858886719,0.9998326301574707,548.9353637695312,291.7164611816406,0.9999995231628418,546.5575561523438,299.232666015625,0.999687671661377,554.037841796875,299.1950378417969,0.9998272657394409,558.0302734375,294.42218017578125,0.9999531507492065,559.5789184570312,288.3021545410156,0.9999868869781494,554.7164306640625,284.57733154296875,0.999981164932251,408.77587890625,249.6891326904297,0.9999938011169434,395.9232482910156,248.8076629638672,0.9999633431434631,562.6650390625,286.18701171875,0.0019164979457855225,411.6527404785156,253.9451446533203,0.001210719347000122,407.6341552734375,261.4343566894531,0.931804895401001,398.273681640625,263.3680114746094,0.9988896250724792,384.0802001953125,251.18540954589844,0.9999712705612183,406.6327819824219,171.22723388671875,0.9999974966049194,382.3253479003906,161.0044708251953,0.999994158744812,395.73797607421875,159.5418701171875,0.1900216042995453,393.3630065917969,153.65882873535156,0.3961668014526367,382.9906311035156,148.06069946289062,0.9967957735061646,370.94256591796875,154.1157989501953,0.9998252391815186,369.9939880371094,165.07235717773438,0.9997299313545227
96,597.48583984375,258.9577331542969,1.0,521.0017700195312,246.58241271972656,0.9999999403953552,518.6119384765625,259.6017150878906,0.9999995231628418,523.4237670898438,230.90870666503906,0.9999992847442627,409.2515563964844,203.3522491455078,0.9999997615814209,402.34759521484375,226.74282836914062,1.0,464.72332763671875,235.66876220703125,0.9999998807907104,405.3759765625,213.97259521484375,1.0,336.934326171875,208.50685119628906,1.0,256.5181884765625,215.50250244140625,1.0,511.65728759765625,208.8415069580078,0.9999997019767761,527.3721923828125,202.7131805419922,1.0,529.9839477539062,192.30030822753906,1.0,538.7283325195312,194.44630432128906,1.0,541.244873046875,200.8284149169922,0.9999996423721313,538.9937744140625,206.93795776367188,0.9999992847442627,533.0614013671875,210.25479125976562,0.9999999403953552,529.0087280273438,279.2430725097656,0.9999337196350098,549.0431518554688,291.60760498046875,0.9999997019767761,546.4642333984375,299.28851318359375,0.999817967414856,553.9738159179688,299.46014404296875,0.9999070167541504,558.2845458984375,294.6800842285156,0.9999725818634033,559.4434204101562,288.3407897949219,0.9999910593032837,554.6909790039062,284.3986511230469,0.9999884366989136,408.3143310546875,250.22796630859375,0.9999884366989136,395.4102478027344,248.14776611328125,0.9999376535415649,562.9189453125,286.36309814453125,0.0018232166767120361,411.15582275390625,254.22872924804688,0.000996917486190796,406.6870422363281,260.47186279296875,0.9047402143478394,397.4743347167969,263.0594177246094,0.9991943836212158,383.5714416503906,250.4864959716797,0.9999344944953918,412.1830139160156,171.3794708251953,0.9999991655349731,392.4544982910156,159.74266052246094,0.9999940395355225,404.9317626953125,160.09182739257812,0.1813029944896698,404.5043640136719,153.371337890625,0.9269927144050598,396.1055908203125,146.0120391845703,0.9992119669914246,384.1351623535156,150.4771270751953,0.9999512434005737,380.1338195800781,160.94554138183594,0.9999557733535767
97,599.464599609375,259.572509765625,1.0,522.2020263671875,246.94407653808594,0.9999998211860657,520.1329345703125,259.8704833984375,0.9999997615814209,524.1007080078125,230.98773193359375,0.9999991655349731,408.8613586425781,203.67591857910156,0.9999998807907104,402.3290710449219,226.8863525390625,1.0,464.1901550292969,235.16244506835938,0.9999998211860657,405.5574951171875,214.59307861328125,1.0,338.6717529296875,208.61944580078125,1.0,257.6318359375,216.60308837890625,1.0,511.53759765625,209.00296020507812,0.9999997019767761,527.2835083007812,202.7269287109375,0.9999999403953552,530.3035888671875,192.47752380371094,1.0,538.8706665039062,194.79653930664062,0.9999999403953552,541.16357421875,201.23155212402344,0.9999996423721313,538.6470947265625,207.0743865966797,0.9999994039535522,532.7083740234375,210.43849182128906,0.9999998807907104,529.032958984375,279.3632507324219,0.9999655485153198,549.0358276367188,291.8231506347656,0.9999998807907104,545.8689575195312,299.4595642089844,0.9998350739479065,553.7154541015625,299.9523010253906,0.9999065399169922,558.2250366210938,294.98150634765625,0.999968409538269,558.9257202148438,288.4503173828125,0.9999926090240479,554.7113647460938,284.64007568359375,0.9999930262565613,407.9570617675781,248.80345153808594,0.9999902248382568,395.69488525390625,248.22018432617188,0.9999416470527649,562.7581176757812,286.92138671875,0.0030622780323028564,410.96478271484375,254.4965362548828,0.0016135573387145996,407.11181640625,260.9005126953125,0.9366220235824585,397.4229736328125,263.585693359375,0.9994112253189087,383.8821716308594,250.59837341308594,0.9999604225158691,423.61370849609375,176.84933471679688,0.9999992847442627,403.7696228027344,157.79244995117188,0.9999732971191406,417.4739990234375,160.7526397705078,0.01245570182800293,416.8465270996094,154.04348754882812,0.027591705322265625,404.5240173339844,145.8466796875,0.729590654373169,396.4231872558594,145.97744750976562,0.9981464743614197,391.7162780761719,156.22171020507812,0.9985133409500122
98,600.7029418945312,259.9225769042969,1.0,523.2733154296875,247.22637939453125,0.9999998807907104,521.3202514648438,259.9379577636719,0.9999998807907104,524.9832153320312,230.8543243408203,0.9999992251396179,409.7300720214844,203.96017456054688,0.9999999403953552,403.1248779296875,226.73428344726562,1.0,465.568359375,235.4571990966797,0.9999999403953552,406.65460205078125,214.58912658691406,1.0,341.0245056152344,208.51039123535156,1.0,258.6610107421875,216.3978729248047,1.0,512.0089721679688,209.69027709960938,0.9999997615814209,527.214599609375,202.81629943847656,1.0,530.3944702148438,192.4567413330078,0.9999998807907104,538.7307739257812,194.78277587890625,0.9999999403953552,541.0435791015625,201.1199493408203,0.9999996423721313,538.3446044921875,207.19949340820312,0.999999463558197,532.7667846679688,210.45286560058594,0.9999998807907104,528.7247924804688,279.2695007324219,0.9999808669090271,548.2863159179688,291.15118408203125,0.9999998807907104,545.2955932617188,299.0222473144531,0.999889612197876,552.79248046875,299.61328125,0.9999207258224487,556.2990112304688,295.13067626953125,0.9999615550041199,558.214111328125,288.67376708984375,0.9999958276748657,554.2393188476562,284.6469421386719,0.9999933242797852,407.483154296875,249.06423950195312,0.9999876618385315,395.8235168457031,249.44248962402344,0.9998762607574463,562.0811767578125,286.9570617675781,0.003467470407485962,410.8807678222656,254.1570281982422,0.0008691847324371338,406.95806884765625,260.6670227050781,0.9151772260665894,397.3498840332031,263.2123107910156,0.9993202090263367,383.9037780761719,249.77792358398438,0.9999545812606812,429.9897766113281,180.9834747314453,0.9999995827674866,411.5029602050781,162.0810089111328,0.9999932050704956,424.2966003417969,162.07696533203125,0.00393328070640564,423.9305725097656,159.53121948242188,0.02839261293411255,416.5304260253906,149.79627990722656,0.9687334299087524,406.1651916503906,151.0052032470703,0.9963763952255249,401.7059020996094,158.3883819580078,0.9969725012779236
99,601.5245361328125,260.18115234375,1.0,524.2400512695312,247.36068725585938,0.9999998807907104,522.4982299804688,259.9803466796875,0.9999998807907104,525.4950561523438,230.93179321289062,0.9999991655349731,410.8573913574219,204.7137908935547,1.0,404.0776672363281,227.01466369628906,1.0,466.5635986328125,236.3667449951172,0.9999998807907104,407.9051818847656,215.2332305908203,1.0,341.5038146972656,208.75955200195312,1.0,260.031982421875,217.22369384765625,1.0,512.0531616210938,210.07101440429688,0.9999998807907104,527.26806640625,202.90191650390625,1.0,530.4374389648438,192.5245361328125,0.9999998807907104,538.792724609375,194.93594360351562,0.9999999403953552,541.0341186523438,201.23841857910156,0.9999996423721313,538.2958374023438,207.26455688476562,0.999999463558197,532.7186279296875,210.46548461914062,0.9999999403953552,528.564453125,279.53790283203125,0.9999903440475464,547.7246704101562,290.8531799316406,0.9999998807907104,544.7704467773438,298.6718444824219,0.9998619556427002,551.7777709960938,299.56201171875,0.9998986721038818,555.7578125,295.1866455078125,0.9999778866767883,557.8335571289062,288.84698486328125,0.9999977350234985,553.84716796875,284.56854248046875,0.9999942779541016,407.8273010253906,249.09365844726562,0.9999880194664001,396.3863830566406,249.39393615722656,0.9999135136604309,561.7244873046875,287.4410705566406,0.004290401935577393,410.885986328125,254.43284606933594,0.001859039068222046,407.1126403808594,261.0661926269531,0.9647135734558105,397.19390869140625,263.3349914550781,0.9997724294662476,384.6683044433594,249.79132080078125,0.9999779462814331,433.98724365234375,184.52346801757812,1.0,418.2012634277344,163.32704162597656,0.9999995231628418,429.8350524902344,164.0306396484375,0.08494117856025696,430.1548767089844,159.3460235595703,0.9118279218673706,423.0589904785156,150.16893005371094,0.9994311332702637,413.4228210449219,151.12136840820312,0.9998016357421875,405.18212890625,159.69891357421875,0.9999796152114868
100,602.6516723632812,260.5185852050781,1.0,525.395263671875,247.37229919433594,0.9999998807907104,524.2284545898438,259.8450012207031,0.9999998211860657,526.28466796875,231.01736450195312,0.9999990463256836,412.537841796875,205.6627197265625,1.0,404.6232604980469,227.1880645751953,1.0,468.0146179199219,237.08099365234375,1.0,408.4163818359375,215.556640625,1.0,341.47747802734375,208.81402587890625,1.0,260.5972900390625,217.30162048339844,1.0,512.3391723632812,210.33096313476562,0.9999998211860657,527.1385498046875,203.09030151367188,1.0,530.398193359375,192.47547912597656,1.0,538.7354736328125,194.96873474121094,0.9999999403953552,541.00537109375,201.37832641601562,0.9999995827674866,538.3724365234375,207.48785400390625,0.999999463558197,532.7710571289062,210.80764770507812,0.9999999403953552,528.7199096679688,280.2918701171875,0.9999940395355225,547.3341064453125,290.52874755859375,0.9999999403953552,544.8938598632812,298.90521240234375,0.9999270439147949,551.9783935546875,299.7738952636719,0.9999338984489441,555.7470092773438,295.0703430175781,0.9999904632568359,557.4871826171875,288.4344787597656,0.9999988079071045,553.7235717773438,284.36138916015625,0.9999936819076538,408.6776123046875,249.784423828125,0.9999894499778748,396.2682800292969,249.72889709472656,0.9998829960823059,561.2212524414062,287.5189208984375,0.0078868567943573,555.7589111328125,297.91754150390625,0.0005099177360534668,407.2473449707031,260.6972351074219,0.8675786256790161,397.21856689453125,263.5176696777344,0.9996349215507507,384.3477783203125,249.81536865234375,0.9999702572822571,437.4779968261719,186.3720703125,1.0,425.37615966796875,166.593505859375,0.9999973773956299,437.02484130859375,167.6953125,0.2051132619380951,436.13348388671875,162.2906494140625,0.18072926998138428,430.9052734375,153.965576171875,0.9893050193786621,422.80419921875,154.0092315673828,0.9983234405517578,415.068603515625,159.10421752929688,0.9990487694740295
101,603.6060180664062,260.4283142089844,1.0,526.2667236328125,246.7257843017578,1.0,524.9607543945312,259.2867126464844,0.9999998211860657,526.401123046875,230.7235107421875,0.999999463558197,413.904052734375,207.20166015625,0.9999998807907104,405.4969177246094,227.8155517578125,1.0,469.7599182128906,238.31253051757812,0.9999999403953552,409.2582702636719,216.59877014160156,1.0,342.7037658691406,208.93785095214844,1.0,259.43292236328125,217.97120666503906,1.0,512.8118896484375,210.55389404296875,0.9999997615814209,527.0534057617188,203.18226623535156,1.0,530.6690063476562,192.4053192138672,1.0,538.771240234375,195.06719970703125,0.9999998807907104,540.841064453125,201.46533203125,0.9999995231628418,538.1093139648438,207.5701141357422,0.9999994039535522,532.7465209960938,210.90679931640625,0.9999997615814209,528.6400146484375,280.2835693359375,0.9999978542327881,547.0353393554688,290.29833984375,1.0,544.1114501953125,298.56622314453125,0.999930739402771,551.59765625,300.0004577636719,0.9999599456787109,555.4952392578125,295.44366455078125,0.9999914169311523,557.6491088867188,288.666748046875,0.9999990463256836,553.43994140625,284.8216552734375,0.9999956488609314,408.50396728515625,250.58717346191406,0.9999908208847046,396.2411193847656,249.874267578125,0.9998959302902222,560.977783203125,287.4654846191406,0.006129831075668335,555.7094116210938,297.92767333984375,0.0005296766757965088,406.7701416015625,260.3675842285156,0.8354861736297607,397.0078125,262.86724853515625,0.9994861483573914,384.14727783203125,250.324462890625,0.9999704957008362,440.8785095214844,189.2722930908203,0.9999964833259583,431.7850341796875,168.24977111816406,0.9999995231628418,442.37835693359375,170.75633239746094,0.9994049072265625,443.3819580078125,163.2689971923828,0.9999909400939941,438.70904541015625,154.46726989746094,0.9999919533729553,431.7823791503906,152.8187713623047,0.9999916553497314,419.796630859375,161.5198516845703,0.9999971389770508
102,604.406982421875,260.4148254394531,1.0,527.0396118164062,247.07376098632812,1.0,525.7071533203125,259.2030029296875,0.9999998807907104,526.9937744140625,230.9635009765625,0.9999994039535522,414.23895263671875,206.49740600585938,0.9999998807907104,406.2860412597656,228.22691345214844,1.0,470.7002868652344,238.8957977294922,0.9999998807907104,410.2145080566406,216.9323272705078,1.0,341.7767639160156,209.6678009033203,1.0,259.7493591308594,218.84445190429688,1.0,513.1112670898438,210.7667236328125,0.9999997615814209,526.795166015625,203.22610473632812,0.9999998807907104,530.577392578125,192.35902404785156,0.9999999403953552,538.3659057617188,194.343505859375,0.9999999403953552,540.7927856445312,201.4372100830078,0.9999996423721313,538.0433959960938,207.57278442382812,0.9999992847442627,532.8046264648438,210.9777374267578,0.9999996423721313,528.70068359375,280.4036865234375,0.9999982714653015,546.4326171875,290.2535095214844,1.0,544.4642333984375,298.7537536621094,0.9999373555183411,551.5578002929688,299.53411865234375,0.9999638795852661,555.38671875,294.8878479003906,0.9999939203262329,557.378662109375,288.04833984375,0.9999990463256836,552.8607788085938,284.5765075683594,0.9999972581863403,408.19158935546875,251.33682250976562,0.999992311000824,395.98077392578125,250.32325744628906,0.9997686147689819,560.8850708007812,287.07952880859375,0.003704369068145752,555.2891235351562,297.512939453125,0.0004940330982208252,406.74908447265625,260.271240234375,0.637641429901123,397.278076171875,262.776611328125,0.9990462064743042,384.14501953125,250.51394653320312,0.9999450445175171,443.24273681640625,192.93344116210938,0.9999905824661255,440.7727355957031,171.30038452148438,0.9999979734420776,452.3210754394531,174.92495727539062,0.9982855916023254,453.05865478515625,165.2726287841797,0.9995275735855103,449.48724365234375,157.4035186767578,0.9999855756759644,443.4128112792969,154.263427734375,0.9998290538787842,426.65496826171875,163.5439910888672,0.9999678730964661
103,605.4635009765625,260.7657470703125,1.0,528.5410766601562,247.00282287597656,1.0,527.0091552734375,259.5032653808594,0.9999997615814209,526.3525390625,231.2206268310547,0.9999995231628418,416.4929504394531,206.88201904296875,1.0,407.0684814453125,228.22671508789062,1.0,469.93463134765625,239.76068115234375,0.9999998807907104,411.7598876953125,217.54498291015625,1.0,344.01092529296875,210.000732421875,1.0,261.5161437988281,221.2066192626953,0.9999999403953552,513.7933959960938,211.4791717529297,0.9999998211860657,526.57080078125,203.43685913085938,0.9999998807907104,530.2669067382812,192.46383666992188,0.9999998807907104,538.3366088867188,195.06072998046875,0.9999999403953552,540.6945190429688,201.46420288085938,0.9999996423721313,537.9780883789062,207.87353515625,0.9999994039535522,532.8612060546875,211.1380615234375,0.9999995231628418,529.2184448242188,281.09661865234375,0.9999990463256836,545.9600219726562,290.1123962402344,0.9999999403953552,543.853515625,298.7610168457031,0.9999591112136841,551.1680297851562,299.9114990234375,0.9999886751174927,555.091064453125,295.341796875,0.9999960660934448,557.0963134765625,288.1299133300781,0.9999992847442627,552.6553955078125,284.23870849609375,0.9999972581863403,407.8644714355469,251.75225830078125,0.9999972581863403,395.8345642089844,250.16403198242188,0.9997363686561584,560.1484985351562,287.1651611328125,0.0026738345623016357,554.7405395507812,297.4126281738281,0.00029203295707702637,407.1951904296875,261.6976013183594,0.21692264080047607,396.3214111328125,262.39971923828125,0.995591402053833,383.7896423339844,250.06460571289062,0.9998753070831299,444.6737976074219,195.81890869140625,0.9999973773956299,452.0770568847656,174.2361602783203,0.9999995231628418,459.8323059082031,177.82797241210938,0.99971604347229,464.7673034667969,169.30450439453125,0.9996942281723022,460.0755920410156,161.52967834472656,0.9999673366546631,452.4168395996094,158.24856567382812,0.9999786019325256,436.1943664550781,165.97413635253906,0.9999974966049194
104,607.0445556640625,260.8523254394531,1.0,529.5192260742188,246.83255004882812,0.9999998807907104,526.7177124023438,258.9149169921875,0.9999998807907104,527.2609252929688,231.40562438964844,0.9999996423721313,418.7987976074219,207.48361206054688,0.9999999403953552,408.12945556640625,228.4143829345703,1.0,471.62799072265625,240.92166137695312,0.9999997019767761,413.83184814453125,218.01707458496094,0.9999998807907104,344.8515930175781,210.55496215820312,1.0,264.2930603027344,220.10079956054688,0.9999998211860657,514.6947021484375,211.74005126953125,0.9999997615814209,526.7778930664062,203.53810119628906,1.0,530.4320678710938,192.37258911132812,0.9999999403953552,538.2794799804688,195.0877685546875,0.9999998807907104,540.625,201.55369567871094,0.9999996423721313,537.9747314453125,208.02525329589844,0.9999994039535522,532.9451293945312,211.0183868408203,0.9999995231628418,529.7698974609375,281.11700439453125,0.9999992847442627,545.5598754882812,290.045166015625,1.0,543.6121826171875,298.84027099609375,0.999950110912323,550.8087158203125,300.1523132324219,0.9999923706054688,554.833984375,295.3276672363281,0.9999959468841553,556.7339477539062,288.1938171386719,0.9999990463256836,552.302978515625,284.1112060546875,0.999997615814209,407.91094970703125,251.71670532226562,0.9999984502792358,395.8973693847656,250.17066955566406,0.9996155500411987,559.4296875,287.14886474609375,0.0033689141273498535,554.34814453125,297.30621337890625,0.00040140748023986816,407.3274230957031,261.6874084472656,0.10950461030006409,395.947998046875,262.08392333984375,0.9775856733322144,384.2264709472656,249.37567138671875,0.9995964169502258,449.97998046875,197.30657958984375,0.999998927116394,463.5466613769531,174.99240112304688,0.9999917149543762,469.94561767578125,181.3013458251953,0.9999808073043823,474.6773681640625,173.1609344482422,0.9987052083015442,473.4365234375,164.4261474609375,0.9999872446060181,466.3388977050781,159.85292053222656,0.999979555606842,448.71856689453125,166.30392456054688,0.9999955892562866
105,608.0628051757812,261.35137939453125,1.0,528.8914184570312,247.07664489746094,1.0,528.3733520507812,259.07220458984375,0.9999998807907104,528.5125122070312,231.51589965820312,0.9999997615814209,420.8145751953125,208.5653533935547,0.9999998807907104,409.92718505859375,228.02792358398438,0.9999999403953552,472.5132751464844,241.12159729003906,0.9999996423721313,415.8385925292969,217.52818298339844,0.9999998807907104,345.945556640625,210.76914978027344,1.0,265.42340087890625,220.5343780517578,0.9999994039535522,515.7340087890625,212.58775329589844,0.9999995827674866,527.028564453125,203.89862060546875,1.0,530.4121704101562,192.3045654296875,0.9999998807907104,538.1732788085938,195.12725830078125,0.9999998807907104,540.4799194335938,201.27394104003906,0.999999463558197,537.8665771484375,207.73927307128906,0.9999986886978149,533.267822265625,210.94644165039062,0.9999986886978149,529.9332885742188,281.6163635253906,0.9999991655349731,545.5000610351562,289.9932556152344,1.0,543.8109741210938,299.0930480957031,0.999967634677887,550.9837646484375,300.1998291015625,0.9999933242797852,554.900634765625,295.3533020019531,0.9999969005584717,556.731201171875,288.1886901855469,0.9999992847442627,551.8927612304688,283.9589538574219,0.9999985694885254,407.7574768066406,251.7220458984375,0.9999973773956299,396.807861328125,250.3609619140625,0.9997028708457947,559.0338134765625,286.8218994140625,0.00417405366897583,554.2935180664062,297.22613525390625,0.0003890693187713623,407.7061462402344,260.8353576660156,0.07687610387802124,396.8025817871094,262.05523681640625,0.9877170324325562,384.6531982421875,249.41700744628906,0.9997036457061768,451.9044189453125,198.88287353515625,0.9999933242797852,471.9841003417969,178.44969177246094,0.9999973773956299,476.5404052734375,185.2253875732422,0.999951958656311,481.5974426269531,178.48619079589844,0.9999196529388428,481.9683532714844,169.07241821289062,0.999984860420227,475.13287353515625,165.76199340820312,0.9999392032623291,456.1622314453125,171.77633666992188,0.999269962310791
106,610.169921875,260.99908447265625,1.0,530.2074584960938,248.0846710205078,1.0,529.7588500976562,259.8441162109375,1.0,530.5389404296875,231.6477508544922,0.9999996423721313,422.27862548828125,209.82615661621094,0.9999999403953552,411.175537109375,228.31082153320312,0.9999999403953552,474.3259582519531,242.06942749023438,0.9999997019767761,416.9846496582031,218.1650848388672,0.9999998807907104,347.785888671875,210.7871551513672,1.0,268.8132019042969,219.73597717285156,0.9999992251396179,516.6004028320312,213.38780212402344,0.9999990463256836,527.6677856445312,203.7460174560547,1.0,531.0899658203125,192.23590087890625,0.9999998807907104,538.0341796875,194.726318359375,0.9999999403953552,540.1032104492188,201.64703369140625,0.9999995827674866,537.2404174804688,207.34622192382812,0.9999988079071045,533.3153686523438,210.47116088867188,0.9999973773956299,529.9576416015625,281.4247741699219,0.9999991655349731,545.3515625,289.8327941894531,1.0,543.8753662109375,298.9208984375,0.9999769926071167,550.784912109375,299.7708435058594,0.9999949336051941,554.8233032226562,295.2669677734375,0.9999979734420776,556.5073852539062,288.0331115722656,0.9999992847442627,551.553955078125,283.5433654785156,0.9999982118606567,407.8965148925781,251.34327697753906,0.9999983310699463,396.356689453125,248.8466033935547,0.9998521208763123,558.6058959960938,286.62322998046875,0.003625631332397461,554.0567016601562,296.9688720703125,0.00027561187744140625,407.39190673828125,259.4513854980469,0.10631135106086731,396.4566955566406,261.1481628417969,0.9946483969688416,384.3469543457031,248.83624267578125,0.9996650218963623,455.4707946777344,201.61558532714844,0.9999793767929077,476.1567077636719,184.2008514404297,0.9999961853027344,480.4233093261719,191.89031982421875,0.9999979734420776,488.3834228515625,184.3184814453125,0.9999829530715942,489.0450134277344,175.6099395751953,0.9999993443489075,478.82550048828125,170.63360595703125,0.9999945163726807,461.71649169921875,176.3900909423828,0.9999511241912842
107,611.498291015625,261.2777099609375,1.0,531.5303344726562,247.77267456054688,1.0,531.0621337890625,259.8184509277344,1.0,531.0426635742188,232.01763916015625,0.9999996423721313,423.8634338378906,210.7771453857422,0.9999996423721313,412.8066101074219,229.0387420654297,0.9999998211860657,475.199951171875,242.8905029296875,0.9999997615814209,418.719482421875,219.15692138671875,1.0,349.5052185058594,210.6937255859375,1.0,271.1805114746094,221.73504638671875,0.9999997615814209,517.472412109375,213.1771240234375,0.9999979734420776,527.9170532226562,203.78199768066406,1.0,531.2571411132812,192.2107696533203,0.9999999403953552,538.1325073242188,194.9190673828125,0.9999998807907104,540.0110473632812,201.67080688476562,0.9999992847442627,537.4454345703125,207.3191680908203,0.9999984502792358,533.5716552734375,210.28463745117188,0.9999976754188538,531.130859375,281.400146484375,0.9999995827674866,545.4580078125,289.8373107910156,1.0,543.8058471679688,299.1992492675781,0.999975323677063,551.0087890625,299.962646484375,0.9999940395355225,555.2704467773438,295.219482421875,0.9999982118606567,556.6348876953125,287.79315185546875,0.9999994039535522,551.4663696289062,283.4805908203125,0.9999986290931702,408.38629150390625,251.705810546875,0.9999975562095642,396.3481750488281,248.57601928710938,0.9998551607131958,558.8416748046875,286.7226257324219,0.003282099962234497,554.101806640625,296.8292236328125,0.00030517578125,407.43109130859375,259.38885498046875,0.13758626580238342,396.2721252441406,260.6399230957031,0.9942209720611572,384.2650146484375,248.88912963867188,0.9995893239974976,458.9178161621094,203.32217407226562,0.9999741911888123,480.851318359375,188.59507751464844,0.999992847442627,484.5701599121094,196.29244995117188,0.9999992847442627,494.5867004394531,189.29925537109375,0.9999875426292419,493.8469543457031,179.53115844726562,0.9999995827674866,484.2519836425781,174.2687530517578,0.9999978542327881,465.0386962890625,179.1978302001953,0.9999960660934448
108,611.7365112304688,261.3586730957031,1.0,533.7288208007812,248.5184326171875,1.0,533.332763671875,260.4921875,1.0,533.764404296875,231.750732421875,0.9999997615814209,424.84161376953125,211.6546173095703,0.9999994039535522,413.29083251953125,230.02566528320312,0.9999997615814209,476.70623779296875,244.15887451171875,0.999999463558197,419.5846862792969,220.00497436523438,1.0,351.21966552734375,210.4114532470703,0.9999998807907104,273.374267578125,221.72531127929688,0.9999999403953552,519.2302856445312,213.21823120117188,0.999991774559021,528.242431640625,203.8755645751953,1.0,531.4761962890625,192.11557006835938,0.9999998807907104,538.1290283203125,194.80120849609375,0.9999999403953552,540.5072021484375,201.7619171142578,0.9999992847442627,538.135498046875,207.5421142578125,0.9999978542327881,533.8477172851562,210.36952209472656,0.9999974966049194,531.2166137695312,282.31976318359375,0.9999996423721313,545.4059448242188,289.8037109375,0.9999998807907104,544.6405029296875,299.7130126953125,0.9999811053276062,551.7411499023438,299.75933837890625,0.9999910593032837,555.3084716796875,294.9166259765625,0.999998927116394,556.4194946289062,287.70831298828125,0.9999991655349731,551.4330444335938,283.1056823730469,0.9999960660934448,409.2227478027344,252.2539825439453,0.9999962449073792,397.02001953125,249.15768432617188,0.9999321103096008,482.8155212402344,186.10287475585938,0.0020272433757781982,553.8035278320312,296.61279296875,0.0002593398094177246,407.43865966796875,260.1949462890625,0.12058672308921814,396.97332763671875,261.2987365722656,0.994308590888977,384.2366027832031,250.2965850830078,0.9998140335083008,459.8179931640625,204.35438537597656,0.9999818801879883,482.4488525390625,190.6173858642578,0.9999960660934448,486.19537353515625,198.3977508544922,0.9999971389770508,497.0612487792969,191.42172241210938,0.9999743700027466,496.55462646484375,181.2763671875,0.9999990463256836,486.60345458984375,176.00743103027344,0.9999932050704956,466.9816589355469,180.28150939941406,0.999981701374054
109,612.9381103515625,261.5549621582031,1.0,534.9995727539062,248.62081909179688,1.0,534.7858276367188,260.9170837402344,1.0,533.9784545898438,232.26942443847656,0.9999995827674866,426.2732849121094,213.1665802001953,0.999998927116394,414.3359680175781,230.55686950683594,0.9999997615814209,478.11553955078125,244.10060119628906,0.9999990463256836,421.3031311035156,220.9748077392578,1.0,352.80609130859375,210.82406616210938,0.9999999403953552,275.4851379394531,221.37124633789062,0.9999998807907104,520.4706420898438,213.63735961914062,0.9999899864196777,528.2459716796875,204.07752990722656,1.0,531.3042602539062,192.2106475830078,0.9999998807907104,537.9293823242188,194.85806274414062,0.9999999403953552,540.4269409179688,201.7080078125,0.9999994039535522,537.9046020507812,207.8313751220703,0.9999982118606567,533.5602416992188,210.5417022705078,0.9999973177909851,532.0487060546875,282.43133544921875,0.9999997615814209,545.8727416992188,289.736083984375,1.0,544.7392578125,299.4774475097656,0.9999723434448242,551.8762817382812,299.9100341796875,0.9999879598617554,555.2691650390625,295.21453857421875,0.9999985694885254,556.527587890625,287.9877624511719,0.999998927116394,551.7887573242188,283.3114013671875,0.9999953508377075,409.2318115234375,252.31460571289062,0.999995231628418,396.85101318359375,248.237060546875,0.9999666213989258,558.7274780273438,286.73736572265625,0.0020775198936462402,553.7464599609375,296.8678894042969,0.0002117753028869629,407.0297546386719,259.41229248046875,0.12664714455604553,396.8162536621094,260.980712890625,0.9960355758666992,384.0107116699219,249.6558380126953,0.9997916221618652,461.1159973144531,205.48948669433594,0.9999794363975525,483.1755676269531,190.3452606201172,0.9999990463256836,487.7987060546875,197.91493225097656,0.999999463558197,495.9439697265625,189.8553466796875,0.9999927282333374,496.1237487792969,179.94454956054688,0.9999995827674866,487.6231994628906,175.93128967285156,0.9999939799308777,468.1589050292969,180.2454833984375,0.999994695186615
110,614.6813354492188,261.4620056152344,1.0,535.8501586914062,249.12063598632812,0.9999998807907104,535.9501342773438,261.4872131347656,1.0,535.7058715820312,232.26231384277344,0.9999997615814209,428.9451904296875,214.06344604492188,0.9999986886978149,416.2762451171875,231.56561279296875,0.9999998211860657,479.2091064453125,245.7603759765625,0.9999994039535522,423.6268615722656,221.93655395507812,0.9999999403953552,355.0118103027344,211.2538299560547,1.0,275.4981384277344,221.93885803222656,1.0,520.7200927734375,213.9077911376953,0.999990701675415,528.0665893554688,204.42710876464844,1.0,531.136474609375,192.21920776367188,0.9999998807907104,537.9721069335938,194.93447875976562,0.9999998807907104,540.3969116210938,201.75601196289062,0.9999994039535522,537.8140258789062,208.0836639404297,0.9999979138374329,533.2135620117188,211.09893798828125,0.999994158744812,532.0387573242188,282.8663330078125,0.9999997615814209,545.744384765625,289.7508544921875,1.0,545.4765014648438,299.87841796875,0.9999816417694092,552.3124389648438,299.6025085449219,0.9999860525131226,555.4795532226562,294.68310546875,0.9999990463256836,556.334228515625,287.6585998535156,0.9999990463256836,551.5991821289062,283.2535095214844,0.9999953508377075,409.6912841796875,252.50096130371094,0.9999970197677612,397.1752014160156,249.23826599121094,0.999940037727356,483.0259704589844,185.8782196044922,0.0017710626125335693,553.624755859375,296.5716247558594,0.00016921758651733398,406.56353759765625,259.6813049316406,0.20225438475608826,396.9263916015625,261.4189453125,0.9958317279815674,384.4219665527344,250.18724060058594,0.9998617172241211,463.14166259765625,205.77774047851562,0.9999825954437256,483.066650390625,190.805419921875,0.9999995827674866,488.1656188964844,199.00083923339844,0.9999995827674866,497.708740234375,191.50942993164062,0.9999945163726807,496.0498046875,180.18031311035156,0.9999995827674866,487.5775146484375,176.01722717285156,0.9999952912330627,468.56396484375,180.62289428710938,0.9999970197677612
111,616.4400634765625,261.6868896484375,1.0,536.995361328125,249.02944946289062,0.9999998807907104,536.7869262695312,262.3651428222656,1.0,537.3846435546875,232.9199676513672,0.9999994039535522,431.5223388671875,215.18539428710938,0.9999954104423523,418.3070373535156,233.0422821044922,0.9999998807907104,481.5074768066406,246.7329559326172,0.9999998807907104,425.54974365234375,223.09530639648438,0.9999996423721313,355.2511901855469,211.9192657470703,1.0,275.47027587890625,222.70068359375,1.0,522.6221313476562,214.9755859375,0.9999886751174927,528.7028198242188,204.89346313476562,1.0,531.2642822265625,192.263671875,0.9999998807907104,538.1836547851562,195.0372314453125,1.0,540.818603515625,201.74266052246094,0.9999995231628418,538.7025146484375,207.8777313232422,0.9999979734420776,534.2005615234375,211.0205535888672,0.9999876022338867,531.9556884765625,282.864013671875,0.9999998807907104,545.6646118164062,289.8060607910156,1.0,545.4571533203125,300.11578369140625,0.9999824166297913,552.2421264648438,299.4029846191406,0.9999865293502808,555.3449096679688,294.7445373535156,0.9999991059303284,556.2623901367188,287.6674499511719,0.9999991655349731,551.3203735351562,283.158447265625,0.9999964237213135,409.44036865234375,253.09747314453125,0.999997615814209,397.125732421875,248.85458374023438,0.9999492168426514,558.7555541992188,285.881591796875,0.0011529028415679932,553.5006713867188,296.69775390625,0.00014698505401611328,405.8226013183594,259.69073486328125,0.1510079801082611,395.9002685546875,261.7537841796875,0.9943555593490601,383.6065979003906,250.30282592773438,0.9998146295547485,464.1972961425781,207.5577392578125,0.9999898672103882,482.6764831542969,190.87379455566406,0.9999997019767761,488.5194396972656,199.67665100097656,0.9999997615814209,496.989501953125,192.16049194335938,0.9999951720237732,495.6911926269531,180.60833740234375,0.9999996423721313,487.7496032714844,175.66065979003906,0.9999982714653015,468.6139221191406,181.0287628173828,0.9999987483024597
112,617.2409057617188,262.02313232421875,1.0,538.6892700195312,249.8565216064453,1.0,538.5746459960938,262.53662109375,1.0,538.6705932617188,233.52963256835938,0.9999992251396179,433.1532287597656,215.782470703125,0.9999986886978149,419.74993896484375,233.87001037597656,0.9999998807907104,482.78594970703125,247.5900115966797,0.9999998211860657,426.7002868652344,224.13511657714844,0.9999997019767761,357.3112487792969,212.64805603027344,1.0,276.3221740722656,222.90574645996094,0.9999998807907104,523.4457397460938,215.66696166992188,0.9999884963035583,528.77392578125,205.1397247314453,0.9999998807907104,530.9360961914062,192.51841735839844,0.9999998807907104,538.0496215820312,195.1424560546875,1.0,540.609619140625,201.75987243652344,0.9999997019767761,538.6827392578125,207.91151428222656,0.9999977946281433,534.341552734375,211.0151824951172,0.9999589920043945,532.42333984375,282.5108947753906,0.9999998807907104,545.6185913085938,289.676025390625,1.0,545.243408203125,300.1444091796875,0.9999808073043823,551.9591064453125,299.4870300292969,0.9999880790710449,555.4524536132812,294.7730407714844,0.9999989867210388,556.171630859375,287.3896789550781,0.9999984502792358,550.9583129882812,283.2018127441406,0.9999958276748657,410.415283203125,253.37440490722656,0.9999984502792358,397.3376159667969,248.42364501953125,0.9999510049819946,558.440185546875,286.08154296875,0.0011078417301177979,553.40869140625,296.5859069824219,0.00012496113777160645,406.5848083496094,259.8179016113281,0.13290563225746155,396.2186279296875,262.20062255859375,0.9942852258682251,384.3441162109375,250.054443359375,0.9997818470001221,465.5591735839844,207.8790740966797,0.9999973177909851,481.77008056640625,190.9748077392578,0.9999995827674866,487.835205078125,199.75772094726562,0.9999997615814209,495.424560546875,191.77713012695312,0.9999927282333374,495.244873046875,180.90570068359375,0.9999997615814209,486.638916015625,176.2015380859375,0.9999995231628418,468.0495300292969,181.37088012695312,0.9999991059303284
113,619.1690673828125,262.60113525390625,1.0,539.626220703125,250.1538543701172,1.0,539.2958374023438,263.04278564453125,1.0,539.469482421875,234.05174255371094,0.9999994039535522,435.5331115722656,216.52017211914062,0.9999995231628418,421.4884948730469,234.09298706054688,0.9999998807907104,484.8939208984375,248.44639587402344,0.9999995231628418,428.74798583984375,224.90557861328125,0.9999998807907104,359.9231872558594,212.83029174804688,0.9999997615814209,279.73431396484375,224.15374755859375,0.9999997615814209,524.3742065429688,216.37106323242188,0.9999846816062927,529.0855102539062,205.3140411376953,0.9999999403953552,531.102294921875,192.46957397460938,0.9999997615814209,538.14892578125,195.17672729492188,0.9999998807907104,540.896728515625,201.91696166992188,0.9999996423721313,539.0646362304688,207.90696716308594,0.9999938011169434,534.6514892578125,211.01280212402344,0.9998883605003357,533.1871948242188,282.489501953125,0.9999999403953552,545.9530639648438,289.8811950683594,0.9999999403953552,545.6932373046875,300.4354553222656,0.999967098236084,552.5762329101562,299.6161804199219,0.9999697208404541,555.8146362304688,295.10284423828125,0.9999986290931702,556.5665283203125,287.7657470703125,0.9999983310699463,551.0048217773438,283.6041259765625,0.9999961853027344,410.76202392578125,253.61688232421875,0.9999986886978149,396.7402648925781,248.43019104003906,0.9999545812606812,558.7816162109375,286.6508483886719,0.001150280237197876,553.6179809570312,296.8888854980469,0.00011581182479858398,406.63397216796875,259.7980041503906,0.04874837398529053,395.7798767089844,262.400634765625,0.985844612121582,383.9605407714844,250.10015869140625,0.9997060298919678,467.200439453125,208.92539978027344,0.9999997615814209,481.59320068359375,190.9667510986328,0.9999995827674866,488.0886535644531,199.81350708007812,0.9999997019767761,494.81005859375,191.6342010498047,0.9999948740005493,494.88653564453125,181.05223083496094,0.9999998211860657,486.5950622558594,176.26089477539062,0.9999997615814209,468.3201599121094,181.77003479003906,0.9999994039535522
114,621.2696533203125,262.6181945800781,1.0,540.5648803710938,250.2791748046875,1.0,540.2890014648438,262.8286437988281,1.0,540.4554443359375,234.59744262695312,0.9999994039535522,436.59918212890625,217.15098571777344,0.9999997019767761,422.10675048828125,235.16329956054688,0.9999998807907104,486.3787841796875,249.0679168701172,0.9999985694885254,428.7757873535156,226.00381469726562,0.9999999403953552,360.10247802734375,213.0971221923828,0.9999986290931702,279.9623107910156,225.3051300048828,0.9999998807907104,525.413330078125,216.89906311035156,0.9999728202819824,529.4462280273438,205.29742431640625,0.9999997615814209,531.39111328125,192.29872131347656,0.9999998807907104,538.3123779296875,195.2044677734375,0.9999998807907104,540.9136352539062,201.97824096679688,0.9999996423721313,539.2347412109375,207.72857666015625,0.9999889135360718,534.894287109375,210.47169494628906,0.9997206926345825,534.649658203125,282.2007751464844,0.9999998807907104,546.320068359375,290.1322021484375,0.9999999403953552,545.6817016601562,300.7232971191406,0.999951958656311,551.4354858398438,299.8883361816406,0.9999680519104004,556.1005249023438,295.4190368652344,0.9999980926513672,556.7705078125,288.1900634765625,0.9999977350234985,549.8336181640625,283.3015441894531,0.9999963045120239,410.9740905761719,254.1259307861328,0.9999988079071045,396.64300537109375,248.20326232910156,0.9999609589576721,559.8550415039062,286.9517517089844,0.001201927661895752,553.834716796875,297.38970947265625,0.00011172890663146973,406.6079406738281,260.23199462890625,0.027623683214187622,395.1775207519531,262.1282043457031,0.9734639525413513,383.4355163574219,250.15542602539062,0.9996531009674072,467.7787170410156,209.4537353515625,0.9999998807907104,480.94915771484375,191.1241912841797,0.9999996423721313,487.5689697265625,199.88011169433594,0.9999997615814209,494.4248046875,191.54177856445312,0.9999933242797852,494.240478515625,180.81063842773438,0.9999997615814209,486.0342712402344,176.1618194580078,0.9999997615814209,467.5396423339844,181.4502410888672,0.9999996423721313
115,622.814697265625,263.35906982421875,1.0,542.0238037109375,250.01927185058594,1.0,541.6773681640625,262.77490234375,0.9999999403953552,541.3692016601562,234.75743103027344,0.9999992847442627,438.01654052734375,217.7255096435547,0.9999998807907104,423.1603088378906,235.6241912841797,0.9999998807907104,487.3059387207031,249.73727416992188,0.9999969005584717,430.75860595703125,225.38050842285156,1.0,359.9295349121094,214.03228759765625,0.9999969005584717,280.840576171875,225.66790771484375,0.9999998807907104,524.9179077148438,218.5109405517578,0.9999817609786987,529.5604248046875,205.1222686767578,0.9999997615814209,530.962646484375,191.7836151123047,0.9999997615814209,537.6854248046875,194.53091430664062,0.9999998807907104,540.6895141601562,201.2034912109375,0.9999997615814209,539.1669311523438,206.773193359375,0.9999786615371704,535.1127319335938,209.86825561523438,0.9993646144866943,534.7626953125,282.05780029296875,0.9999998807907104,546.2511596679688,290.11871337890625,0.9999999403953552,545.5593872070312,300.5614318847656,0.9999432563781738,551.3762817382812,299.7510986328125,0.999967098236084,555.9759521484375,295.4091796875,0.9999983906745911,556.7698364257812,288.24676513671875,0.999997615814209,549.731201171875,283.0838317871094,0.9999940395355225,410.8094787597656,254.242431640625,0.9999984502792358,396.0663146972656,248.1393585205078,0.9999741315841675,559.6654663085938,286.7999572753906,0.000794142484664917,553.6917724609375,297.4018249511719,8.654594421386719e-05,406.5511779785156,260.1838684082031,0.022348552942276,394.9936828613281,262.07843017578125,0.9742530584335327,383.15985107421875,250.57974243164062,0.9997856616973877,468.3859558105469,209.53993225097656,0.9999999403953552,481.0013122558594,190.9576416015625,0.999999463558197,487.33587646484375,199.70806884765625,0.9999997615814209,493.9918212890625,191.5139923095703,0.9999884366989136,493.8761901855469,180.78782653808594,0.9999996423721313,485.8468322753906,176.28436279296875,0.9999997019767761,467.7762451171875,181.7257080078125,0.9999993443489075
116,624.5838012695312,263.7246398925781,1.0,543.1591796875,250.20533752441406,1.0,543.2689208984375,262.7900390625,1.0,543.260986328125,234.54696655273438,0.9999992847442627,438.4226989746094,218.08584594726562,0.9999998211860657,423.9930725097656,236.23281860351562,0.9999997019767761,489.9476318359375,249.6526336669922,0.9999951124191284,431.2835388183594,225.88575744628906,1.0,361.1738586425781,215.2509307861328,0.9999833703041077,280.07073974609375,227.72845458984375,0.9999999403953552,527.1654663085938,218.804443359375,0.9999912977218628,529.7589111328125,205.19053649902344,0.9999995827674866,530.6891479492188,191.99842834472656,0.9999997615814209,537.7024536132812,194.6072540283203,0.9999998807907104,540.949462890625,201.33680725097656,0.9999996423721313,539.60498046875,207.02597045898438,0.9999651908874512,535.2318115234375,209.94281005859375,0.9977912902832031,535.0142822265625,281.8439025878906,0.9999998211860657,546.2255859375,290.22515869140625,0.9999998807907104,545.239013671875,300.4412536621094,0.9999428987503052,552.2244262695312,299.5621337890625,0.9999701976776123,555.8201293945312,295.5218811035156,0.9999986886978149,556.75927734375,288.4336853027344,0.999998152256012,549.8389282226562,282.971435546875,0.9999936819076538,410.79412841796875,254.34571838378906,0.9999985694885254,396.2870178222656,248.17906188964844,0.9999696016311646,559.7733764648438,286.4808044433594,0.0007069706916809082,553.529296875,297.55609130859375,7.531046867370605e-05,406.8363037109375,260.26397705078125,0.022966384887695312,395.6616516113281,261.9679260253906,0.9821188449859619,383.7203063964844,250.3206329345703,0.999800443649292,468.9692687988281,209.63978576660156,0.9999998807907104,480.8001403808594,191.19912719726562,0.9999996423721313,487.4349365234375,199.39691162109375,0.9999996423721313,493.7925720214844,190.96072387695312,0.99998539686203,493.6950988769531,180.47630310058594,0.9999997615814209,485.7506408691406,176.08023071289062,0.9999996423721313,467.2904052734375,181.41180419921875,0.9999992847442627
117,625.0929565429688,263.4378662109375,1.0,544.7949829101562,250.12657165527344,1.0,543.4432983398438,262.71954345703125,1.0,545.1886596679688,234.3095703125,0.9999997615814209,438.89013671875,218.445068359375,0.9999998211860657,424.90679931640625,236.8271942138672,0.9999995231628418,491.0481262207031,249.49424743652344,0.9999935626983643,431.6006774902344,226.15882873535156,1.0,363.8743591308594,215.96121215820312,0.9999632835388184,279.91571044921875,228.685546875,0.9999998807907104,528.787353515625,219.32559204101562,0.9999946355819702,529.8089599609375,205.4034881591797,0.9999995231628418,530.5990600585938,192.33486938476562,0.9999998807907104,538.4990234375,196.2991180419922,0.9999998807907104,540.9781494140625,201.63931274414062,0.9999997615814209,539.7171630859375,207.2965850830078,0.9999599456787109,535.36328125,210.064453125,0.9934276938438416,536.2534790039062,281.2447204589844,0.9999997019767761,546.150146484375,290.0816650390625,0.9999998807907104,545.2886352539062,300.42138671875,0.9999479651451111,552.1508178710938,299.6484375,0.9999779462814331,556.328125,295.4061584472656,0.9999988079071045,557.089599609375,288.0302429199219,0.9999980330467224,550.3322143554688,282.5748291015625,0.9999891519546509,409.6270446777344,255.4918670654297,0.9999991655349731,395.9820861816406,248.4971160888672,0.999958872795105,560.303955078125,286.0484924316406,0.00042495131492614746,553.6398315429688,297.6058349609375,6.935000419616699e-05,407.5826721191406,262.9583740234375,0.00829276442527771,395.1618347167969,262.19854736328125,0.89451003074646,383.4237976074219,251.0199737548828,0.999396562576294,468.8334045410156,209.95901489257812,1.0,480.08074951171875,191.48663330078125,0.9999995827674866,486.8503112792969,199.73989868164062,0.9999997019767761,493.24755859375,191.4036102294922,0.9999815821647644,493.1787414550781,180.91253662109375,0.9999995827674866,485.4955139160156,176.3338165283203,0.9999997615814209,467.4132385253906,181.60986328125,0.9999992847442627
118,626.1043090820312,263.72418212890625,1.0,546.2738647460938,250.2413330078125,1.0,545.0458984375,262.651123046875,1.0,546.584228515625,234.2024688720703,0.9999999403953552,439.5166320800781,218.4245147705078,0.9999998807907104,425.1286926269531,237.03799438476562,0.9999996423721313,492.0024719238281,249.0482177734375,0.9999927282333374,432.1978454589844,226.38296508789062,1.0,364.3801574707031,216.63290405273438,0.999977707862854,283.60980224609375,230.0631561279297,0.9999999403953552,530.3502807617188,219.30606079101562,0.9999951124191284,530.001953125,205.3370361328125,0.9999995827674866,530.3846435546875,192.19761657714844,0.9999998211860657,537.5253295898438,194.57565307617188,0.9999998807907104,541.0972900390625,201.4208984375,0.9999997615814209,539.8115844726562,207.05551147460938,0.999914288520813,535.8070678710938,210.0603790283203,0.9721770286560059,536.4132080078125,281.714111328125,0.9999996423721313,546.0233764648438,290.20037841796875,0.9999998807907104,544.8086547851562,300.3506774902344,0.999947190284729,551.9038696289062,299.92364501953125,0.9999875426292419,556.2556762695312,295.67535400390625,0.9999988675117493,557.1317749023438,288.2994689941406,0.9999985694885254,550.3692626953125,282.6644592285156,0.9999874830245972,410.3292236328125,255.27000427246094,0.9999980926513672,396.79815673828125,248.81736755371094,0.9999637603759766,560.6016845703125,286.09222412109375,0.000275343656539917,553.546875,297.8397216796875,7.298588752746582e-05,408.58563232421875,262.89990234375,0.01178482174873352,396.5472106933594,262.55908203125,0.9255143404006958,384.2884216308594,251.12864685058594,0.9996864795684814,468.68109130859375,210.12411499023438,1.0,480.0071716308594,191.70538330078125,0.9999997019767761,486.61895751953125,199.7261505126953,0.9999998807907104,493.3459167480469,191.83657836914062,0.9999902248382568,493.0529479980469,180.93878173828125,0.9999995231628418,485.5395812988281,176.2454376220703,0.9999997019767761,467.29345703125,181.5293426513672,0.9999992251396179
119,627.464599609375,263.7289733886719,1.0,547.412109375,250.105224609375,1.0,546.0462036132812,262.72344970703125,1.0,547.3533325195312,233.8818359375,0.9999998807907104,440.35552978515625,218.6260223388672,0.9999996423721313,426.25518798828125,237.4987030029297,0.9999995827674866,493.036865234375,248.6360321044922,0.9999903440475464,432.8162536621094,226.92123413085938,1.0,365.87432861328125,217.32725524902344,0.999980092048645,287.3410339355469,230.76828002929688,0.9999998807907104,532.4181518554688,218.8493194580078,0.9999959468841553,530.0861206054688,205.17286682128906,0.9999995231628418,530.1559448242188,192.1474151611328,0.9999997615814209,537.368896484375,194.6525421142578,0.9999998807907104,540.70556640625,201.55105590820312,0.9999997019767761,539.8661499023438,206.79598999023438,0.9994739294052124,537.247802734375,212.27484130859375,0.843349039554596,536.9732055664062,281.5507507324219,0.9999996423721313,545.9030151367188,290.18389892578125,0.9999999403953552,544.8128662109375,300.2739562988281,0.999933660030365,551.7022705078125,299.93902587890625,0.9999877214431763,556.265380859375,295.58709716796875,0.9999985694885254,557.06884765625,288.3173828125,0.999998152256012,550.5848388671875,283.93994140625,0.9999805688858032,411.0046081542969,255.64662170410156,0.9999986886978149,397.5823974609375,249.8223114013672,0.9999586939811707,560.6201782226562,286.19232177734375,0.0002550482749938965,553.5484619140625,297.70263671875,9.658932685852051e-05,409.1658020019531,263.3958740234375,0.017288118600845337,397.14410400390625,263.1270751953125,0.8682621717453003,385.1827087402344,251.5295867919922,0.9995465278625488,469.1612548828125,210.37498474121094,1.0,479.5648193359375,192.0856170654297,0.9999997615814209,486.1211853027344,199.73995971679688,0.9999998807907104,492.9054870605469,191.82164001464844,0.9999929666519165,492.50421142578125,180.88729858398438,0.9999995827674866,485.396240234375,176.2628631591797,0.9999997615814209,467.2413024902344,181.3712921142578,0.9999992847442627
120,628.9312133789062,263.7720642089844,1.0,549.1885375976562,250.05905151367188,1.0,547.3671264648438,263.10198974609375,1.0,549.5171508789062,233.88450622558594,0.9999998211860657,440.5761413574219,219.39218139648438,0.9999997019767761,427.1712951660156,237.79788208007812,0.9999995231628418,494.2489929199219,248.93186950683594,0.9999958872795105,433.2449645996094,227.34266662597656,1.0,367.3554992675781,218.2454071044922,0.9999622106552124,286.7729797363281,229.8061065673828,0.9999998807907104,536.0816650390625,218.05531311035156,0.9999752640724182,531.7507934570312,204.60443115234375,0.9999975562095642,530.6746215820312,192.0894012451172,0.9999995231628418,538.3546142578125,194.5719757080078,0.999999463558197,541.8413696289062,201.3042449951172,0.9999980926513672,541.0816650390625,207.7377471923828,0.9902022480964661,539.4515991210938,211.3925323486328,0.20461121201515198,537.8228759765625,281.064208984375,0.9999997615814209,545.9737548828125,289.9164733886719,0.9999998807907104,544.765380859375,300.0155334472656,0.9999363422393799,551.6755981445312,299.6591491699219,0.999988317489624,556.2985229492188,295.25787353515625,0.9999980926513672,556.9717407226562,288.21978759765625,0.9999964833259583,550.5076904296875,283.8915100097656,0.9999675750732422,410.79290771484375,255.6249237060547,0.9999989867210388,397.3649597167969,249.3223114013672,0.9999704957008362,560.6151123046875,286.21087646484375,0.0001665651798248291,553.3128662109375,297.4942626953125,8.71121883392334e-05,408.7134704589844,263.4781799316406,0.012606441974639893,396.7645568847656,262.9156188964844,0.8327776193618774,385.2225646972656,251.5097198486328,0.9994665384292603,469.4347839355469,210.67861938476562,1.0,479.1993408203125,191.81011962890625,0.9999997019767761,486.0922546386719,199.4789276123047,0.9999998807907104,492.3846740722656,191.252685546875,0.9999843835830688,491.8675842285156,180.7857208251953,0.9999995231628418,485.12774658203125,175.8125457763672,0.9999997019767761,466.859130859375,181.13990783691406,0.9999994039535522
121,631.2433471679688,263.8849182128906,1.0,551.3202514648438,250.24009704589844,1.0,549.6685180664062,263.33709716796875,1.0,552.048583984375,234.15386962890625,0.9999992847442627,441.6726989746094,219.76805114746094,0.9999997615814209,428.2596130371094,238.79737854003906,0.9999992847442627,496.275634765625,248.8650665283203,0.9999982714653015,434.5599670410156,228.11370849609375,1.0,368.1584167480469,218.7469940185547,0.9999439716339111,287.9419860839844,229.0887451171875,1.0,537.9574584960938,216.53915405273438,0.9997584819793701,533.809326171875,204.15122985839844,0.9999866485595703,531.09423828125,193.55917358398438,0.9999997019767761,538.8773193359375,194.6416778564453,0.9999945163726807,542.9122314453125,200.53256225585938,0.999957799911499,543.5516967773438,206.1173553466797,0.9083653688430786,541.3842163085938,208.83560180664062,0.05893543362617493,539.38037109375,280.1712646484375,0.9999997615814209,546.0369873046875,290.12200927734375,0.9999998807907104,544.6223754882812,300.25946044921875,0.9998661279678345,551.9806518554688,299.9312438964844,0.9999854564666748,556.4119262695312,295.4591064453125,0.9999966621398926,556.9239501953125,288.360107421875,0.999995231628418,550.0863037109375,284.0238037109375,0.9999547004699707,410.2185974121094,255.57583618164062,0.9999987483024597,397.0567626953125,248.28880310058594,0.9999676942825317,560.961181640625,286.5815124511719,9.712576866149902e-05,553.4989013671875,297.5228576660156,0.00010243058204650879,408.0458679199219,263.71466064453125,0.013453543186187744,396.5631408691406,262.33697509765625,0.8134682178497314,385.4476318359375,250.9744110107422,0.9993728399276733,470.2011413574219,211.06393432617188,1.0,479.08428955078125,191.9005584716797,0.9999997019767761,486.0504455566406,199.53890991210938,0.9999998807907104,492.04559326171875,191.08619689941406,0.9999852180480957,491.8209228515625,181.03858947753906,0.9999992847442627,484.9447021484375,175.7666015625,0.9999997019767761,466.5782165527344,181.39398193359375,0.9999994039535522
122,632.68994140625,264.7071228027344,0.9999998807907104,552.0172729492188,250.3010711669922,1.0,550.2879028320312,263.5934143066406,1.0,553.3350219726562,235.38186645507812,0.9999991059303284,442.3981628417969,220.45587158203125,0.9999997615814209,429.172119140625,239.97340393066406,0.999998927116394,497.3521728515625,248.44235229492188,0.9999985694885254,435.01409912109375,229.25730895996094,1.0,369.5646057128906,219.44493103027344,0.9999921917915344,288.220703125,229.53810119628906,0.9999999403953552,539.552490234375,217.73550415039062,0.9998776316642761,538.872802734375,204.60726928710938,0.9999500513076782,533.1320190429688,195.5948486328125,0.9999934434890747,542.073974609375,194.90426635742188,0.9979463815689087,545.10302734375,199.69052124023438,0.9526495933532715,548.7195434570312,206.1654815673828,0.06427374482154846,546.5462036132812,208.2913055419922,0.009628206491470337,539.7726440429688,279.9504699707031,0.9999997615814209,546.115966796875,290.2635498046875,0.9999997615814209,544.7546997070312,300.29388427734375,0.999879002571106,552.0885620117188,300.0032653808594,0.9999849796295166,556.22509765625,295.7991638183594,0.9999966621398926,557.0037231445312,288.60321044921875,0.9999947547912598,550.47900390625,284.2178039550781,0.9999351501464844,410.7093505859375,256.01910400390625,0.9999985694885254,397.9299011230469,249.39718627929688,0.9998641610145569,560.4551391601562,286.9847412109375,0.00010567903518676758,553.5097045898438,297.6065673828125,8.758902549743652e-05,408.7195739746094,263.75701904296875,0.010724037885665894,397.4908142089844,262.9971923828125,0.7960375547409058,386.4290466308594,251.4345245361328,0.9995018839836121,469.9754638671875,211.95919799804688,1.0,477.83953857421875,192.9276123046875,0.9999996423721313,484.2596130371094,200.08290100097656,0.9999996423721313,490.3561096191406,191.8509979248047,0.9999830722808838,490.0712890625,181.93577575683594,0.999998927116394,483.26513671875,177.18310546875,0.9999998211860657,465.2398986816406,182.2965850830078,0.999998927116394
123,634.3099365234375,264.51055908203125,0.9999998807907104,553.1800537109375,250.5654296875,0.9999999403953552,551.3033447265625,263.51531982421875,1.0,554.3712158203125,236.03317260742188,0.9999996423721313,442.695556640625,221.51048278808594,0.9999997615814209,428.8305969238281,239.95285034179688,0.9999991655349731,498.8362731933594,248.49136352539062,0.9999989867210388,435.484375,230.22784423828125,1.0,370.73699951171875,220.4293670654297,0.9999948143959045,288.317138671875,230.08148193359375,0.9999998807907104,541.90869140625,217.47283935546875,0.9999586343765259,540.171630859375,202.79859924316406,0.9999801516532898,534.1502075195312,194.62982177734375,0.9999740123748779,543.7604370117188,192.71519470214844,0.9472106695175171,547.6019897460938,197.30068969726562,0.41653650999069214,548.3958129882812,201.06602478027344,0.005486994981765747,546.9773559570312,204.18959045410156,0.0045323967933654785,540.0365600585938,279.3572692871094,0.9999997615814209,546.2034912109375,290.2297668457031,0.9999999403953552,544.3938598632812,300.0625305175781,0.9998430013656616,551.8692016601562,300.1307067871094,0.9999897480010986,556.2635498046875,296.29345703125,0.9999967813491821,557.1439208984375,289.0472412109375,0.9999961853027344,551.0811157226562,284.291015625,0.9999388456344604,411.23681640625,256.38140869140625,0.9999988079071045,398.04522705078125,249.84591674804688,0.9998956322669983,560.55712890625,287.26141357421875,0.00015527009963989258,553.371337890625,297.8856506347656,0.00014165043830871582,409.7267761230469,264.10882568359375,0.006825089454650879,397.705810546875,263.2430725097656,0.5885083675384521,386.256591796875,252.07275390625,0.9995437860488892,469.89447021484375,212.42593383789062,1.0,476.6065368652344,194.19554138183594,0.9999999403953552,483.9324951171875,200.2379913330078,0.9999996423721313,489.25115966796875,193.16082763671875,0.9999954700469971,489.5230712890625,182.96998596191406,0.9999992847442627,482.5992431640625,177.9127960205078,0.9999998211860657,464.4138488769531,182.55564880371094,0.9999983310699463
124,635.7950439453125,264.6485595703125,0.9999998807907104,554.927734375,250.3964080810547,0.9999998807907104,552.5388793945312,263.0985412597656,1.0,556.5040283203125,236.43946838378906,0.9999997019767761,443.3794860839844,222.5016632080078,0.9999998807907104,430.5834655761719,240.45925903320312,0.9999997615814209,500.9631042480469,248.5338592529297,0.9999983906745911,436.7619323730469,231.1401824951172,1.0,370.7864685058594,221.54510498046875,0.9999959468841553,286.805419921875,229.7415313720703,1.0,546.0949096679688,215.4378204345703,0.9999638795852661,548.3148193359375,202.0508270263672,0.9999895095825195,546.9439697265625,190.56954956054688,0.9999207258224487,553.0784301757812,191.86415100097656,0.9969853162765503,558.202880859375,196.2366485595703,0.9723994731903076,560.2852172851562,204.3674774169922,0.7752275466918945,556.99853515625,206.78575134277344,0.4539954662322998,540.04541015625,278.64813232421875,0.9999998807907104,546.0338134765625,289.7742919921875,0.9999999403953552,544.1370239257812,299.9539794921875,0.9997942447662354,551.5864868164062,299.8910827636719,0.9999905824661255,555.8908081054688,295.8313293457031,0.9999972581863403,556.8048095703125,288.5754089355469,0.9999947547912598,550.9200439453125,284.0315246582031,0.9999212026596069,412.13995361328125,256.93963623046875,0.9999986290931702,398.3686218261719,250.8404541015625,0.9998712539672852,559.60888671875,286.710693359375,0.00017437338829040527,553.17138671875,297.4091491699219,0.00011911988258361816,410.61810302734375,263.9648132324219,0.00516924262046814,398.0491027832031,263.7842712402344,0.6489801406860352,386.0425720214844,252.41770935058594,0.9996018409729004,470.457763671875,212.50697326660156,1.0,475.8686828613281,194.55186462402344,0.9999998807907104,482.6484069824219,200.35475158691406,0.9999992251396179,488.41973876953125,193.0377197265625,0.9999986886978149,488.87945556640625,183.3657684326172,0.9999996423721313,481.9112548828125,178.03866577148438,0.9999998807907104,464.480712890625,182.40814208984375,0.999997615814209
125,636.242431640625,264.5852966308594,0.9999999403953552,556.2813110351562,251.56175231933594,0.9999999403953552,553.4143676757812,263.804931640625,1.0,558.768310546875,237.20245361328125,0.9999997615814209,445.701904296875,222.73439025878906,0.9999999403953552,433.09039306640625,241.6374053955078,1.0,502.6523132324219,248.41485595703125,0.9999942183494568,439.3314208984375,232.00857543945312,1.0,371.7445983886719,222.6722412109375,0.9999958872795105,288.742431640625,230.06454467773438,1.0,551.92578125,217.22825622558594,0.9999808669090271,561.0852661132812,206.49087524414062,0.9999974966049194,560.0462646484375,194.396484375,0.9965307116508484,565.9710693359375,195.31666564941406,0.8943314552307129,569.6814575195312,200.24545288085938,0.8225317001342773,571.4722900390625,208.21128845214844,0.9669004678726196,567.297607421875,211.63906860351562,0.9299330115318298,539.7711181640625,279.4178466796875,0.9999996423721313,546.236328125,290.25604248046875,0.9999998211860657,543.888671875,300.35345458984375,0.9998005628585815,551.4669799804688,300.48602294921875,0.9999892115592957,555.9651489257812,296.5512390136719,0.9999966621398926,557.044189453125,289.2106018066406,0.9999954700469971,551.216064453125,284.6108093261719,0.9998587965965271,413.0234680175781,257.7189636230469,0.9999986886978149,398.8975524902344,250.8013916015625,0.9998610019683838,391.845947265625,242.00404357910156,0.00021585822105407715,552.9028930664062,297.91961669921875,0.0001271963119506836,410.4346923828125,264.044921875,0.0035431385040283203,397.9698181152344,263.7059326171875,0.6234461069107056,386.06219482421875,252.87120056152344,0.9997894167900085,471.75787353515625,212.22052001953125,0.9999999403953552,475.6173400878906,194.55718994140625,0.9999998807907104,482.1352844238281,199.74935913085938,0.9999969005584717,487.58587646484375,192.38043212890625,0.9999983310699463,487.8795471191406,183.21949768066406,0.9999997615814209,480.8877868652344,177.65000915527344,0.9999997615814209,464.22491455078125,182.04330444335938,0.999997615814209
126,638.4540405273438,266.0188293457031,0.9999998807907104,557.68408203125,251.90045166015625,1.0,554.6580810546875,264.0302734375,0.9999999403953552,562.2791748046875,237.1395721435547,0.9999998807907104,446.7886047363281,223.19894409179688,0.9999997615814209,433.937255859375,242.13246154785156,1.0,505.17327880859375,248.45803833007812,0.999988317489624,440.1786193847656,232.45347595214844,0.9999999403953552,372.8057556152344,223.3616180419922,0.9999979734420776,291.88775634765625,231.8527069091797,0.9999998211860657,560.7362060546875,215.9252166748047,0.9999971985816956,576.5098266601562,209.72113037109375,0.9999974966049194,576.5449829101562,197.79257202148438,0.9998561143875122,583.0092163085938,198.28070068359375,0.9839738011360168,585.927734375,201.73768615722656,0.9379050731658936,586.1333618164062,208.31488037109375,0.9917888641357422,579.2801513671875,214.02359008789062,0.983863115310669,539.748291015625,279.3638916015625,0.9999996423721313,546.3095703125,289.8879699707031,0.9999998807907104,543.4738159179688,300.3531188964844,0.999582827091217,551.2526245117188,300.66937255859375,0.9999852180480957,556.0125122070312,296.91705322265625,0.9999950528144836,557.0759887695312,289.65277099609375,0.9999943971633911,550.7041625976562,283.5173034667969,0.9998582005500793,413.5311584472656,257.806396484375,0.9999988079071045,398.606689453125,250.69187927246094,0.9998606443405151,389.6090393066406,242.76832580566406,0.0002982914447784424,552.8922729492188,298.37298583984375,0.00022032856941223145,408.88897705078125,259.7583923339844,0.00231015682220459,398.06561279296875,263.4852294921875,0.4776318669319153,385.4371643066406,253.72462463378906,0.9998362064361572,472.0688781738281,212.6058349609375,0.9999998807907104,475.5977478027344,195.6172332763672,0.9999997615814209,481.7945556640625,200.00213623046875,0.9999975562095642,487.04486083984375,192.75106811523438,0.9999995231628418,487.42041015625,183.5990447998047,0.9999998807907104,480.6350402832031,178.4654083251953,0.9999997615814209,464.4432678222656,182.61749267578125,0.9999963045120239
127,639.489013671875,267.20416259765625,0.9999998807907104,559.1980590820312,253.60382080078125,1.0,555.1243896484375,266.3304748535156,0.9999996423721313,564.5460205078125,238.22254943847656,1.0,448.3890380859375,222.95407104492188,0.9999998211860657,435.9703674316406,242.5587158203125,1.0,507.90948486328125,248.86119079589844,0.9999952912330627,441.71368408203125,233.11585998535156,0.9999998807907104,375.0218505859375,224.05467224121094,0.9999952912330627,293.55279541015625,232.47412109375,0.9999995827674866,572.9646606445312,217.7012481689453,0.9999980330467224,591.1747436523438,214.90538024902344,0.9999998807907104,591.836181640625,202.8026580810547,0.9981258511543274,599.1744384765625,204.59329223632812,0.972557783126831,603.9951171875,209.95843505859375,0.993132472038269,602.3787231445312,215.3181610107422,0.9559662938117981,595.05322265625,224.0064239501953,0.5400412082672119,539.820068359375,279.5709533691406,0.9999991655349731,546.167724609375,289.8577575683594,0.9999998211860657,543.139404296875,300.0431823730469,0.9996917247772217,551.1060180664062,300.8447265625,0.9999879598617554,555.8084106445312,296.840087890625,0.9999943971633911,556.8345336914062,289.5939025878906,0.9999937415122986,550.0556640625,283.5290832519531,0.9999240636825562,414.19647216796875,258.78936767578125,0.9999969601631165,398.3873291015625,250.39968872070312,0.9997521638870239,390.42132568359375,242.71173095703125,0.0007709860801696777,553.1234741210938,298.5084228515625,0.0002804696559906006,408.9453430175781,259.7398986816406,0.0008864700794219971,397.7484436035156,263.83740234375,0.12379780411720276,385.7289733886719,254.16128540039062,0.9994925856590271,473.2714538574219,213.06072998046875,0.9999997615814209,475.2787780761719,195.92999267578125,0.9999997615814209,481.5377502441406,200.15077209472656,0.9999849796295166,486.6236877441406,193.07601928710938,0.9999992847442627,487.31085205078125,183.81292724609375,0.9999998211860657,480.44873046875,178.7889404296875,0.9999997615814209,464.1433410644531,183.26881408691406,0.9999914169311523
128,641.8948364257812,269.143798828125,1.0,561.2119750976562,253.13540649414062,1.0,555.2532958984375,267.07147216796875,0.9999990463256836,566.6597900390625,240.20761108398438,0.9999995231628418,449.49554443359375,223.53668212890625,1.0,437.3880310058594,243.31982421875,1.0,510.3861083984375,248.3068084716797,0.9999963045120239,442.935791015625,233.7117919921875,0.9999997615814209,373.2951354980469,224.96273803710938,0.999997615814209,294.09552001953125,233.77224731445312,0.9999990463256836,586.6199951171875,222.4768524169922,0.9999825954437256,604.541015625,219.1424560546875,0.9999994039535522,607.5682983398438,208.45449829101562,0.9999920129776001,614.7045288085938,211.08090209960938,0.9999996423721313,616.7193603515625,217.75613403320312,0.999997615814209,613.792236328125,223.3740692138672,0.9999930262565613,607.8473510742188,227.19886779785156,0.9996309280395508,540.251220703125,279.6767883300781,0.9999966025352478,546.6953735351562,289.93243408203125,0.9999997019767761,542.944580078125,300.45538330078125,0.9993124008178711,551.1531372070312,301.4098815917969,0.9999724626541138,556.2591552734375,297.4548034667969,0.9999948740005493,557.3091430664062,289.9857177734375,0.9999938011169434,550.7198486328125,283.90704345703125,0.9999508857727051,415.9591064453125,259.626953125,0.9999978542327881,398.6990051269531,251.61082458496094,0.9998813271522522,388.8727111816406,244.9783172607422,0.0005607903003692627,553.158935546875,299.05401611328125,0.0004011690616607666,612.0588989257812,212.9339141845703,0.002152174711227417,398.8528137207031,264.59600830078125,0.16749584674835205,386.2888488769531,254.90940856933594,0.9995443224906921,474.3709716796875,213.52980041503906,0.9999997615814209,474.845458984375,196.16368103027344,0.9999998807907104,481.26226806640625,200.9440460205078,0.999983549118042,486.47723388671875,193.4617462158203,0.9999997615814209,487.47027587890625,183.87779235839844,0.9999998807907104,480.8104553222656,178.84608459472656,0.9999998807907104,463.37890625,182.8686065673828,0.9999899864196777
129,642.6856079101562,270.62652587890625,1.0,562.605224609375,254.5467529296875,0.9999999403953552,556.1948852539062,268.0995788574219,0.9999987483024597,568.8980102539062,242.19210815429688,0.999999463558197,450.8375244140625,224.39276123046875,1.0,439.31475830078125,244.76315307617188,0.9999997615814209,509.9717102050781,248.15550231933594,0.9999963045120239,444.6141052246094,235.01852416992188,0.9999997615814209,375.5950622558594,226.74049377441406,0.9999953508377075,293.4679870605469,235.06687927246094,0.9999995231628418,590.4509887695312,227.0180206298828,0.999996542930603,609.16015625,223.7967071533203,0.9999998211860657,612.5510864257812,212.99737548828125,0.9999996423721313,618.7633056640625,216.12098693847656,0.9999988079071045,620.9773559570312,221.9224090576172,0.999998152256012,617.9122924804688,227.57943725585938,0.9999935626983643,611.8336791992188,231.79664611816406,0.9999548196792603,540.6309204101562,279.2865295410156,0.9999947547912598,546.6521606445312,290.0406494140625,0.9999995231628418,543.0256958007812,300.2729187011719,0.9995291829109192,550.9653930664062,301.273193359375,0.9999743103981018,556.2230834960938,297.30755615234375,0.9999938011169434,557.1578369140625,289.6973876953125,0.9999936819076538,551.0675048828125,284.031982421875,0.9999346733093262,417.6530456542969,257.3313293457031,0.9999982118606567,399.9203186035156,252.0306396484375,0.999869704246521,390.4797668457031,245.55511474609375,0.0008193850517272949,613.5814208984375,216.68328857421875,0.0009635984897613525,615.8819580078125,216.71876525878906,0.009483158588409424,399.2583312988281,265.1492614746094,0.2546979486942291,386.6421813964844,254.9110870361328,0.9990414381027222,475.0519714355469,213.44215393066406,0.9999995827674866,475.1766357421875,196.92977905273438,0.9999998807907104,481.7812805175781,200.9640655517578,0.9999911785125732,486.3615417480469,194.54359436035156,0.9999997615814209,487.4691467285156,185.0129852294922,0.9999997615814209,480.70257568359375,180.25253295898438,0.9999999403953552,465.14154052734375,183.85411071777344,0.9999949932098389
130,644.2152709960938,272.0953674316406,1.0,563.9080200195312,255.3845672607422,0.9999999403953552,557.2053833007812,268.8547668457031,0.9999986886978149,570.1369018554688,242.61004638671875,0.9999995827674866,451.8973693847656,225.62619018554688,1.0,441.23602294921875,246.19911193847656,0.9999988079071045,511.2953796386719,248.47377014160156,0.9999991655349731,446.45330810546875,235.6884765625,0.9999997615814209,375.2808532714844,228.66049194335938,0.999996542930603,292.8041687011719,237.14373779296875,0.9999997019767761,589.215087890625,226.46011352539062,0.9999983310699463,609.1828002929688,224.34962463378906,0.9999997615814209,611.845947265625,213.6031036376953,0.9999997615814209,618.710693359375,216.282958984375,0.9999985694885254,622.3154907226562,222.59133911132812,0.999998927116394,618.7516479492188,227.89207458496094,0.999995231628418,613.3394775390625,232.9564971923828,0.999972939491272,541.063232421875,279.2501220703125,0.999995768070221,546.5780029296875,290.04791259765625,0.9999995231628418,542.7344360351562,300.1518859863281,0.9995641708374023,550.7874755859375,301.36090087890625,0.999974250793457,556.287109375,297.3854064941406,0.9999949932098389,557.494384765625,289.8126220703125,0.9999946355819702,551.3761596679688,284.1204528808594,0.9999293088912964,417.99456787109375,257.4969177246094,0.9999947547912598,399.0619201660156,252.50827026367188,0.9996322393417358,387.4450378417969,246.29222106933594,0.0009107887744903564,552.604736328125,299.1524963378906,0.0008573830127716064,615.2319946289062,216.84933471679688,0.008173614740371704,398.1614685058594,264.7369384765625,0.2703297436237335,385.9275817871094,255.6150360107422,0.9988504648208618,475.5045471191406,213.94088745117188,0.9999994039535522,475.0653991699219,197.194580078125,0.9999999403953552,481.719970703125,201.42886352539062,0.9999688863754272,486.445068359375,194.96473693847656,0.9999997019767761,487.39306640625,185.23776245117188,0.9999996423721313,480.32305908203125,180.61053466796875,0.9999998211860657,465.2074279785156,184.22947692871094,0.9999964833259583
131,644.6119995117188,273.7073059082031,1.0,564.1127319335938,256.4491271972656,0.9999998807907104,558.10888671875,270.4342041015625,0.999998927116394,572.3944702148438,243.2652587890625,0.9999998807907104,452.0849609375,227.3606719970703,1.0,441.7825012207031,247.38890075683594,0.9999974370002747,511.8688049316406,249.21417236328125,0.9999984502792358,447.1701354980469,237.0415802001953,0.9999997019767761,379.3857116699219,230.51495361328125,0.9999826550483704,296.5438232421875,237.5218048095703,0.9999985098838806,590.91845703125,226.76904296875,0.9999995231628418,608.9075927734375,224.20968627929688,0.9999998807907104,611.375,213.60025024414062,0.9999999403953552,618.6048583984375,215.92205810546875,0.9999995827674866,622.6619262695312,222.697021484375,0.9999997615814209,618.6380004882812,228.55625915527344,0.999998927116394,612.9900512695312,233.2798614501953,0.9999966025352478,540.5250244140625,279.8965759277344,0.9999959468841553,546.6051635742188,290.29559326171875,0.9999996423721313,542.8092041015625,299.76922607421875,0.9997323751449585,550.626953125,301.17059326171875,0.9999874234199524,556.3807983398438,297.50177001953125,0.9999972581863403,557.4835815429688,290.10479736328125,0.9999947547912598,551.6597900390625,283.9810485839844,0.9998232126235962,418.419189453125,258.5348205566406,0.9999811053276062,400.0854187011719,253.40452575683594,0.9981707334518433,551.0042724609375,288.70635986328125,0.0005689263343811035,552.3414306640625,299.0592346191406,0.0016406476497650146,615.0462036132812,217.0125274658203,0.002307802438735962,400.76690673828125,266.7651672363281,0.035046547651290894,387.6700744628906,256.5863342285156,0.9859693646430969,475.5746765136719,215.10116577148438,0.9999994039535522,475.157958984375,197.6901092529297,1.0,481.96240234375,201.471923828125,0.9999449849128723,486.4345703125,195.10023498535156,0.9999992847442627,486.89569091796875,185.38201904296875,0.999999463558197,479.82025146484375,180.83038330078125,0.9999997019767761,465.04833984375,184.98785400390625,0.9999961256980896
132,645.085205078125,274.8582763671875,1.0,564.4397583007812,258.0850830078125,1.0,558.7631225585938,271.4722900390625,0.9999987483024597,573.1731567382812,243.89556884765625,1.0,452.4804992675781,228.187255859375,1.0,442.8525390625,248.58425903320312,0.9999962449073792,512.7186279296875,248.18087768554688,0.999998152256012,447.8265075683594,237.9918212890625,0.9999997615814209,379.72369384765625,231.54087829589844,0.9999860525131226,297.1549377441406,239.25462341308594,0.9999972581863403,590.472900390625,226.78330993652344,0.9999997019767761,608.8129272460938,223.97206115722656,0.9999998807907104,611.2715454101562,213.31671142578125,0.9999999403953552,618.2285766601562,215.54998779296875,0.9999997615814209,622.3047485351562,222.5703582763672,0.9999997615814209,618.41064453125,228.8311767578125,0.9999992847442627,612.84521484375,233.69866943359375,0.9999983310699463,540.8883056640625,280.9886779785156,0.9999949932098389,546.9437866210938,291.2294921875,0.9999994039535522,542.8135375976562,300.3371887207031,0.9996670484542847,550.7295532226562,301.494384765625,0.9999855160713196,556.68359375,297.9134216308594,0.9999973773956299,557.6354370117188,290.9415283203125,0.9999924898147583,551.73828125,284.7333679199219,0.9995848536491394,418.83203125,259.9203796386719,0.999975860118866,400.8105163574219,254.61692810058594,0.996802568435669,550.9227905273438,289.7077331542969,0.00039780139923095703,552.3424072265625,299.53924560546875,0.001602470874786377,614.7117309570312,217.01731872558594,0.0005523264408111572,401.41973876953125,267.533935546875,0.009136378765106201,389.8763427734375,258.1188049316406,0.9051846861839294,475.8670349121094,214.47799682617188,0.9999994039535522,475.5224304199219,197.30567932128906,0.9999998807907104,481.9904479980469,201.014404296875,0.9999603033065796,486.47015380859375,194.9430694580078,0.9999995827674866,487.2369384765625,185.29441833496094,0.9999996423721313,479.85833740234375,180.71754455566406,0.9999998807907104,465.3564758300781,184.90476989746094,0.9999966621398926
133,644.9893188476562,276.26422119140625,1.0,564.5072631835938,258.9260559082031,1.0,558.9402465820312,271.84423828125,0.9999983310699463,573.180908203125,244.18618774414062,0.9999998807907104,453.0703430175781,229.10748291015625,1.0,443.14068603515625,249.36480712890625,0.9999844431877136,513.0130615234375,248.78433227539062,0.9999986290931702,448.63458251953125,238.9358673095703,0.9999995231628418,379.256103515625,232.32020568847656,0.9999891519546509,297.0683288574219,240.44900512695312,0.9999992847442627,590.3955078125,226.4598846435547,0.9999998211860657,608.77294921875,224.04893493652344,1.0,610.8934936523438,213.4545135498047,0.9999999403953552,618.087890625,215.5442657470703,0.9999998807907104,622.453125,222.64852905273438,0.9999998807907104,618.6448364257812,229.08677673339844,0.9999997019767761,612.7264404296875,233.9425506591797,0.9999982714653015,541.1209716796875,281.2200927734375,0.9999943971633911,546.9476928710938,291.4849853515625,0.9999992847442627,542.9183349609375,300.0933532714844,0.9996860027313232,550.6080932617188,301.3285827636719,0.9999886751174927,556.5673828125,298.0281066894531,0.9999971389770508,557.5792236328125,291.2247009277344,0.9999878406524658,552.1801147460938,285.5829772949219,0.9989962577819824,419.19482421875,260.0469055175781,0.9999831914901733,401.3921813964844,254.90919494628906,0.997219979763031,550.5036010742188,289.5512390136719,0.0004980266094207764,552.2249755859375,299.3667907714844,0.0019263923168182373,411.3647155761719,265.4690246582031,0.0004284083843231201,404.0387268066406,267.78265380859375,0.0062302350997924805,389.5240478515625,258.4533386230469,0.8303662538528442,475.6681213378906,215.30506896972656,0.999998927116394,475.4167785644531,197.74635314941406,0.9999997615814209,481.7448425292969,201.075927734375,0.9999774694442749,486.0668640136719,195.03421020507812,0.9999994039535522,486.5775146484375,185.1812744140625,0.9999996423721313,478.75604248046875,181.3083953857422,0.9999992847442627,465.3255920410156,185.94403076171875,0.9999946355819702
134,645.180908203125,277.1051025390625,1.0,565.3870239257812,259.51849365234375,1.0,559.4028930664062,272.2770080566406,0.9999986886978149,573.8201293945312,244.6376190185547,1.0,452.9814758300781,229.19215393066406,1.0,443.07861328125,249.8309326171875,0.99998539686203,513.8346557617188,248.58450317382812,0.9999994039535522,448.7659912109375,239.24749755859375,0.9999995231628418,379.4260559082031,232.60350036621094,0.999986469745636,298.7332458496094,240.66416931152344,0.9999998211860657,590.1384887695312,226.42349243164062,0.9999998807907104,609.1829833984375,224.57350158691406,0.9999999403953552,610.0131225585938,213.65390014648438,0.9999998807907104,617.505615234375,215.6072235107422,0.9999998211860657,622.2113647460938,222.891357421875,0.9999998807907104,618.1350708007812,229.49371337890625,0.9999997615814209,611.9534301757812,234.10263061523438,0.999998927116394,541.8167114257812,281.5955505371094,0.9999938011169434,547.261962890625,291.767578125,0.9999994039535522,542.9747314453125,300.28680419921875,0.999684751033783,550.7257080078125,301.4625549316406,0.9999881386756897,556.86328125,298.1598815917969,0.9999967813491821,557.8646850585938,291.60638427734375,0.9999822378158569,552.8235473632812,285.92974853515625,0.9984647035598755,419.4496765136719,260.64990234375,0.999977707862854,401.59698486328125,255.53408813476562,0.994683027267456,550.1280517578125,289.9251403808594,0.0004165172576904297,552.3692626953125,299.6007995605469,0.0019454658031463623,411.22418212890625,265.8365478515625,0.000478208065032959,404.452392578125,272.699951171875,0.006891369819641113,391.7328796386719,259.5166320800781,0.7541285753250122,475.9023742675781,214.76637268066406,0.9999982118606567,475.60003662109375,197.65216064453125,0.9999998807907104,482.23577880859375,201.19728088378906,0.9999864101409912,486.2739562988281,194.686279296875,0.9999992847442627,486.6647644042969,185.2122802734375,0.9999995827674866,478.966796875,181.1557159423828,0.9999992847442627,465.3368225097656,185.83990478515625,0.9999949336051941
135,645.3975830078125,278.08062744140625,1.0,566.4267578125,260.0094909667969,1.0,559.881103515625,272.44671630859375,0.9999992847442627,574.6769409179688,245.0254364013672,0.9999998807907104,453.82745361328125,229.4778594970703,1.0,444.1251525878906,249.7501220703125,0.9999855160713196,514.831298828125,248.37062072753906,0.9999995827674866,449.36962890625,239.18128967285156,0.9999996423721313,379.8990783691406,232.53265380859375,0.9999792575836182,298.94000244140625,241.065673828125,0.9999997615814209,589.7815551757812,226.0727996826172,0.9999999403953552,608.0435791015625,224.4059295654297,0.9999999403953552,609.3933715820312,213.7537841796875,1.0,617.101318359375,215.6356201171875,0.9999998807907104,621.2149658203125,222.30081176757812,0.9999998211860657,617.9892578125,229.28883361816406,0.9999998211860657,611.98046875,233.9696807861328,0.9999986290931702,542.1425170898438,281.4235534667969,0.9999925494194031,547.404296875,291.63470458984375,0.9999992847442627,543.0836181640625,300.0992736816406,0.9997073411941528,550.8286743164062,301.35150146484375,0.9999878406524658,556.7376708984375,298.11993408203125,0.9999963641166687,558.03369140625,291.66632080078125,0.9999744892120361,553.1861572265625,285.9873352050781,0.996099591255188,419.56243896484375,260.42974853515625,0.9999797344207764,401.3494567871094,255.2477569580078,0.9938746690750122,549.6826171875,289.8565979003906,0.0004998147487640381,552.2677612304688,299.53533935546875,0.0015138685703277588,419.67462158203125,267.6407470703125,0.0005956292152404785,402.66217041015625,268.08837890625,0.006515920162200928,391.27197265625,259.20867919921875,0.8544007539749146,476.3277282714844,215.1018829345703,0.9999970197677612,475.7210693359375,197.92318725585938,0.9999998807907104,482.01715087890625,200.57264709472656,0.9999829530715942,486.3103942871094,194.62767028808594,0.9999990463256836,486.72808837890625,185.17942810058594,0.9999994039535522,478.66412353515625,181.15969848632812,0.9999989867210388,465.55517578125,186.21519470214844,0.9999955892562866
136,645.6259155273438,277.9748229980469,1.0,566.77001953125,259.8031311035156,1.0,560.08740234375,272.217041015625,0.9999992847442627,573.8862915039062,244.7668914794922,0.9999998807907104,454.2445983886719,228.8521270751953,0.9999999403953552,444.572021484375,248.7894744873047,0.9999896883964539,515.109375,247.94664001464844,0.9999994039535522,449.70977783203125,238.47935485839844,0.9999997615814209,381.13873291015625,232.4683074951172,0.9999778866767883,299.71002197265625,241.74215698242188,0.9999997615814209,589.3109130859375,225.55572509765625,0.9999998807907104,607.474609375,224.52685546875,1.0,609.1461181640625,213.5584716796875,0.9999998807907104,616.963623046875,215.41932678222656,0.9999999403953552,620.9464721679688,222.20069885253906,0.9999998211860657,617.62109375,229.08119201660156,0.9999998211860657,611.3341674804688,233.80418395996094,0.9999983310699463,542.1263427734375,281.0577087402344,0.9999945163726807,547.2050170898438,291.5909423828125,0.9999992847442627,542.9985961914062,299.9823913574219,0.9996743202209473,550.611572265625,301.344970703125,0.9999900460243225,556.5810546875,297.9977111816406,0.9999973773956299,557.9112548828125,291.5430603027344,0.9999856352806091,552.7694702148438,285.8950500488281,0.9971173405647278,420.3280334472656,259.9467468261719,0.9999825358390808,401.52972412109375,254.99159240722656,0.996696949005127,549.2954711914062,289.6108093261719,0.0008101761341094971,551.97216796875,299.5350646972656,0.002348184585571289,419.50677490234375,267.32879638671875,0.0006143152713775635,400.9403381347656,267.1191711425781,0.01217678189277649,390.8346252441406,258.5527038574219,0.9585323929786682,476.4452209472656,214.60000610351562,0.9999984502792358,475.33489990234375,197.6271514892578,0.9999998807907104,481.3766784667969,200.41867065429688,0.9999803304672241,486.0684509277344,194.93267822265625,0.9999991655349731,486.4002685546875,185.41075134277344,0.9999994039535522,478.77227783203125,181.31643676757812,0.9999990463256836,465.3251953125,186.28916931152344,0.9999946355819702
137,646.3651123046875,277.888916015625,1.0,567.3223876953125,259.77484130859375,1.0,561.5320434570312,272.97027587890625,0.9999988079071045,576.0046997070312,244.9859619140625,0.9999998807907104,454.6273193359375,228.3891143798828,1.0,444.93316650390625,248.5066680908203,0.9999932646751404,514.8980102539062,249.2510986328125,0.9999985694885254,450.037841796875,238.1831817626953,0.9999997615814209,381.0337829589844,232.3263702392578,0.9999884366989136,299.9680480957031,241.97479248046875,0.9999998807907104,589.2752075195312,225.73760986328125,0.9999998807907104,608.4625854492188,224.21385192871094,0.9999999403953552,609.0366821289062,213.3715057373047,1.0,616.7518920898438,215.140869140625,0.9999998807907104,620.71826171875,221.84315490722656,0.9999998807907104,617.6297607421875,228.83306884765625,0.9999998807907104,611.5314331054688,233.7736053466797,0.9999988079071045,541.9013061523438,281.3973693847656,0.9999901056289673,547.3228759765625,291.469970703125,0.9999995231628418,542.8994750976562,299.65380859375,0.9995989799499512,550.5639038085938,301.275146484375,0.9999890327453613,556.7820434570312,297.9559631347656,0.9999973773956299,557.7521362304688,291.39422607421875,0.999990701675415,552.6609497070312,285.90826416015625,0.9986218810081482,421.1211242675781,259.8537902832031,0.9999796152114868,402.7592468261719,255.10357666015625,0.9959802627563477,549.1626586914062,289.1392822265625,0.0012350380420684814,551.9851684570312,299.46636962890625,0.003601938486099243,419.9143371582031,267.1807861328125,0.0010334253311157227,404.3283996582031,271.5054016113281,0.0051777660846710205,390.33770751953125,258.5583190917969,0.8642334938049316,476.2640380859375,214.2317352294922,0.9999984502792358,475.3031005859375,197.55831909179688,0.9999998807907104,481.6689758300781,201.0455322265625,0.9999781847000122,485.6497802734375,194.73707580566406,0.9999991655349731,486.25823974609375,185.45632934570312,0.9999994039535522,478.8835144042969,181.39480590820312,0.9999988079071045,465.35369873046875,186.2874755859375,0.9999938011169434
138,646.7853393554688,277.9996337890625,1.0,568.5801391601562,259.76556396484375,0.9999999403953552,562.3546752929688,273.1741638183594,0.9999992847442627,575.7362670898438,244.86204528808594,1.0,455.0120544433594,228.0010528564453,1.0,445.32562255859375,247.82215881347656,0.9999964833259583,515.258056640625,248.36439514160156,0.9999994039535522,450.60205078125,237.6695098876953,0.9999998807907104,381.50494384765625,232.65467834472656,0.9999895095825195,301.5075988769531,243.1682891845703,0.9999997019767761,588.8645629882812,224.99349975585938,0.9999999403953552,607.2808227539062,223.92630004882812,0.9999999403953552,608.7693481445312,213.2935028076172,1.0,617.0205688476562,215.6820526123047,0.9999999403953552,620.5764770507812,221.95608520507812,0.9999998807907104,617.4901123046875,228.82174682617188,0.9999998807907104,611.2677001953125,233.4186248779297,0.9999988079071045,542.1019897460938,280.8321838378906,0.999994158744812,547.3751220703125,291.1534423828125,0.999999463558197,542.5590209960938,299.2856140136719,0.9996182322502136,550.33349609375,301.1753845214844,0.9999891519546509,556.7576293945312,297.8759460449219,0.9999974966049194,557.9584350585938,291.35858154296875,0.9999923706054688,552.9637451171875,285.8139343261719,0.9985398054122925,422.22918701171875,259.63427734375,0.9999614357948303,403.2166442871094,254.96835327148438,0.9911684989929199,548.8507080078125,288.968994140625,0.0015798509120941162,551.9110107421875,299.4284973144531,0.004179835319519043,419.6936950683594,267.02484130859375,0.002089083194732666,401.7051696777344,266.7507019042969,0.0031248927116394043,390.4537048339844,257.9950866699219,0.8362324237823486,475.8970947265625,213.89337158203125,0.9999978542327881,475.1201171875,197.54058837890625,0.9999998211860657,481.1856994628906,200.43887329101562,0.999989926815033,485.6792297363281,194.79122924804688,0.9999994039535522,486.0748596191406,185.51617431640625,0.9999994039535522,479.01324462890625,181.32981872558594,0.9999986886978149,465.2503967285156,186.1348876953125,0.9999930262565613
139,647.3047485351562,278.0245666503906,1.0,567.7745971679688,259.090576171875,1.0,561.6566162109375,272.2297058105469,0.999998927116394,575.3251342773438,244.60333251953125,1.0,455.5832824707031,227.27603149414062,0.9999998807907104,446.1211242675781,247.1002960205078,0.9999991655349731,516.0957641601562,247.4589080810547,0.9999994039535522,451.1778564453125,236.87161254882812,0.9999999403953552,382.3810119628906,232.74185180664062,0.9999696612358093,301.2242126464844,243.7769775390625,0.999999463558197,588.9290161132812,224.6100616455078,0.9999998807907104,607.2830200195312,223.7827911376953,0.9999999403953552,608.7599487304688,213.2582244873047,0.9999998807907104,616.974609375,215.67355346679688,0.9999998807907104,620.6130981445312,222.02169799804688,0.9999999403953552,617.5286865234375,228.83294677734375,0.9999998807907104,611.2428588867188,233.5596923828125,0.9999979734420776,542.2577514648438,280.0048522949219,0.9999948740005493,547.6748046875,290.9854736328125,0.9999992847442627,543.3441772460938,299.4231872558594,0.9993100762367249,550.9415893554688,300.92108154296875,0.9999812841415405,556.8755493164062,297.34710693359375,0.9999955892562866,557.6958618164062,290.9258728027344,0.9999905824661255,552.8147583007812,285.9202575683594,0.9989888072013855,423.24322509765625,259.8196105957031,0.9999654293060303,404.60711669921875,255.48292541503906,0.9915869235992432,549.0231323242188,289.1175842285156,0.001201033592224121,552.181884765625,299.020751953125,0.004960834980010986,420.2122802734375,266.7756652832031,0.004180818796157837,412.71923828125,269.2638244628906,0.00205838680267334,391.149658203125,258.1814270019531,0.4740793704986572,475.9083557128906,213.3042755126953,0.9999986290931702,475.06451416015625,196.98634338378906,0.9999998211860657,481.0479736328125,200.93426513671875,0.9999872446060181,485.7848815917969,194.57994079589844,0.9999994039535522,486.1629638671875,185.28700256347656,0.9999996423721313,479.09228515625,181.169189453125,0.9999988675117493,465.2808837890625,185.78053283691406,0.999992311000824
140,647.8050537109375,278.25146484375,1.0,568.126708984375,259.1683044433594,0.9999998807907104,562.0681762695312,272.5302734375,0.9999990463256836,576.1878662109375,244.69610595703125,1.0,456.7260437011719,227.1171417236328,0.9999998211860657,447.3184509277344,246.7635955810547,0.9999996423721313,516.3804931640625,247.6320037841797,0.9999988079071045,452.1015930175781,236.53778076171875,0.9999999403953552,383.7684631347656,232.4019012451172,0.999960720539093,301.47967529296875,243.9803924560547,0.9999995231628418,588.9823608398438,224.2176055908203,0.9999998807907104,607.3279418945312,223.73358154296875,1.0,609.0370483398438,213.06243896484375,1.0,617.2482299804688,215.52967834472656,0.9999998807907104,620.768310546875,221.99200439453125,0.9999998807907104,617.5739135742188,228.8073272705078,0.9999999403953552,611.28173828125,233.5220184326172,0.9999973773956299,542.4256591796875,279.71136474609375,0.9999963045120239,547.4994506835938,290.7327575683594,0.9999991655349731,543.1796264648438,299.28955078125,0.9993113279342651,550.8236694335938,300.7759704589844,0.9999841451644897,556.7160034179688,297.17144775390625,0.9999955892562866,557.6370849609375,290.85333251953125,0.9999893307685852,553.0477905273438,285.7242736816406,0.998939037322998,426.2557678222656,258.7535705566406,0.999966025352478,404.7386474609375,255.1974334716797,0.9963058233261108,548.7830200195312,289.02227783203125,0.0013144314289093018,551.8645629882812,298.7977600097656,0.004565149545669556,420.0454406738281,266.78289794921875,0.010755211114883423,412.4715881347656,268.81146240234375,0.0042674243450164795,390.99468994140625,257.968994140625,0.5610731840133667,476.902587890625,213.0165557861328,0.9999975562095642,474.60003662109375,196.77822875976562,0.9999999403953552,481.8675537109375,201.47824096679688,0.999954104423523,485.4840087890625,194.81967163085938,0.9999995231628418,486.6058044433594,185.475341796875,0.9999996423721313,479.6860656738281,180.83114624023438,0.9999996423721313,465.2606201171875,185.3617401123047,0.9999960660934448
141,647.9712524414062,278.30157470703125,1.0,568.2017822265625,258.6788635253906,0.9999998807907104,561.9846801757812,272.0384521484375,0.9999992847442627,576.2747802734375,244.51576232910156,1.0,457.41796875,227.13784790039062,0.9999997615814209,448.8748474121094,246.26808166503906,0.9999995827674866,516.8062133789062,247.18145751953125,0.9999996423721313,453.09600830078125,236.47230529785156,0.9999998211860657,383.7423400878906,232.0806884765625,0.9999414682388306,301.31256103515625,244.21705627441406,0.9999994039535522,589.6146240234375,223.8341827392578,0.9999998807907104,607.629638671875,223.6165313720703,1.0,609.4406127929688,212.97689819335938,1.0,617.0596313476562,215.00347900390625,0.9999999403953552,621.05322265625,221.78317260742188,0.9999998807907104,617.9220581054688,228.68186950683594,0.9999998807907104,611.4999389648438,233.46673583984375,0.9999954104423523,542.7970581054688,279.571533203125,0.9999962449073792,547.409423828125,290.6257629394531,0.9999991655349731,543.2005004882812,299.4386291503906,0.9993704557418823,550.7534790039062,300.7542419433594,0.9999843835830688,556.7734375,296.9983215332031,0.9999955892562866,557.7792358398438,290.7827453613281,0.9999894499778748,553.400146484375,285.79132080078125,0.9990431070327759,423.922119140625,258.02362060546875,0.999936044216156,403.55340576171875,254.66082763671875,0.9985175728797913,548.8234252929688,289.0437927246094,0.0011171996593475342,551.9466552734375,298.5726013183594,0.004759043455123901,419.5733337402344,265.2993469238281,0.007160753011703491,405.76873779296875,265.9248046875,0.013345152139663696,391.06500244140625,258.5158386230469,0.8521226644515991,477.5588073730469,211.6573028564453,0.9999970197677612,474.7347717285156,196.24139404296875,0.9999998807907104,481.7940979003906,200.908447265625,0.9999678730964661,485.419921875,193.97557067871094,0.9999992847442627,486.8099365234375,184.82864379882812,0.9999997615814209,479.7008361816406,180.1189422607422,0.9999997019767761,465.44354248046875,184.9052276611328,0.9999958276748657
142,647.8526611328125,278.06329345703125,1.0,568.6400146484375,258.99151611328125,0.9999998807907104,562.5962524414062,272.3171691894531,0.9999995231628418,576.5939331054688,244.57000732421875,1.0,457.8464660644531,227.29000854492188,0.9999998807907104,449.1416320800781,246.46656799316406,0.9999992847442627,517.1534423828125,246.8192901611328,0.9999996423721313,453.3807067871094,236.63479614257812,0.9999997615814209,384.4699401855469,231.90411376953125,0.9998854994773865,300.0921325683594,244.38876342773438,0.9999995231628418,589.5903930664062,223.61346435546875,0.9999998807907104,607.8697509765625,224.17520141601562,0.9999999403953552,609.78515625,212.91876220703125,1.0,617.1130981445312,215.06085205078125,1.0,621.1241455078125,221.78317260742188,0.9999998807907104,617.9293212890625,228.56723022460938,0.9999999403953552,611.4464721679688,233.44515991210938,0.9999915957450867,542.05859375,279.7353820800781,0.9999960660934448,547.369140625,290.6336975097656,0.9999992847442627,543.1520385742188,299.06182861328125,0.9995163679122925,550.7575073242188,300.6930236816406,0.9999873638153076,557.0382080078125,296.9288635253906,0.999995231628418,557.7536010742188,290.7939147949219,0.9999874830245972,553.3123779296875,285.73590087890625,0.9989926815032959,423.1949157714844,257.0023498535156,0.9998737573623657,402.6397705078125,253.53916931152344,0.9911635518074036,548.622314453125,288.8650207519531,0.0015625059604644775,552.128173828125,298.6601257324219,0.005506992340087891,551.5891723632812,304.27203369140625,0.0011593103408813477,401.0675354003906,265.167724609375,0.006791740655899048,390.11309814453125,256.593505859375,0.6183605790138245,477.69561767578125,212.11647033691406,0.9999966621398926,474.56695556640625,196.59140014648438,0.9999998807907104,481.8177490234375,201.10733032226562,0.9999642372131348,485.58038330078125,194.2146453857422,0.9999996423721313,486.9750671386719,185.02560424804688,0.9999997615814209,479.91326904296875,180.30813598632812,0.9999997615814209,465.43115234375,184.8086700439453,0.9999972581863403
143,649.2031860351562,278.50421142578125,1.0,570.9338989257812,259.1251525878906,1.0,563.7978515625,272.3062438964844,0.9999996423721313,578.1219482421875,244.86044311523438,1.0,459.2942199707031,227.03041076660156,0.9999998807907104,450.197021484375,246.43226623535156,0.9999997019767761,518.4349975585938,246.64691162109375,0.9999990463256836,454.8036804199219,236.0143585205078,0.9999997615814209,388.0979919433594,231.38343811035156,0.9999872446060181,302.9790344238281,243.85704040527344,0.9999995827674866,589.1763305664062,223.5600128173828,0.9999998807907104,607.6416625976562,223.85940551757812,0.9999998807907104,609.7059936523438,213.13607788085938,1.0,617.8504638671875,215.67274475097656,0.9999998807907104,621.072021484375,221.72509765625,0.9999998807907104,618.0443115234375,228.50135803222656,0.9999999403953552,611.582275390625,233.49288940429688,0.999992847442627,542.89892578125,279.4657897949219,0.9999977946281433,547.244873046875,290.6286315917969,0.9999991655349731,542.9349975585938,298.68145751953125,0.9993562698364258,550.5118408203125,300.5751953125,0.9999867677688599,557.0350952148438,296.8326110839844,0.9999934434890747,557.9782104492188,290.774658203125,0.9999864101409912,553.4419555664062,286.0773620605469,0.9989759922027588,428.6684265136719,258.84417724609375,0.9998752474784851,407.5647888183594,254.3976287841797,0.9328346252441406,548.2520141601562,289.01812744140625,0.0017614960670471191,552.2977905273438,298.62548828125,0.006876558065414429,551.5911254882812,304.31207275390625,0.0014545917510986328,493.3807373046875,188.3812255859375,0.0012947618961334229,398.1999206542969,257.4124755859375,0.02932274341583252,478.296142578125,211.2686004638672,0.9999982118606567,474.60272216796875,196.34547424316406,0.9999999403953552,481.7037048339844,200.96107482910156,0.999882698059082,485.1731262207031,194.13539123535156,0.9999992847442627,486.7825012207031,185.13238525390625,0.9999996423721313,479.882568359375,180.3574981689453,0.9999996423721313,465.5242614746094,184.82151794433594,0.9999963045120239
144,649.86376953125,278.15631103515625,1.0,571.9838256835938,259.01812744140625,1.0,564.5498046875,272.228759765625,0.9999995827674866,578.755126953125,244.6258544921875,1.0,459.83624267578125,227.47189331054688,0.9999998807907104,451.86090087890625,246.5100860595703,1.0,518.986572265625,246.33990478515625,0.9999979734420776,455.8106689453125,235.96278381347656,0.9999998211860657,388.2044677734375,231.9204864501953,0.9999863505363464,302.93634033203125,241.82688903808594,0.9999998211860657,589.4493408203125,223.16481018066406,0.9999998807907104,607.8533325195312,223.59959411621094,0.9999998807907104,610.2146606445312,212.9053497314453,0.9999999403953552,618.1969604492188,215.76217651367188,0.9999998807907104,621.25732421875,222.131591796875,0.9999999403953552,617.7105712890625,228.55638122558594,0.9999998211860657,611.4370727539062,233.08425903320312,0.9999815225601196,543.5499267578125,279.4693603515625,0.9999980926513672,547.3331298828125,290.69183349609375,0.9999992847442627,543.3150024414062,298.747314453125,0.9994821548461914,550.5740356445312,300.56329345703125,0.999988317489624,557.1306762695312,296.912109375,0.9999927282333374,557.8770141601562,290.5809020996094,0.999987006187439,553.3480224609375,286.0406799316406,0.9990053176879883,431.9276428222656,260.25701904296875,0.9999375939369202,410.9768371582031,256.5989074707031,0.9590740203857422,548.4349365234375,289.21002197265625,0.0014147758483886719,552.1500244140625,298.7321472167969,0.006014078855514526,551.655029296875,304.1080322265625,0.0010884106159210205,419.2377014160156,273.46600341796875,0.012916237115859985,401.55255126953125,257.9638671875,0.1657341718673706,478.84869384765625,210.30201721191406,0.9999980926513672,474.5909423828125,195.6349334716797,0.9999998807907104,482.32110595703125,200.1539764404297,0.9994035959243774,485.0950012207031,193.05259704589844,0.9999979734420776,486.40863037109375,184.67173767089844,0.9999996423721313,479.68267822265625,179.7515411376953,0.9999995231628418,465.2750549316406,184.17173767089844,0.999995231628418
145,650.32421875,278.174072265625,1.0,573.6510009765625,259.3218078613281,0.9999998807907104,565.9550170898438,272.3529052734375,0.9999994039535522,580.21826171875,244.83558654785156,1.0,460.5041809082031,228.39730834960938,0.9999999403953552,451.3714904785156,247.68716430664062,0.9999999403953552,520.638671875,245.70863342285156,0.9999958276748657,455.62652587890625,237.08346557617188,0.9999998211860657,386.84375,232.14151000976562,0.999990701675415,304.4440002441406,240.35321044921875,0.9999997615814209,589.852294921875,223.04249572753906,0.9999998807907104,609.0869140625,224.1969757080078,0.9999999403953552,610.3099365234375,212.89227294921875,1.0,617.3820190429688,215.2353057861328,1.0,621.3724365234375,222.0336151123047,0.9999998807907104,617.7451171875,228.5176239013672,0.9999998807907104,611.484130859375,232.82125854492188,0.9999704360961914,544.9315185546875,279.07080078125,0.9999985694885254,547.1302490234375,290.6615295410156,0.9999983906745911,543.4044189453125,298.6909484863281,0.9987760186195374,550.531005859375,300.4455261230469,0.9999804496765137,556.9771118164062,296.8158264160156,0.9999903440475464,557.55322265625,290.6318054199219,0.999974250793457,553.379638671875,286.4914855957031,0.9976687431335449,433.2278747558594,263.52117919921875,0.9999867677688599,411.973876953125,254.20782470703125,0.9996731281280518,546.9354248046875,289.10711669921875,0.0030638575553894043,551.8560180664062,298.6604309082031,0.00515410304069519,436.181640625,273.9556884765625,0.0031799376010894775,422.6378479003906,277.7001647949219,0.0334850549697876,400.8189697265625,260.3912658691406,0.9529068470001221,479.0800476074219,210.57229614257812,0.9999987483024597,474.2811584472656,195.52188110351562,0.9999999403953552,482.15081787109375,200.07736206054688,0.9994698762893677,484.8313903808594,193.08807373046875,0.9999977350234985,486.415283203125,184.640869140625,0.9999997615814209,479.78143310546875,179.78402709960938,0.9999996423721313,465.2556457519531,183.8063507080078,0.9999963045120239
146,651.95068359375,278.0931091308594,1.0,574.8958129882812,260.3771667480469,0.9999998807907104,565.6180419921875,272.68927001953125,0.9999991059303284,581.93115234375,245.70272827148438,1.0,461.3061828613281,228.409423828125,1.0,453.5116882324219,248.15675354003906,1.0,521.6865234375,245.35276794433594,0.9999940395355225,456.9783935546875,237.0160369873047,0.9999998807907104,386.7795104980469,232.12701416015625,0.9999984502792358,308.9955749511719,239.29945373535156,0.9999996423721313,589.894287109375,223.04920959472656,0.9999998807907104,607.8984375,223.7025909423828,1.0,609.989013671875,212.98655700683594,0.9999999403953552,617.9778442382812,215.65476989746094,0.9999998807907104,621.2987670898438,222.116455078125,0.9999998807907104,617.6057739257812,228.62490844726562,0.9999998807907104,610.7680053710938,231.62677001953125,0.9999900460243225,545.5125732421875,279.3934020996094,0.9999988079071045,546.8729248046875,291.0805969238281,0.9999982118606567,543.6691284179688,299.1683654785156,0.9985196590423584,550.674072265625,300.55615234375,0.9999819397926331,556.9081420898438,296.9562072753906,0.9999886751174927,557.2286987304688,290.5701599121094,0.999948263168335,551.5402221679688,287.81121826171875,0.9971585273742676,436.1204833984375,265.94561767578125,0.9999939203262329,416.12103271484375,257.97271728515625,0.9999425411224365,406.4812316894531,252.1195526123047,0.02531704306602478,551.7034301757812,298.77398681640625,0.0018664896488189697,436.5095520019531,273.7455749511719,0.13056129217147827,418.61883544921875,273.6230773925781,0.9578045606613159,401.6259765625,261.6463317871094,0.9999719858169556,478.92852783203125,210.2890625,0.9999989867210388,473.9698486328125,195.4727020263672,0.9999999403953552,482.3072814941406,199.70245361328125,0.9983724355697632,484.5968322753906,192.76393127441406,0.9999940395355225,486.17730712890625,184.90809631347656,0.9999997019767761,479.8233642578125,179.75331115722656,0.9999996423721313,464.9449462890625,183.601806640625,0.9999960660934448
147,653.1717529296875,279.0787353515625,0.9999998807907104,575.8141479492188,261.0201721191406,1.0,566.2681274414062,272.9605407714844,0.9999994039535522,583.2568969726562,246.0376434326172,1.0,461.20599365234375,228.9574737548828,1.0,454.6650390625,248.84825134277344,0.9999998807907104,522.4950561523438,245.46588134765625,0.9999970197677612,457.2154235839844,237.32424926757812,0.9999998807907104,387.8885498046875,232.18948364257812,0.9999994039535522,309.676513671875,238.45240783691406,0.9999992847442627,590.1173706054688,223.27789306640625,0.9999999403953552,607.8934326171875,223.8839569091797,1.0,609.659423828125,213.22805786132812,1.0,617.1835327148438,215.44558715820312,1.0,621.3832397460938,222.10226440429688,0.9999999403953552,617.7843017578125,228.72531127929688,1.0,610.7183837890625,231.8580322265625,0.9999961853027344,546.5066528320312,279.07366943359375,0.999999463558197,546.4705810546875,291.052001953125,0.9999983310699463,543.4280395507812,299.4579162597656,0.9980745315551758,550.7342529296875,300.74395751953125,0.9999799728393555,556.7742919921875,296.86468505859375,0.9999908208847046,557.1560668945312,290.36981201171875,0.9999257326126099,551.1668701171875,287.96954345703125,0.9956638813018799,443.4677734375,268.81024169921875,0.9999880790710449,421.3041076660156,259.7344665527344,0.9999583959579468,545.5859985351562,289.7693786621094,0.0027737319469451904,551.4365844726562,298.77435302734375,0.0011039376258850098,442.8124694824219,276.0565185546875,0.03125074505805969,423.9964599609375,273.5043029785156,0.9404062628746033,407.6388244628906,262.57275390625,0.9997862577438354,479.0970764160156,210.43528747558594,0.9999992251396179,474.18499755859375,195.68789672851562,0.9999998807907104,481.3450622558594,198.92364501953125,0.9986081719398499,484.6001892089844,192.71929931640625,0.9999935626983643,486.0588684082031,184.7093505859375,0.9999997615814209,479.5238037109375,179.8917694091797,0.9999994039535522,464.76873779296875,184.03207397460938,0.9999953508377075
148,653.817626953125,279.0194396972656,0.9999999403953552,577.067138671875,261.2518005371094,1.0,567.4609985351562,273.09490966796875,0.9999990463256836,584.6448364257812,245.71923828125,0.9999999403953552,461.8694763183594,228.9833221435547,1.0,455.546875,249.45449829101562,0.9999998807907104,523.6583251953125,245.71969604492188,0.9999977946281433,457.8770446777344,237.7101287841797,0.9999998807907104,389.6429443359375,232.22776794433594,0.9999990463256836,311.8461608886719,238.23101806640625,0.9999982714653015,590.2564697265625,223.3726043701172,0.9999999403953552,607.9304809570312,223.99615478515625,0.9999999403953552,609.9501953125,213.35182189941406,1.0,617.9547119140625,215.9586639404297,0.9999998807907104,621.4054565429688,222.34373474121094,0.9999998807907104,618.4191284179688,228.3974151611328,0.9999999403953552,610.92529296875,231.88912963867188,0.9999947547912598,547.5538330078125,279.07977294921875,0.9999994039535522,546.4130859375,291.267333984375,0.9999977350234985,543.4402465820312,299.6758728027344,0.9977889060974121,550.994873046875,300.8319091796875,0.9999725818634033,557.1087646484375,296.78472900390625,0.9999878406524658,557.0784912109375,290.15826416015625,0.9998843669891357,550.2515869140625,288.322998046875,0.9955223798751831,450.1023864746094,273.1635437011719,0.9999955892562866,422.6366271972656,259.9956970214844,0.9998753666877747,409.7835693359375,250.91700744628906,0.0034022629261016846,551.8604736328125,298.632080078125,0.0011293590068817139,450.2892150878906,283.610595703125,0.0029862523078918457,423.30938720703125,275.12872314453125,0.28354933857917786,409.52490234375,262.0614929199219,0.9984204173088074,479.19085693359375,211.13795471191406,0.9999991059303284,474.1163635253906,195.8259735107422,0.9999998807907104,481.152587890625,199.2245635986328,0.9980823993682861,484.7770690917969,193.12994384765625,0.9999960064888,486.01983642578125,184.9181671142578,0.9999997615814209,479.8912353515625,180.00802612304688,0.999999463558197,464.9479675292969,184.1056671142578,0.9999963641166687
149,655.3245239257812,279.2554931640625,1.0,579.412841796875,260.48150634765625,1.0,571.4441528320312,273.0883483886719,0.9999994039535522,586.1787719726562,245.77671813964844,0.9999998807907104,461.94647216796875,228.4492950439453,1.0,457.6693420410156,249.74130249023438,0.9999995231628418,524.9430541992188,246.00450134277344,0.9999980330467224,459.64178466796875,238.21652221679688,0.9999998807907104,391.61724853515625,232.4115447998047,0.9999976754188538,313.6949462890625,237.17320251464844,0.9999955892562866,589.6273803710938,223.9092559814453,0.9999998211860657,608.4959716796875,224.3560028076172,1.0,609.5857543945312,213.20872497558594,1.0,617.749755859375,215.5641326904297,0.9999998807907104,621.0660400390625,221.9291534423828,0.9999999403953552,617.8395385742188,228.21231079101562,0.9999999403953552,610.7913818359375,231.5137481689453,0.9999971389770508,549.0564575195312,278.4877624511719,0.9999991655349731,546.2793579101562,290.81036376953125,0.9999978542327881,543.1119384765625,299.4194030761719,0.997765064239502,550.8533325195312,300.7833557128906,0.9999692440032959,556.8477783203125,296.6201477050781,0.9999887347221375,557.0072021484375,289.8841857910156,0.9998547434806824,550.2037353515625,287.93701171875,0.997064471244812,454.1087951660156,274.7098693847656,0.9999977350234985,432.7201232910156,264.8941650390625,0.9945465326309204,526.5725708007812,282.8056640625,0.00484195351600647,551.3336181640625,298.5617980957031,0.0010151863098144531,454.2450866699219,285.09979248046875,0.0022936463356018066,434.3402404785156,280.51947021484375,0.2681424617767334,422.2544860839844,270.246826171875,0.9849307537078857,479.3484802246094,210.6782989501953,0.999998927116394,474.2845153808594,195.68197631835938,0.9999998807907104,481.5219421386719,199.3841094970703,0.9973231554031372,485.4774169921875,192.9330291748047,0.9999930262565613,486.4374694824219,185.0500946044922,0.9999997019767761,480.5340576171875,179.51898193359375,0.9999997019767761,464.47137451171875,183.00509643554688,0.9999967813491821
150,656.9075927734375,279.4065246582031,1.0,580.0601806640625,260.90557861328125,1.0,572.2219848632812,273.31231689453125,0.9999992847442627,587.0530395507812,246.25543212890625,0.9999998807907104,463.15362548828125,228.21958923339844,1.0,460.25921630859375,248.8301544189453,0.9999997615814209,525.6953735351562,245.46730041503906,0.9999990463256836,461.2261657714844,237.68128967285156,1.0,394.572509765625,232.57337951660156,0.9999971389770508,312.2278137207031,237.5100555419922,0.9999969005584717,589.457763671875,224.28805541992188,1.0,608.3527221679688,224.37496948242188,1.0,609.4578857421875,213.25070190429688,1.0,617.736572265625,215.55389404296875,1.0,621.2806396484375,222.16207885742188,1.0,617.8739624023438,228.2692108154297,1.0,610.77685546875,231.42774963378906,0.9999977350234985,550.4911499023438,278.4093322753906,0.9999988079071045,546.4866943359375,290.94561767578125,0.9999954700469971,543.1605224609375,299.4330139160156,0.9955390691757202,550.9426879882812,300.4751892089844,0.9999433159828186,556.994384765625,296.29925537109375,0.9999743103981018,556.9015502929688,289.60723876953125,0.9995841979980469,549.5431518554688,288.0001525878906,0.9963738918304443,461.1010437011719,277.15478515625,0.999998152256012,439.009521484375,267.86480712890625,0.9999072551727295,543.1824340820312,290.1575622558594,0.005470186471939087,551.5397338867188,298.31512451171875,0.0009279251098632812,452.3596496582031,283.3054504394531,0.0072255730628967285,439.9789123535156,281.14105224609375,0.985651969909668,428.4420166015625,273.8702087402344,0.9990058541297913,480.21929931640625,209.9017791748047,0.9999989867210388,473.91180419921875,195.45272827148438,0.9999997615814209,481.5679626464844,198.92620849609375,0.9863640069961548,485.1365966796875,192.49380493164062,0.9999830722808838,486.313720703125,184.70928955078125,0.9999995827674866,480.0242919921875,179.27377319335938,0.9999992251396179,464.1134338378906,183.53858947753906,0.9999933242797852
151,657.787353515625,279.1597595214844,1.0,581.2867431640625,261.22857666015625,1.0,573.0357055664062,273.70550537109375,0.9999992251396179,588.6314086914062,246.71351623535156,0.9999998807907104,465.9393615722656,227.67738342285156,1.0,462.53375244140625,248.97671508789062,1.0,526.7152099609375,245.25912475585938,0.9999996423721313,463.682373046875,237.49288940429688,1.0,395.1324768066406,232.46133422851562,0.9999978542327881,313.4482116699219,237.48756408691406,0.9999960660934448,589.1348266601562,224.48175048828125,1.0,607.4097290039062,223.69287109375,1.0,609.3888549804688,213.0709686279297,1.0,617.69384765625,215.36224365234375,1.0,621.08203125,222.17303466796875,0.9999999403953552,617.804443359375,228.22076416015625,0.9999999403953552,610.5108642578125,231.24661254882812,0.9999973773956299,551.321044921875,278.529052734375,0.9999974966049194,546.8236083984375,290.5272521972656,0.9999947547912598,543.5408935546875,299.19293212890625,0.9969583749771118,551.1005859375,299.89678955078125,0.999951958656311,557.2308959960938,295.6880187988281,0.9999433755874634,557.0944213867188,289.252685546875,0.9990322589874268,549.5440673828125,287.8803405761719,0.9948813915252686,467.470947265625,276.53070068359375,0.999999463558197,448.1344299316406,273.29425048828125,0.9999973773956299,446.5281066894531,264.10809326171875,0.00819551944732666,456.28070068359375,278.60992431640625,0.012394577264785767,458.2237548828125,284.8536071777344,0.9805286526679993,447.194091796875,287.7234802246094,0.9999001026153564,434.9690856933594,276.3412170410156,0.9999997019767761,480.8414306640625,209.02792358398438,0.9999982118606567,474.0831298828125,195.2731475830078,0.9999996423721313,481.471435546875,198.43797302246094,0.9728944301605225,485.1390686035156,192.2155303955078,0.9999746084213257,486.6391906738281,184.62899780273438,0.9999995827674866,480.2239685058594,179.13247680664062,0.9999994039535522,464.2026062011719,183.40203857421875,0.9999938011169434
152,659.0464477539062,278.9462585449219,1.0,581.9262084960938,261.3379821777344,1.0,573.9539184570312,274.059326171875,0.9999992251396179,589.7570190429688,247.08761596679688,0.9999998807907104,466.4886474609375,226.87728881835938,1.0,463.79962158203125,248.9805908203125,1.0,527.7191772460938,245.29100036621094,0.9999997615814209,464.0409851074219,237.48143005371094,1.0,396.3481750488281,232.62066650390625,0.9999969005584717,314.556884765625,237.95970153808594,0.9999958276748657,589.3038330078125,224.5768280029297,0.9999999403953552,607.3017578125,223.85928344726562,1.0,609.6558837890625,213.14476013183594,1.0,617.8182983398438,215.50563049316406,1.0,621.0872192382812,222.47718811035156,0.9999998807907104,618.0076293945312,228.07528686523438,0.9999999403953552,610.50634765625,231.3732147216797,0.9999944567680359,550.7353515625,279.0794982910156,0.9999975562095642,546.3511352539062,290.337158203125,0.999994158744812,543.6290893554688,299.05340576171875,0.9948159456253052,551.3216552734375,299.3571472167969,0.9999344348907471,557.462646484375,294.8562316894531,0.9998784065246582,557.1204833984375,288.6595458984375,0.9977853894233704,548.9862670898438,287.5685119628906,0.9916684627532959,474.4626159667969,276.0989685058594,0.9999991655349731,453.415771484375,276.63385009765625,0.9999935626983643,541.938720703125,290.3373107910156,0.0032930374145507812,551.329345703125,297.5962829589844,0.0010097622871398926,464.6695251464844,287.2220764160156,0.5906981825828552,452.38909912109375,290.1991271972656,0.9995757341384888,441.9659729003906,278.7821350097656,0.9999903440475464,481.7845153808594,207.64793395996094,0.9999960660934448,474.5370178222656,194.97535705566406,0.9999997019767761,482.1113586425781,197.5655975341797,0.9818922877311707,484.4066467285156,191.3519744873047,0.9999704360961914,486.00787353515625,184.02259826660156,0.9999997615814209,479.3788757324219,179.19862365722656,0.9999984502792358,464.64080810546875,184.1122283935547,0.9999902248382568
153,660.533935546875,279.2428894042969,1.0,583.174072265625,261.4300537109375,1.0,575.0025634765625,274.3412780761719,0.9999991655349731,590.8475341796875,246.28656005859375,0.9999998807907104,467.42333984375,227.3143768310547,1.0,464.568603515625,249.7352752685547,1.0,529.8314819335938,244.43914794921875,0.9999998807907104,464.876953125,238.38665771484375,1.0,397.55926513671875,232.51751708984375,0.9999989867210388,316.3412170410156,237.50436401367188,0.9999974966049194,589.5761108398438,224.7528076171875,0.9999999403953552,607.3132934570312,223.66062927246094,1.0,609.89306640625,213.0512237548828,1.0,617.9528198242188,215.42083740234375,1.0,621.222900390625,222.52540588378906,0.9999998807907104,617.8189086914062,228.2216796875,0.9999998807907104,610.4920654296875,231.1856231689453,0.999993085861206,551.9673461914062,278.97607421875,0.9999983906745911,545.8536376953125,290.1783142089844,0.9999880790710449,543.233642578125,299.6403503417969,0.9954288601875305,551.3870239257812,299.47698974609375,0.999929666519165,557.7889404296875,294.5986022949219,0.9997175931930542,556.9883422851562,288.0606384277344,0.9929875135421753,547.8710327148438,286.8152770996094,0.9887363314628601,479.0120544433594,273.5284729003906,0.9999991655349731,463.82647705078125,285.5940246582031,0.9999997615814209,471.505859375,280.96087646484375,0.26523059606552124,475.451416015625,287.41357421875,0.9993613362312317,474.2409362792969,295.9503479003906,0.9999632835388184,462.2200012207031,299.7002868652344,0.9999644160270691,448.5682067871094,285.206787109375,0.9999993443489075,482.08245849609375,206.66217041015625,0.999992847442627,473.8172302246094,195.16017150878906,0.9999997615814209,481.2594909667969,197.77041625976562,0.9375837445259094,484.4373474121094,191.87281799316406,0.9999854564666748,485.8993835449219,184.4808807373047,0.9999997615814209,479.5001220703125,179.13304138183594,0.9999991655349731,464.0667724609375,183.68075561523438,0.9999896287918091
154,660.9322509765625,279.90423583984375,1.0,584.8740844726562,261.9399719238281,1.0,578.4771728515625,273.90771484375,0.9999992847442627,592.3370361328125,246.85769653320312,1.0,468.0708923339844,227.15878295898438,1.0,466.0588073730469,250.1293182373047,1.0,531.337646484375,244.3172149658203,0.9999998807907104,466.0998840332031,239.04554748535156,1.0,397.43133544921875,232.65907287597656,0.999998927116394,316.5074768066406,237.8936767578125,0.999997615814209,590.2852783203125,224.69879150390625,1.0,607.4879760742188,223.63868713378906,1.0,609.975341796875,213.1573028564453,1.0,618.055908203125,215.7836151123047,1.0,621.2512817382812,222.60145568847656,0.9999998807907104,617.7943115234375,228.17266845703125,0.9999998807907104,610.5170288085938,231.24681091308594,0.9999959468841553,553.3971557617188,279.14251708984375,0.9999985694885254,545.999267578125,290.2509460449219,0.9999798536300659,543.1766967773438,297.6938171386719,0.9924948215484619,551.647216796875,299.53460693359375,0.9998735189437866,557.3514404296875,294.9569091796875,0.9993985891342163,557.0796508789062,288.4405517578125,0.9769377708435059,546.9498291015625,287.1421813964844,0.9792276620864868,484.9635314941406,271.4851989746094,0.9999995827674866,472.91143798828125,291.38897705078125,1.0,482.30621337890625,286.2994689941406,0.8960678577423096,484.0738525390625,294.02081298828125,0.9998161792755127,481.1059265136719,302.83349609375,0.9999244809150696,468.9327392578125,305.80645751953125,0.9999861121177673,456.8178405761719,291.5560607910156,0.9999996423721313,483.0849914550781,205.89739990234375,0.9999925494194031,473.331298828125,195.4082794189453,0.9999997615814209,483.8045959472656,198.54885864257812,0.7351047396659851,484.89996337890625,192.45225524902344,0.9999626874923706,485.94097900390625,185.12074279785156,0.9999994039535522,479.8466491699219,179.94427490234375,0.999998927116394,464.1573791503906,183.3304901123047,0.9999916553497314
155,661.9794311523438,282.75128173828125,1.0,586.2230834960938,262.39990234375,1.0,579.5852661132812,274.32061767578125,0.9999997019767761,593.3217163085938,247.58761596679688,1.0,469.48724365234375,226.4901580810547,1.0,468.62713623046875,249.72027587890625,1.0,532.4431762695312,245.22805786132812,1.0,468.2633972167969,238.72593688964844,1.0,399.03594970703125,232.54971313476562,0.9999975562095642,316.4894104003906,237.49082946777344,0.9999980926513672,590.1192626953125,224.90383911132812,1.0,607.4325561523438,223.57791137695312,1.0,610.068603515625,213.0809326171875,1.0,618.107177734375,215.38121032714844,1.0,621.1603393554688,222.6370086669922,0.9999998807907104,617.6987915039062,228.14199829101562,0.9999999403953552,610.4563598632812,231.14544677734375,0.9999948143959045,555.1565551757812,279.3642272949219,0.999998927116394,544.4586791992188,289.9398193359375,0.9999805688858032,542.7079467773438,297.10833740234375,0.9938079714775085,551.1129150390625,298.7732849121094,0.9998944401741028,556.9867553710938,294.67816162109375,0.9991847276687622,556.2780151367188,287.815673828125,0.9232845306396484,546.5101928710938,288.51605224609375,0.9087151288986206,488.8460388183594,268.72760009765625,0.9999979734420776,487.3835144042969,294.16455078125,1.0,496.11810302734375,288.2961730957031,0.9982068538665771,498.2531433105469,295.0736999511719,0.9999921321868896,496.5077209472656,301.9962463378906,0.9999802112579346,486.31793212890625,306.4710388183594,0.9999968409538269,470.8794250488281,294.1288146972656,0.9999971389770508,483.8414306640625,205.96229553222656,0.9999923706054688,473.84381103515625,194.92361450195312,0.9999998211860657,484.4854431152344,197.714599609375,0.7409769296646118,485.31561279296875,191.6944580078125,0.9999666213989258,486.0224304199219,184.4365692138672,0.999999463558197,479.47564697265625,178.89920043945312,0.9999983310699463,464.7156066894531,183.132568359375,0.9999890923500061
156,663.2401733398438,284.92852783203125,1.0,587.5733032226562,262.84002685546875,1.0,580.2886352539062,274.5492858886719,0.9999998211860657,594.6570434570312,248.28244018554688,1.0,471.11444091796875,226.05484008789062,1.0,470.7271728515625,250.00184631347656,1.0,533.774169921875,245.66893005371094,1.0,469.9878845214844,238.7466278076172,1.0,401.2484130859375,231.92874145507812,0.9999963641166687,317.3012390136719,236.2260284423828,0.9999983310699463,590.168212890625,225.0380401611328,1.0,607.3885498046875,223.64947509765625,1.0,610.2324829101562,213.13502502441406,1.0,618.2682495117188,215.4755859375,1.0,621.1475830078125,222.7866973876953,0.9999999403953552,617.6058349609375,228.19920349121094,0.9999998807907104,610.4140014648438,231.3062286376953,0.9999960660934448,557.2328491210938,279.4117736816406,0.9999992847442627,542.8043212890625,289.7060852050781,0.999984085559845,543.2407836914062,295.87164306640625,0.9983313083648682,550.654541015625,297.7448425292969,0.9999679923057556,556.0452880859375,293.5561828613281,0.9976551532745361,555.019775390625,287.3388671875,0.48870399594306946,542.3173828125,284.9934997558594,0.7052363753318787,494.6689453125,269.5094909667969,0.999991774559021,498.89752197265625,296.5852966308594,0.9999999403953552,507.2091369628906,287.7710876464844,0.9999740123748779,510.4774475097656,296.6542053222656,0.9999963641166687,508.91033935546875,305.2524719238281,0.9999967217445374,497.8287353515625,309.1778259277344,0.9999899864196777,482.09906005859375,296.01226806640625,0.9999994039535522,484.2062683105469,204.6280059814453,0.999995231628418,473.4933166503906,195.08021545410156,0.9999996423721313,484.45965576171875,197.1427001953125,0.3617511987686157,484.89874267578125,191.65960693359375,0.9998643398284912,485.9458923339844,184.5165252685547,0.999998927116394,479.1131591796875,179.53070068359375,0.9999980926513672,464.8089904785156,183.73033142089844,0.9999862909317017
157,664.2443237304688,286.66064453125,0.9999998807907104,588.6307983398438,263.078369140625,1.0,581.2855224609375,275.0624694824219,0.9999998807907104,595.9829711914062,248.94857788085938,1.0,471.6025390625,225.8746337890625,1.0,472.2460632324219,249.5428009033203,0.9999998807907104,535.8655395507812,245.5153045654297,0.9999998807907104,470.6027526855469,238.61553955078125,1.0,402.0569152832031,232.56973266601562,0.9999984502792358,317.66021728515625,234.9198760986328,0.9999988079071045,590.1394653320312,225.38294982910156,1.0,607.2041625976562,223.52577209472656,1.0,610.6060180664062,213.4134521484375,1.0,618.3907470703125,215.75164794921875,1.0,621.0267333984375,223.3043975830078,0.9999998807907104,617.147216796875,228.31805419921875,1.0,610.01025390625,231.2755584716797,0.9999960660934448,558.955078125,280.1075744628906,0.9999990463256836,543.1812744140625,289.740478515625,0.9999851584434509,543.2171020507812,295.47369384765625,0.9998056292533875,550.5087280273438,297.75714111328125,0.9999896287918091,556.015869140625,293.94970703125,0.9970864057540894,554.9315185546875,288.19580078125,0.14907121658325195,543.93017578125,284.5661926269531,0.888756513595581,498.3595886230469,268.53564453125,0.9999932050704956,506.52410888671875,294.6155700683594,0.9999997615814209,516.6934204101562,288.5782165527344,0.9999954700469971,519.2989501953125,295.82421875,0.9999949336051941,517.8466186523438,305.29931640625,0.9999927282333374,505.94293212890625,309.2636413574219,0.9999704360961914,491.00592041015625,296.0565490722656,0.9999730587005615,484.6164245605469,203.86517333984375,0.9999943971633911,473.76519775390625,194.68710327148438,0.9999995231628418,484.84722900390625,196.58041381835938,0.3728466033935547,485.0170593261719,190.95387268066406,0.9996883273124695,486.0518798828125,184.07664489746094,0.999998927116394,479.3381652832031,179.45538330078125,0.9999977946281433,465.21807861328125,183.4171905517578,0.9999868869781494
158,663.664306640625,289.4533386230469,1.0,589.3433837890625,263.4434814453125,1.0,581.8890380859375,275.3429260253906,0.9999998807907104,596.1454467773438,247.64657592773438,1.0,472.161376953125,225.83718872070312,0.9999998807907104,473.5566711425781,248.87078857421875,0.9999997615814209,535.7709350585938,244.7957000732422,0.9999997615814209,471.391357421875,238.42916870117188,0.9999999403953552,403.39239501953125,232.46463012695312,0.9999992251396179,318.6746826171875,233.38600158691406,0.9999997019767761,590.538330078125,226.00186157226562,1.0,607.0652465820312,223.6140594482422,1.0,610.5733032226562,213.54087829589844,1.0,618.3306274414062,215.8104705810547,0.9999998807907104,621.083984375,223.07391357421875,0.9999998807907104,617.0716552734375,228.6946563720703,1.0,610.100830078125,231.45431518554688,0.9999967813491821,556.966064453125,279.6996765136719,0.9999982118606567,543.4500122070312,289.99395751953125,0.9999805688858032,544.6519165039062,296.5022277832031,0.9998023509979248,551.12353515625,297.65167236328125,0.9999789595603943,556.3975219726562,293.811279296875,0.9976320266723633,554.9147338867188,288.078369140625,0.17242023348808289,544.2742309570312,284.8699645996094,0.9226369857788086,499.7823791503906,267.3567199707031,0.9999886751174927,509.13824462890625,293.14697265625,0.9999994039535522,518.7608642578125,286.99224853515625,0.9999208450317383,523.6312866210938,295.86285400390625,0.9999849796295166,520.5568237304688,302.5851135253906,0.9999370574951172,509.41253662109375,306.6061706542969,0.9999829530715942,495.34893798828125,294.71502685546875,0.9999942779541016,485.0488586425781,203.54965209960938,0.9999921321868896,473.73492431640625,194.99432373046875,0.9999996423721313,485.2682800292969,196.7064666748047,0.1971573531627655,485.4615173339844,191.09616088867188,0.9997128844261169,486.2290344238281,184.35159301757812,0.9999990463256836,480.0962219238281,179.91822814941406,0.9999982714653015,464.97906494140625,183.40850830078125,0.9999873638153076
159,663.5299072265625,291.5018615722656,1.0,589.9452514648438,263.78961181640625,1.0,581.9920043945312,275.6986083984375,0.9999998807907104,596.5459594726562,248.1643524169922,1.0,472.7069396972656,225.2692413330078,0.9999998807907104,474.01275634765625,248.3625946044922,0.9999996423721313,536.8810424804688,244.90150451660156,0.9999999403953552,471.998779296875,237.53700256347656,0.9999998807907104,403.060791015625,232.12478637695312,0.9999990463256836,318.398681640625,233.23561096191406,0.9999995231628418,590.9371948242188,226.37149047851562,1.0,606.9411010742188,223.66757202148438,1.0,610.4507446289062,213.68106079101562,1.0,618.00146484375,215.99525451660156,0.9999998807907104,620.6392822265625,223.64068603515625,0.9999999403953552,616.8020629882812,228.7679443359375,1.0,609.7005004882812,231.6480255126953,0.9999977350234985,557.5076904296875,279.7590637207031,0.9999986886978149,543.283447265625,290.329833984375,0.9999722242355347,544.5604858398438,296.6746826171875,0.9997217059135437,551.4546508789062,297.829833984375,0.9999667406082153,556.1126098632812,294.29827880859375,0.9971942901611328,554.8352661132812,288.43927001953125,0.14867353439331055,544.094970703125,285.14544677734375,0.9398620128631592,500.45172119140625,267.788330078125,0.9999895691871643,508.6332702636719,293.04071044921875,0.9999997019767761,519.3574829101562,285.8881530761719,0.9999054670333862,523.5476684570312,295.78021240234375,0.9999854564666748,520.06884765625,302.2998352050781,0.9999421238899231,509.1690368652344,306.66668701171875,0.9999842047691345,494.8821105957031,295.3819580078125,0.9999929666519165,485.85479736328125,202.2055206298828,0.9999966025352478,474.093994140625,194.7366943359375,0.9999995827674866,485.7012023925781,196.38665771484375,0.09089326858520508,485.9143371582031,191.15127563476562,0.9993219375610352,486.1989440917969,184.6074981689453,0.9999980330467224,480.2520751953125,180.32855224609375,0.9999977946281433,465.11834716796875,183.69056701660156,0.9999816417694092
160,663.2709350585938,293.9043884277344,1.0,590.7808227539062,264.09857177734375,1.0,582.7083740234375,275.9990539550781,0.9999998807907104,597.5405883789062,248.62911987304688,1.0,473.0784606933594,225.8767852783203,1.0,475.0600891113281,248.8101806640625,0.9999995827674866,537.3367919921875,244.53790283203125,0.9999999403953552,473.1832580566406,237.8071746826172,0.9999998807907104,403.7381286621094,231.79556274414062,0.9999992251396179,319.8781433105469,232.92308044433594,0.9999998211860657,591.2554321289062,226.8319091796875,0.9999998807907104,607.0000610351562,223.71644592285156,1.0,610.6522827148438,213.70562744140625,1.0,618.0494384765625,216.13641357421875,0.9999999403953552,620.656494140625,223.8987579345703,0.9999998807907104,616.5985717773438,228.881103515625,1.0,609.7058715820312,231.61424255371094,0.9999982118606567,558.220703125,279.7164611816406,0.9999986886978149,543.7545776367188,290.1545715332031,0.9999545812606812,545.3296508789062,296.38909912109375,0.9995617866516113,551.9751586914062,297.3226623535156,0.9999323487281799,556.649658203125,294.00946044921875,0.9949632883071899,555.2839965820312,288.2272644042969,0.07787072658538818,544.1248168945312,284.68609619140625,0.9256733655929565,499.91229248046875,266.4311828613281,0.9999895691871643,508.4113464355469,292.2044677734375,0.9999995827674866,518.0994873046875,286.031005859375,0.999946117401123,523.2013549804688,294.6875305175781,0.9999879002571106,519.4183959960938,301.6710510253906,0.9999657869338989,508.2801513671875,306.1289367675781,0.9999823570251465,494.1094665527344,294.5273132324219,0.9999944567680359,485.1355285644531,201.01470947265625,0.9999953508377075,472.7758483886719,194.58973693847656,0.9999994039535522,484.37152099609375,196.20693969726562,0.06332668662071228,485.0942077636719,191.44873046875,0.9969600439071655,485.0807189941406,184.74514770507812,0.9999967813491821,479.80218505859375,180.29994201660156,0.9999969601631165,464.1078796386719,183.79196166992188,0.9999611377716064
161,663.4826049804688,296.0525817871094,0.9999999403953552,590.7267456054688,264.3575744628906,1.0,582.7021484375,276.6415710449219,0.9999998807907104,597.9669189453125,250.1454315185547,0.9999999403953552,474.0407409667969,225.5289306640625,0.9999998807907104,475.6891174316406,248.61178588867188,0.9999997019767761,537.7723999023438,244.88174438476562,0.9999998807907104,473.987060546875,237.50193786621094,0.9999998211860657,404.1818542480469,231.21827697753906,0.9999995231628418,319.9993591308594,232.72296142578125,0.9999998807907104,591.3438110351562,227.02561950683594,0.9999999403953552,606.985595703125,223.72537231445312,1.0,610.41455078125,213.74819946289062,1.0,617.9310913085938,216.03536987304688,0.9999999403953552,620.7364501953125,223.8274383544922,0.9999999403953552,616.7503051757812,228.96737670898438,0.9999999403953552,609.6881103515625,231.61720275878906,0.9999979138374329,559.1655883789062,280.2300109863281,0.9999988079071045,543.8003540039062,290.0440368652344,0.9999311566352844,545.7581176757812,295.85919189453125,0.9995169639587402,552.24365234375,297.1626281738281,0.9998740553855896,556.339599609375,293.93353271484375,0.9833509922027588,555.1902465820312,288.4664611816406,0.03284338116645813,543.4716796875,285.02130126953125,0.9316788911819458,499.6582946777344,265.97540283203125,0.9999896287918091,507.8446960449219,292.0846862792969,0.9999997615814209,517.1572265625,285.6513671875,0.9999717473983765,522.0868530273438,294.09454345703125,0.9999932050704956,518.4026489257812,301.2338562011719,0.9999871253967285,507.4754943847656,305.8890686035156,0.9999896287918091,493.05029296875,293.9212341308594,0.9999948740005493,485.68218994140625,200.22450256347656,0.9999954104423523,472.72467041015625,194.2274932861328,0.9999994039535522,484.6225891113281,195.69464111328125,0.03943565487861633,485.1027526855469,191.12066650390625,0.9916839599609375,485.3041076660156,184.26559448242188,0.9999955296516418,480.0019226074219,180.04336547851562,0.9999964237213135,464.3590393066406,183.4251251220703,0.9999699592590332
162,662.89306640625,298.01904296875,0.9999995231628418,591.0391235351562,264.53350830078125,1.0,583.6957397460938,277.32421875,0.9999998211860657,598.7606201171875,249.8826141357422,0.9999998807907104,475.0851745605469,225.38832092285156,0.9999999403953552,476.5520324707031,248.58328247070312,0.9999996423721313,538.706787109375,245.54193115234375,0.9999998211860657,475.12420654296875,237.2824249267578,0.9999998211860657,405.6125183105469,230.7963104248047,0.9999997019767761,320.40771484375,232.18223571777344,0.9999998211860657,591.6115112304688,227.35446166992188,0.9999997615814209,607.01171875,223.72523498535156,1.0,610.1583862304688,213.77784729003906,1.0,617.7774658203125,215.93276977539062,0.9999998807907104,620.5152587890625,223.61575317382812,0.9999998807907104,616.8895263671875,228.87266540527344,1.0,609.9053955078125,231.65634155273438,0.9999988079071045,560.1395874023438,281.0038146972656,0.9999970197677612,544.345703125,289.9522399902344,0.9999011754989624,545.6530151367188,295.5583801269531,0.9993878602981567,552.6229248046875,297.05377197265625,0.999753475189209,556.3493041992188,293.84429931640625,0.9806231260299683,555.290771484375,288.25543212890625,0.03862076997756958,543.4498291015625,285.26165771484375,0.9200527667999268,499.71624755859375,265.75982666015625,0.9999933242797852,507.4809265136719,291.8873291015625,0.9999997615814209,516.5369262695312,285.52655029296875,0.9999843239784241,521.2792358398438,293.48907470703125,0.9999980926513672,517.50048828125,300.68280029296875,0.999995231628418,506.4163513183594,305.7859802246094,0.9999911785125732,491.5585021972656,292.5766296386719,0.9999954700469971,485.91748046875,199.79933166503906,0.9999948740005493,473.3828430175781,194.0527801513672,0.9999992847442627,484.8168029785156,194.77291870117188,0.12466850876808167,485.87554931640625,189.37342834472656,0.9951907992362976,484.6227722167969,183.1550750732422,0.9999974966049194,478.39288330078125,180.21998596191406,0.9999963641166687,465.1354064941406,183.783447265625,0.9999415874481201
163,663.2318725585938,300.3291931152344,0.9999997615814209,592.090576171875,265.5108337402344,0.9999999403953552,585.1983032226562,277.0342712402344,0.9999998807907104,599.7478637695312,251.05148315429688,0.9999999403953552,476.6947326660156,225.59197998046875,0.9999998807907104,477.0660095214844,248.98223876953125,0.9999996423721313,539.32373046875,246.84698486328125,0.9999998807907104,476.09716796875,237.3668670654297,0.9999998807907104,405.9653625488281,230.2312469482422,0.9999997615814209,324.3192138671875,230.756103515625,0.9999998807907104,591.8309936523438,228.0963897705078,0.9999998807907104,606.818603515625,223.6021270751953,1.0,610.0634765625,213.709228515625,1.0,618.3046875,216.18955993652344,0.9999999403953552,620.3108520507812,223.71058654785156,0.9999999403953552,616.6524658203125,229.02828979492188,1.0,609.7505493164062,231.65200805664062,0.9999996423721313,561.5560913085938,281.43243408203125,0.9999977350234985,543.9838256835938,290.1796569824219,0.9999300837516785,544.532470703125,296.73931884765625,0.9995236396789551,552.7777099609375,297.11566162109375,0.9997566938400269,556.8271484375,293.8758544921875,0.96260666847229,555.7138671875,288.3665771484375,0.029888778924942017,542.8969116210938,285.2704772949219,0.9141244888305664,499.8653869628906,266.31439208984375,0.9999967813491821,505.9712829589844,290.970458984375,0.9999998807907104,514.3901977539062,284.2159118652344,0.999971866607666,519.5628051757812,292.3167724609375,0.9999995231628418,515.1036376953125,298.85595703125,0.9999986290931702,506.4129943847656,303.7110900878906,0.9999932050704956,490.5246887207031,290.81903076171875,0.9999966621398926,486.2145690917969,199.43014526367188,0.9999931454658508,473.004638671875,193.61709594726562,0.9999988079071045,484.9967346191406,194.7605438232422,0.009018391370773315,485.05694580078125,190.9868621826172,0.9586811065673828,485.7552490234375,184.18307495117188,0.9999944567680359,479.7955017089844,180.2794189453125,0.9999966621398926,464.9224548339844,182.87820434570312,0.9999825358390808
164,664.1326904296875,301.6357727050781,0.9999994039535522,592.9481811523438,265.8913879394531,1.0,585.3905639648438,277.986328125,0.9999998211860657,600.63525390625,251.9297637939453,0.9999998211860657,477.2404479980469,225.66259765625,0.9999998807907104,477.209716796875,249.2254180908203,0.9999995827674866,539.615234375,247.68943786621094,0.9999998211860657,476.40966796875,237.63417053222656,0.9999998807907104,406.7356872558594,229.55870056152344,0.9999997615814209,326.7406005859375,229.43113708496094,0.9999998807907104,591.9933471679688,228.615478515625,0.9999999403953552,607.3530883789062,224.11837768554688,1.0,610.1080932617188,213.8185272216797,1.0,617.569091796875,215.79830932617188,1.0,620.7951049804688,223.68197631835938,0.9999998807907104,616.6395263671875,229.31378173828125,1.0,609.9057006835938,231.67572021484375,0.9999994039535522,561.8733520507812,281.81109619140625,0.9999978542327881,544.6344604492188,290.5225524902344,0.9999480247497559,544.0430297851562,296.5925598144531,0.9997658729553223,552.7412719726562,296.88958740234375,0.9997351169586182,556.5390625,292.5344543457031,0.9448676109313965,555.9132690429688,288.2961730957031,0.019603341817855835,543.1735229492188,285.78607177734375,0.8369777202606201,500.034912109375,266.5210266113281,0.9999982118606567,505.8686828613281,290.6395568847656,0.9999998211860657,515.810546875,284.0420227050781,0.9999855756759644,518.9806518554688,291.9320068359375,0.9999997615814209,514.8663940429688,298.9259338378906,0.999998927116394,505.4820556640625,304.0734558105469,0.9999940395355225,490.014892578125,290.93023681640625,0.9999939203262329,486.2669982910156,199.4578857421875,0.9999933838844299,472.8770751953125,193.5044403076172,0.9999988079071045,485.11572265625,194.5950469970703,0.0038368701934814453,484.93707275390625,190.8507537841797,0.9444754123687744,486.1053161621094,184.17042541503906,0.9999946355819702,480.0400390625,179.8466796875,0.9999975562095642,464.6038818359375,182.55577087402344,0.999987006187439
165,665.3748779296875,303.2196044921875,0.9999943971633911,594.048828125,266.7115783691406,1.0,586.5323486328125,279.3287048339844,0.9999996423721313,601.4776000976562,252.74322509765625,0.9999997019767761,478.8348388671875,225.97703552246094,1.0,478.5038757324219,249.33131408691406,0.9999996423721313,540.629638671875,249.5625,0.9999992847442627,477.0523376464844,237.36973571777344,0.9999998211860657,408.1351623535156,229.42037963867188,0.9999995827674866,327.1796875,229.33859252929688,0.9999999403953552,591.0731201171875,229.39535522460938,0.9999998807907104,607.228515625,224.3728790283203,1.0,609.5786743164062,213.9067840576172,1.0,617.842041015625,216.21517944335938,0.9999999403953552,620.1434326171875,223.68789672851562,0.9999998807907104,615.6015014648438,229.41346740722656,1.0,610.0960083007812,231.88160705566406,0.9999995827674866,561.6997680664062,282.9432678222656,0.9999963641166687,544.1890258789062,291.66473388671875,0.9999299645423889,543.0279541015625,296.9765319824219,0.9995924234390259,551.69287109375,298.0002136230469,0.999394416809082,555.2722778320312,295.5406494140625,0.8066200017929077,554.897216796875,290.4158020019531,0.012394040822982788,543.575439453125,286.8401794433594,0.8689384460449219,500.7576599121094,267.24468994140625,0.9999983310699463,505.1109313964844,291.2607116699219,0.9999998807907104,512.7350463867188,284.6761169433594,0.9999793171882629,517.208984375,292.13079833984375,0.9999998807907104,513.216796875,298.7291259765625,0.9999991059303284,504.9205017089844,303.74884033203125,0.9999972581863403,489.3688049316406,290.6163024902344,0.9999948740005493,486.3505859375,199.1128387451172,0.9999904036521912,472.6905212402344,192.99794006347656,0.9999977350234985,483.8551025390625,196.76490783691406,0.003892838954925537,486.4307861328125,191.68673706054688,0.857614278793335,486.1123962402344,184.21800231933594,0.9999948143959045,480.1542663574219,179.46392822265625,0.9999980926513672,464.6739501953125,181.90077209472656,0.9999944567680359
166,665.9159545898438,304.1751403808594,0.9999641180038452,595.54931640625,267.5361633300781,1.0,588.447021484375,280.22796630859375,0.9999991655349731,602.4165649414062,253.3535919189453,0.9999994039535522,479.90869140625,226.3964080810547,1.0,479.4495849609375,249.8988037109375,0.9999997019767761,542.7958984375,250.1915283203125,0.9999985098838806,478.0480041503906,237.97496032714844,0.9999998807907104,409.9251708984375,229.37828063964844,0.9999997019767761,327.3977966308594,230.0161895751953,0.9999998807907104,591.7052001953125,230.19656372070312,0.9999998807907104,606.63916015625,224.56484985351562,1.0,609.0437622070312,213.82748413085938,1.0,617.0276489257812,215.72352600097656,0.9999999403953552,620.0130615234375,223.53091430664062,0.9999998211860657,617.0376586914062,229.50570678710938,1.0,609.5330200195312,231.81002807617188,0.9999998211860657,563.6697387695312,284.236083984375,0.999991774559021,544.8204956054688,292.0325012207031,0.999894917011261,542.84912109375,297.1925048828125,0.9986023306846619,552.2364501953125,298.6827697753906,0.9979503154754639,555.7879028320312,294.3633117675781,0.5574628710746765,555.9371337890625,290.5451965332031,0.008646667003631592,545.6552124023438,288.30767822265625,0.9126244187355042,501.5435485839844,268.59967041015625,0.999998927116394,504.8494873046875,291.5823059082031,0.9999998807907104,513.3964233398438,284.4306945800781,0.9999664425849915,516.31787109375,291.75390625,0.9999998211860657,512.5390625,298.7601318359375,0.9999989867210388,504.2224426269531,303.7417907714844,0.999998152256012,487.70391845703125,290.4892578125,0.9999967813491821,486.98797607421875,199.43299865722656,0.9999938011169434,472.28253173828125,192.4104461669922,0.9999958872795105,614.6141967773438,225.67344665527344,0.0011277496814727783,485.0511474609375,191.81028747558594,0.5356154441833496,486.57049560546875,184.50514221191406,0.9999893307685852,480.11981201171875,179.21168518066406,0.999998152256012,464.1313171386719,181.06851196289062,0.9999957084655762
167,664.7190551757812,304.42449951171875,0.9992444515228271,596.1315307617188,268.03729248046875,1.0,589.3709106445312,281.0815734863281,0.9999988079071045,601.7896118164062,252.75352478027344,0.999999463558197,479.5116271972656,226.5330047607422,1.0,478.7971496582031,250.04571533203125,0.9999996423721313,542.494873046875,251.17140197753906,0.9999985694885254,477.68829345703125,238.2125244140625,0.9999999403953552,410.7200622558594,229.36044311523438,0.9999997615814209,331.84625244140625,229.01626586914062,1.0,591.7499389648438,230.30615234375,0.9999998211860657,606.8191528320312,224.6366729736328,1.0,608.9614868164062,213.8568572998047,1.0,616.9869384765625,215.7533721923828,1.0,619.872802734375,223.56182861328125,0.9999999403953552,617.065185546875,229.60223388671875,1.0,610.0650024414062,232.24232482910156,0.9999998807907104,564.4944458007812,284.8650207519531,0.9999938011169434,545.4317016601562,292.52349853515625,0.9998672008514404,543.2438354492188,297.61151123046875,0.9966248273849487,552.252197265625,299.3846435546875,0.9874745607376099,556.1295776367188,295.34222412109375,0.23382481932640076,556.1118774414062,291.0630187988281,0.004509419202804565,545.6694946289062,288.94915771484375,0.9187553524971008,501.350341796875,268.7685546875,0.9999988079071045,504.56304931640625,291.6477355957031,0.9999998807907104,511.8721008300781,284.8655700683594,0.9999741315841675,516.39111328125,292.0301818847656,0.9999998807907104,512.703369140625,299.3786315917969,0.9999984502792358,504.1168518066406,304.01104736328125,0.9999980926513672,487.4145202636719,290.29327392578125,0.999997615814209,487.108154296875,199.42337036132812,0.9999940395355225,472.4679260253906,192.5918731689453,0.9999963045120239,614.6475219726562,225.58148193359375,0.001179814338684082,484.7943420410156,192.0211639404297,0.6489115357398987,486.4740905761719,184.6038818359375,0.9999922513961792,480.001953125,179.35992431640625,0.9999983310699463,464.1217041015625,181.257080078125,0.999995768070221
168,665.439453125,304.5671081542969,0.9998228549957275,597.2509155273438,269.099365234375,1.0,590.0810546875,282.4090270996094,0.9999996423721313,603.08056640625,253.31613159179688,0.9999994039535522,480.7439270019531,227.19082641601562,1.0,480.5345764160156,249.88900756835938,0.9999997615814209,543.3068237304688,251.4325408935547,0.9999991059303284,479.2725830078125,239.15802001953125,0.9999999403953552,411.3445129394531,229.5026092529297,0.9999998807907104,332.7416076660156,228.60494995117188,1.0,591.9032592773438,230.54164123535156,0.9999997019767761,606.3306884765625,224.718017578125,1.0,609.076904296875,213.63327026367188,1.0,617.0113525390625,215.6873779296875,1.0,619.984130859375,223.6711883544922,0.9999998807907104,616.9482421875,229.93075561523438,1.0,609.9153442382812,232.42153930664062,0.9999999403953552,567.690185546875,287.1092834472656,0.9999935626983643,547.6220703125,294.26727294921875,0.9994735717773438,544.40283203125,299.387451171875,0.9743754863739014,553.7159423828125,301.54339599609375,0.7215216755867004,557.9366455078125,300.4403076171875,0.015204578638076782,529.3886108398438,289.8827209472656,0.001162201166152954,546.7726440429688,290.17059326171875,0.9581904411315918,501.9068603515625,269.5706787109375,0.9999988079071045,504.2042236328125,291.654052734375,0.9999998807907104,511.6678161621094,285.072265625,0.9999740123748779,516.0655517578125,292.4418640136719,0.9999997615814209,512.2971801757812,299.9192810058594,0.999997615814209,503.6699523925781,304.0603942871094,0.9999986290931702,487.3251647949219,290.4642028808594,0.9999983906745911,487.5907287597656,199.677001953125,0.9999962449073792,473.3794860839844,192.4292755126953,0.9999971389770508,614.1924438476562,225.52975463867188,0.0012862682342529297,485.0965576171875,192.32534790039062,0.532691478729248,486.8292541503906,184.433349609375,0.9999902248382568,480.0368957519531,179.09458923339844,0.9999984502792358,464.3500671386719,181.0861053466797,0.9999967813491821
169,666.4705810546875,305.13916015625,0.9998962879180908,597.885009765625,269.326416015625,1.0,590.9977416992188,282.7644348144531,0.9999998211860657,603.60205078125,253.23802185058594,0.9999995231628418,481.30975341796875,227.6383056640625,1.0,481.1534118652344,250.22543334960938,0.9999998807907104,543.245361328125,252.06845092773438,0.999999463558197,479.7925109863281,239.4611358642578,1.0,411.9281005859375,229.543212890625,0.9999998807907104,332.87445068359375,228.5218505859375,1.0,592.1409301757812,230.44129943847656,0.9999997615814209,606.6163330078125,224.7659149169922,1.0,609.1182250976562,213.64254760742188,1.0,617.0902709960938,215.73501586914062,1.0,620.0974731445312,223.73291015625,0.9999998807907104,617.2589111328125,230.04713439941406,1.0,609.4520263671875,232.0609893798828,1.0,569.749755859375,287.854248046875,0.9999979734420776,550.2406616210938,295.0442810058594,0.9939950704574585,545.1112060546875,300.9140625,0.6027330756187439,550.7108764648438,302.6601257324219,0.004865437746047974,470.4472351074219,183.04335021972656,0.0001303255558013916,528.3865356445312,289.9053955078125,0.0011503100395202637,546.0335693359375,291.8067321777344,0.9329017400741577,502.6662902832031,270.0511779785156,0.9999986886978149,504.2572326660156,291.7635803222656,0.9999999403953552,511.7899475097656,285.0802917480469,0.9999801516532898,515.9734497070312,292.7046203613281,0.9999997615814209,513.0120239257812,300.11309814453125,0.9999948740005493,503.79962158203125,304.0919189453125,0.999998152256012,487.49102783203125,290.3010559082031,0.9999986886978149,488.0599365234375,200.0083465576172,0.9999973773956299,472.35699462890625,192.46131896972656,0.9999977350234985,614.36865234375,225.7432098388672,0.0013213157653808594,485.4013977050781,192.45242309570312,0.38800376653671265,487.1356506347656,184.5945587158203,0.9999831318855286,480.05364990234375,179.06924438476562,0.9999982118606567,464.3088073730469,181.26278686523438,0.9999961256980896
170,667.03955078125,305.02691650390625,0.999689519405365,598.4108276367188,269.5372314453125,1.0,591.6500244140625,282.9032287597656,1.0,603.733154296875,253.138427734375,0.999999463558197,482.0228271484375,227.68373107910156,1.0,481.0818786621094,251.11009216308594,0.9999998807907104,543.578125,252.8592529296875,0.9999996423721313,480.464111328125,239.61163330078125,1.0,412.5294189453125,229.57730102539062,0.9999998807907104,333.982666015625,228.6893768310547,1.0,592.1350708007812,230.2643280029297,0.9999998211860657,606.7421264648438,224.6094207763672,1.0,609.457275390625,213.64959716796875,1.0,617.2470092773438,215.73477172851562,1.0,620.3540649414062,223.7876434326172,0.9999998211860657,617.2840576171875,229.78271484375,1.0,610.4747314453125,232.3047332763672,0.9999998807907104,573.3768310546875,287.661376953125,0.9999936819076538,558.4131469726562,298.18426513671875,0.6998438835144043,543.5341186523438,302.3857116699219,0.05526202917098999,547.3502197265625,303.108154296875,0.000573277473449707,470.33758544921875,183.20309448242188,0.00011867284774780273,527.1087646484375,290.1268310546875,0.0013631880283355713,543.8314208984375,293.61199951171875,0.6188868880271912,502.93408203125,270.0963439941406,0.9999989867210388,504.1324462890625,291.7575378417969,0.9999998807907104,511.4921569824219,284.4466552734375,0.9999791979789734,515.4588012695312,292.3177185058594,0.9999998211860657,513.1913452148438,300.0726623535156,0.999992847442627,503.34552001953125,304.4980773925781,0.9999973773956299,487.26690673828125,290.5081787109375,0.9999992251396179,487.9364318847656,199.70745849609375,0.9999958276748657,473.2165222167969,192.76780700683594,0.9999969601631165,614.3942260742188,225.5908660888672,0.0013007819652557373,484.9984130859375,192.602783203125,0.1985478401184082,486.8065490722656,184.74166870117188,0.9999763369560242,480.50238037109375,178.8125,0.9999982118606567,464.2404479980469,181.50502014160156,0.9999960660934448
171,668.2906494140625,304.8101501464844,0.9999475479125977,598.6195678710938,269.8273010253906,1.0,591.7083740234375,282.384521484375,1.0,604.06689453125,252.88999938964844,0.9999994039535522,482.29779052734375,227.74745178222656,1.0,481.70721435546875,250.41761779785156,0.9999998807907104,544.2923583984375,252.8567657470703,0.9999997615814209,481.34814453125,239.90293884277344,1.0,413.2367248535156,229.6889190673828,0.9999998211860657,333.41552734375,228.96812438964844,1.0,592.5916137695312,230.81121826171875,0.9999998211860657,607.2915649414062,224.77919006347656,1.0,609.618896484375,213.606689453125,1.0,617.447998046875,215.56333923339844,0.9999998807907104,620.2797241210938,223.31210327148438,0.9999997615814209,617.7218017578125,229.72801208496094,1.0,610.1959838867188,232.15284729003906,0.9999998807907104,575.6082153320312,288.3324279785156,0.9999995827674866,560.4103393554688,299.42193603515625,0.9391332864761353,546.1207275390625,303.58807373046875,0.10529646277427673,560.64794921875,305.9137878417969,0.0019948184490203857,564.8723754882812,306.2878112792969,0.0005141198635101318,564.6835327148438,298.676025390625,0.0018199384212493896,553.433837890625,296.1133728027344,0.9099663496017456,503.1338195800781,270.3639221191406,0.9999992847442627,504.1228332519531,291.71185302734375,1.0,512.0823974609375,284.8686218261719,0.9999386668205261,514.8271484375,292.2323303222656,0.9999998211860657,513.0404052734375,300.07623291015625,0.9999939203262329,503.4082336425781,305.1159973144531,0.9999971389770508,487.2362365722656,291.2101135253906,0.9999992847442627,488.0577392578125,199.8217010498047,0.9999969005584717,473.00286865234375,192.6275177001953,0.9999985694885254,614.6329345703125,225.52603149414062,0.001453787088394165,484.8007507324219,192.74722290039062,0.2329554259777069,486.7701721191406,184.84739685058594,0.9999756813049316,480.51409912109375,178.98785400390625,0.9999982118606567,464.32110595703125,181.78909301757812,0.9999954700469971
172,668.2650146484375,303.9683532714844,0.9999852180480957,598.260986328125,270.1068420410156,1.0,592.303955078125,283.1124267578125,1.0,603.5761108398438,252.59555053710938,0.9999995231628418,483.87933349609375,228.1182861328125,1.0,483.04132080078125,250.8006591796875,1.0,544.6654052734375,253.3666229248047,0.9999998211860657,483.031494140625,240.46804809570312,1.0,414.5428771972656,230.01841735839844,0.9999997615814209,333.6877746582031,229.1436767578125,1.0,592.5435791015625,230.62579345703125,0.9999998807907104,607.2615356445312,224.73660278320312,1.0,609.7220458984375,213.58639526367188,1.0,617.4993286132812,215.62930297851562,0.9999999403953552,620.2001342773438,223.3568572998047,0.9999997615814209,617.48046875,229.4692840576172,1.0,610.9268188476562,232.08865356445312,0.9999998807907104,578.2857055664062,290.9105224609375,0.9999955892562866,567.7794799804688,306.1683044433594,0.5307141542434692,543.1756591796875,304.5724182128906,0.0008910894393920898,611.7437744140625,211.1868896484375,0.0001513063907623291,566.5537109375,310.9199523925781,0.0001628100872039795,525.1232299804688,290.4615478515625,0.001341313123703003,558.687744140625,300.2929992675781,0.7041721343994141,503.6900939941406,270.4652099609375,0.9999989867210388,504.2146911621094,291.9071350097656,1.0,511.430908203125,284.9440002441406,0.9999489188194275,514.4417114257812,292.22918701171875,0.9999998211860657,512.6015625,300.16143798828125,0.9999936819076538,503.19775390625,304.8094482421875,0.9999969005584717,487.5195617675781,291.2998962402344,0.9999992251396179,488.5845031738281,200.23670959472656,0.9999940991401672,472.98431396484375,192.48765563964844,0.9999988675117493,614.6473999023438,225.44009399414062,0.0011523962020874023,485.2731018066406,192.66207885742188,0.3171406388282776,487.2069091796875,184.70033264160156,0.9999797344207764,480.792724609375,178.4034423828125,0.9999983310699463,463.8709716796875,181.77914428710938,0.999995231628418
173,669.9620971679688,304.018798828125,0.9999943971633911,597.5336303710938,269.9538269042969,1.0,592.5263671875,283.4917907714844,0.9999999403953552,602.3934326171875,251.8599090576172,0.9999995231628418,484.8938903808594,228.24050903320312,1.0,483.6357421875,251.1482696533203,0.9999998807907104,544.7454223632812,253.99478149414062,0.9999997615814209,483.2769775390625,240.76455688476562,1.0,415.5167541503906,229.97036743164062,0.9999997019767761,334.32708740234375,229.4054412841797,1.0,592.8794555664062,230.85276794433594,0.9999998807907104,607.42919921875,224.61061096191406,1.0,609.5626220703125,213.57415771484375,1.0,617.8341674804688,215.87869262695312,0.9999999403953552,620.0137329101562,223.2641143798828,0.9999997615814209,617.68017578125,228.9619598388672,1.0,611.4400634765625,231.609619140625,0.9999997615814209,578.9173583984375,293.180908203125,0.9999891519546509,576.0455932617188,308.2877502441406,0.30573922395706177,512.7850341796875,293.2716979980469,6.99162483215332e-05,611.735595703125,211.285400390625,0.00018486380577087402,607.1529541015625,211.4910430908203,0.00018236041069030762,524.3421630859375,290.8141784667969,0.001757979393005371,573.9810180664062,305.00030517578125,0.04616168141365051,504.0582275390625,270.79754638671875,0.9999988079071045,504.2706604003906,291.74993896484375,1.0,511.0876159667969,285.06341552734375,0.9999548196792603,514.0679931640625,291.8776550292969,0.9999998211860657,512.8021850585938,299.73138427734375,0.9999908208847046,502.5816345214844,303.8763732910156,0.9999967813491821,487.2117919921875,290.90093994140625,0.9999994039535522,489.0151062011719,200.24996948242188,0.9999923706054688,473.2897033691406,192.63133239746094,0.9999990463256836,614.8467407226562,225.33889770507812,0.0010313689708709717,485.78631591796875,192.91404724121094,0.37482672929763794,487.4739685058594,184.7313995361328,0.9999803900718689,481.1103515625,178.54872131347656,0.9999984502792358,463.88818359375,181.8909454345703,0.9999950528144836
174,670.2468872070312,304.9166259765625,0.9999903440475464,598.128173828125,270.0643005371094,1.0,594.1474609375,283.4649658203125,1.0,603.0648803710938,251.84866333007812,0.9999995231628418,485.22601318359375,228.81658935546875,1.0,483.9444580078125,251.43844604492188,0.9999998807907104,545.0677490234375,254.89443969726562,0.9999998211860657,483.5888366699219,241.15509033203125,1.0,415.4356689453125,229.96751403808594,0.9999997615814209,331.9712829589844,229.7964630126953,0.9999998807907104,593.08154296875,230.94757080078125,0.9999998807907104,607.4193115234375,224.6346893310547,1.0,609.7691040039062,213.667724609375,1.0,617.5676879882812,215.7136993408203,1.0,619.9761352539062,223.31576538085938,0.9999997615814209,616.2504272460938,228.9404754638672,1.0,611.5316772460938,231.5314178466797,0.9999997615814209,582.5934448242188,294.33270263671875,0.9999881982803345,588.1007690429688,305.8302917480469,0.6065541505813599,512.2439575195312,292.92364501953125,5.7816505432128906e-05,611.8126831054688,211.33453369140625,0.00018480420112609863,607.1680908203125,211.4742431640625,0.0002085268497467041,524.28564453125,290.8049011230469,0.0008706450462341309,521.9962768554688,285.1252136230469,0.0015884935855865479,504.34307861328125,271.2779235839844,0.9999984502792358,504.0928039550781,291.3287048339844,0.9999999403953552,510.7210388183594,285.0997009277344,0.9999204277992249,514.2821655273438,291.8051452636719,0.9999997615814209,512.7880859375,299.5306701660156,0.9999954104423523,502.65301513671875,303.74365234375,0.999997615814209,487.29443359375,290.9561462402344,0.9999992847442627,488.90277099609375,200.11322021484375,0.9999959468841553,472.6665344238281,192.36669921875,0.999998927116394,614.6831665039062,225.3556671142578,0.00105208158493042,485.66986083984375,192.65528869628906,0.4798729419708252,487.4279479980469,184.48379516601562,0.9999879598617554,480.52392578125,178.74893188476562,0.9999986290931702,463.35443115234375,182.0725555419922,0.9999940395355225
175,670.7781982421875,305.4903869628906,0.9999735355377197,598.2440185546875,269.679443359375,1.0,594.7742309570312,282.9804382324219,1.0,603.6141357421875,251.8238067626953,0.9999995827674866,486.20245361328125,229.18783569335938,1.0,484.9794006347656,251.80506896972656,0.9999998807907104,545.9794311523438,255.78358459472656,0.9999998807907104,484.7334899902344,241.59303283691406,1.0,416.350341796875,229.8328094482422,0.999999463558197,332.6214904785156,229.67620849609375,1.0,593.34423828125,231.1981964111328,0.9999998807907104,607.30224609375,224.56655883789062,1.0,609.8621826171875,213.6758270263672,1.0,617.535400390625,215.66751098632812,0.9999999403953552,619.8876953125,223.23233032226562,0.9999997615814209,617.40576171875,228.7665252685547,1.0,611.5427856445312,231.3059539794922,0.9999996423721313,583.6605834960938,295.3611755371094,0.999982476234436,592.936767578125,305.6258544921875,0.9458743333816528,512.1509399414062,292.771240234375,6.255507469177246e-05,611.7849731445312,211.387939453125,0.00018835067749023438,607.135009765625,211.5228729248047,0.00022709369659423828,521.4351806640625,286.8436279296875,0.0006375610828399658,521.5721435546875,285.4759826660156,0.0012581348419189453,504.5126953125,272.4934387207031,0.9999966621398926,504.2621765136719,291.14923095703125,0.9999998807907104,510.6005554199219,285.2464904785156,0.999875545501709,514.2317504882812,291.7615966796875,0.9999997615814209,512.6411743164062,299.3993225097656,0.9999960660934448,502.5052795410156,303.550048828125,0.999997615814209,487.5133972167969,290.90533447265625,0.9999991059303284,489.3728332519531,200.3103790283203,0.9999973773956299,472.51251220703125,192.30796813964844,0.999998927116394,614.4539184570312,225.20469665527344,0.0008679628372192383,485.6662902832031,192.70578002929688,0.40428587794303894,487.43853759765625,184.46127319335938,0.9999864101409912,481.0548400878906,178.43594360351562,0.9999986886978149,463.2291259765625,182.14407348632812,0.9999929666519165
176,671.8994140625,304.9107360839844,0.999993085861206,599.6146850585938,270.1050720214844,0.9999998807907104,596.7763671875,283.4404602050781,1.0,604.735107421875,252.18280029296875,0.9999997615814209,487.51348876953125,229.1821746826172,1.0,485.4473571777344,251.81411743164062,0.9999998807907104,547.2774047851562,256.31561279296875,1.0,485.8836364746094,241.69869995117188,1.0,416.7828063964844,230.47930908203125,0.9999992251396179,334.4318542480469,229.8168487548828,1.0,593.8146362304688,231.59918212890625,0.9999997615814209,606.7778930664062,224.0524444580078,0.9999998807907104,609.8351440429688,213.6876983642578,1.0,617.5053100585938,215.74928283691406,0.9999998807907104,619.9541625976562,223.26596069335938,0.9999997615814209,617.3521118164062,228.91827392578125,1.0,611.3956909179688,231.52243041992188,0.9999995827674866,585.7598266601562,297.1660461425781,0.9999604225158691,597.6705932617188,306.5271911621094,0.9642244577407837,512.0772705078125,293.0815734863281,0.00010007619857788086,611.826171875,211.5056915283203,0.00020229816436767578,606.979248046875,211.75399780273438,0.0002320408821105957,524.4194946289062,291.4554443359375,0.0009680092334747314,521.751953125,285.40582275390625,0.0018479526042938232,504.57257080078125,272.28094482421875,0.9999972581863403,504.2198486328125,291.18206787109375,1.0,510.9207458496094,285.2919921875,0.9999017715454102,514.6580810546875,292.2381896972656,0.9999998807907104,512.6627807617188,299.642333984375,0.9999969005584717,502.6385192871094,303.7031555175781,0.9999977350234985,487.6968078613281,291.0256042480469,0.9999989867210388,490.0281066894531,199.9606475830078,0.9999979734420776,472.6566162109375,192.07138061523438,0.9999990463256836,614.0936279296875,225.1250762939453,0.001392662525177002,487.263427734375,193.17910766601562,0.32297566533088684,487.68121337890625,184.26901245117188,0.9999862909317017,480.6000061035156,178.71615600585938,0.999998927116394,463.4625244140625,182.06138610839844,0.9999945759773254
177,673.294189453125,305.7473449707031,0.9999895095825195,600.82958984375,270.1271667480469,0.9999998807907104,598.9429931640625,283.5513916015625,0.9999999403953552,605.8900756835938,252.4860382080078,0.9999997615814209,487.9299011230469,229.36997985839844,1.0,485.69622802734375,251.9638671875,0.9999999403953552,547.4362182617188,257.0238952636719,1.0,486.2792663574219,241.69342041015625,1.0,417.56195068359375,230.58815002441406,0.9999995827674866,333.76953125,230.15835571289062,1.0,593.9061279296875,231.77349853515625,0.9999997615814209,606.8197021484375,224.1988983154297,0.9999998807907104,609.636962890625,213.78799438476562,1.0,617.4223022460938,215.802001953125,0.9999999403953552,619.8404541015625,223.35646057128906,0.9999997615814209,616.1632080078125,228.98724365234375,1.0,611.3609008789062,231.65699768066406,0.9999997615814209,589.4429321289062,298.42529296875,0.9999950528144836,603.8094482421875,307.3494873046875,0.9961877465248108,512.2072143554688,292.89007568359375,0.00010845065116882324,611.7117919921875,211.5351104736328,0.00022661685943603516,606.760009765625,211.78927612304688,0.00027510523796081543,525.1719360351562,291.5283203125,0.0009281337261199951,522.238037109375,285.4794921875,0.0014068186283111572,504.87225341796875,272.7239074707031,0.9999979138374329,504.33428955078125,291.2471923828125,0.9999998807907104,511.2724609375,285.4930419921875,0.9998789429664612,514.9888305664062,292.2296142578125,0.9999998211860657,513.0650634765625,299.5950622558594,0.9999975562095642,502.9248352050781,303.69635009765625,0.9999983310699463,487.913818359375,290.87200927734375,0.9999983906745911,490.1384582519531,200.61524963378906,0.9999977946281433,472.8028869628906,192.12107849121094,0.9999992847442627,613.9723510742188,225.17176818847656,0.0019162893295288086,487.633544921875,193.30877685546875,0.2770404815673828,487.9342956542969,184.42938232421875,0.9999815225601196,480.8702392578125,178.7263641357422,0.9999988079071045,463.7166442871094,182.3081512451172,0.9999947547912598
178,673.9384765625,305.9499206542969,0.9999709129333496,602.8222045898438,270.27325439453125,0.9999998807907104,600.6980590820312,283.6094970703125,0.9999999403953552,606.2826538085938,252.5611572265625,0.9999997615814209,488.64581298828125,229.63999938964844,1.0,486.1031799316406,251.88108825683594,0.9999998807907104,548.9412841796875,258.01898193359375,1.0,487.0943298339844,241.78616333007812,1.0,417.4695129394531,230.7654266357422,0.9999996423721313,334.0304260253906,229.90176391601562,0.9999998807907104,594.0429077148438,232.8730926513672,0.9999997615814209,606.4627685546875,225.11331176757812,1.0,609.2692260742188,213.89666748046875,1.0,617.1390991210938,215.8743896484375,0.9999999403953552,619.8377685546875,223.3855438232422,0.9999998211860657,617.270751953125,229.45843505859375,0.9999998807907104,611.2693481445312,232.1250457763672,0.9999997615814209,591.1807250976562,298.38031005859375,0.9999927878379822,604.9404296875,306.30810546875,0.9996557235717773,601.9953002929688,314.2254638671875,0.00014221668243408203,611.6596069335938,211.58270263671875,0.00021117925643920898,606.2792358398438,211.8486328125,0.0002849996089935303,525.1099853515625,291.34710693359375,0.0007589757442474365,609.3155517578125,296.34954833984375,0.005327701568603516,505.46075439453125,272.81329345703125,0.9999970197677612,504.3149108886719,290.99249267578125,1.0,511.46173095703125,285.3653259277344,0.9998785853385925,514.9727783203125,292.0213317871094,0.9999998211860657,512.925537109375,299.49267578125,0.9999973177909851,502.6837463378906,303.2797546386719,0.999997615814209,488.6152648925781,290.8634338378906,0.9999977350234985,490.21905517578125,201.08033752441406,0.9999990463256836,472.743896484375,192.03851318359375,0.9999995231628418,613.9342651367188,225.40213012695312,0.002718806266784668,486.2725830078125,192.82298278808594,0.45968863368034363,488.0453796386719,184.19671630859375,0.9999865889549255,480.9902038574219,178.53944396972656,0.9999991655349731,463.3931579589844,182.5170135498047,0.9999942779541016
179,675.3572387695312,305.8348693847656,0.9999901056289673,604.8717041015625,270.705810546875,0.9999998807907104,601.5574340820312,285.38653564453125,0.9999996423721313,606.981689453125,254.40411376953125,0.9999997615814209,489.76641845703125,230.18905639648438,1.0,486.94268798828125,252.3535614013672,0.9999998807907104,550.1212768554688,259.14752197265625,1.0,488.5912780761719,241.72706604003906,1.0,418.16436767578125,230.8292694091797,0.9999997019767761,334.3054504394531,229.0583038330078,1.0,594.7337646484375,233.63624572753906,0.999999463558197,606.4651489257812,225.299072265625,1.0,609.2637939453125,213.96519470214844,1.0,617.2190551757812,216.00762939453125,0.9999998807907104,619.7708129882812,223.47320556640625,0.9999997615814209,617.2390747070312,229.58631896972656,0.9999998807907104,610.5620727539062,232.30535888671875,0.9999997615814209,593.9236450195312,299.68865966796875,0.9999985694885254,609.2387084960938,308.0553894042969,0.999951958656311,609.229736328125,316.66107177734375,0.00186079740524292,609.2006225585938,210.72947692871094,0.00023382902145385742,606.2254638671875,211.9361114501953,0.0003464221954345703,617.683349609375,308.67047119140625,0.005487799644470215,616.80224609375,303.0063171386719,0.03247427940368652,506.35736083984375,273.3721008300781,0.9999977350234985,504.22979736328125,290.91693115234375,0.9999999403953552,511.2155456542969,285.44329833984375,0.999809980392456,514.9461669921875,292.4870910644531,0.9999998211860657,513.0311279296875,299.9486999511719,0.9999976754188538,502.6962585449219,303.9873962402344,0.9999983310699463,488.06585693359375,290.9675598144531,0.9999983310699463,490.3002624511719,201.86192321777344,0.9999994039535522,472.2135009765625,191.83290100097656,0.9999996423721313,613.4415893554688,225.4200897216797,0.002881467342376709,486.0223083496094,192.89920043945312,0.5161628127098083,487.9083251953125,184.2230987548828,0.9999852180480957,480.63916015625,178.3730926513672,0.9999988079071045,463.5025634765625,182.61509704589844,0.9999940395355225
180,675.9945678710938,305.87445068359375,0.999911904335022,605.2805786132812,271.8929748535156,0.9999999403953552,601.7415771484375,285.5100402832031,0.9999994039535522,608.225830078125,254.9873046875,0.9999998807907104,490.0810546875,231.56967163085938,1.0,487.885009765625,252.89065551757812,0.9999997615814209,550.9489135742188,260.1668395996094,1.0,489.5072021484375,242.23944091796875,1.0,419.86199951171875,230.94403076171875,0.9999998807907104,332.4122009277344,230.27162170410156,1.0,595.0012817382812,233.67005920410156,0.9999988079071045,606.3617553710938,225.11553955078125,1.0,609.112548828125,214.08251953125,1.0,617.1458740234375,216.0459747314453,0.9999999403953552,619.88232421875,223.420166015625,0.9999998211860657,617.4915771484375,229.9178924560547,1.0,610.7134399414062,232.65762329101562,0.9999995827674866,596.0338134765625,300.24920654296875,0.9999970197677612,611.65478515625,306.9418029785156,0.9997034072875977,608.3843994140625,313.6811218261719,0.0003688335418701172,608.9387817382812,210.51100158691406,0.0002460181713104248,604.6493530273438,214.94627380371094,0.0003638267517089844,521.10302734375,288.7691650390625,0.00046747922897338867,619.9386596679688,300.5301513671875,0.002766251564025879,506.583740234375,273.9618835449219,0.9999985694885254,504.2262268066406,291.4093933105469,1.0,510.9736633300781,286.109375,0.9997401237487793,514.9224853515625,293.3313293457031,0.9999997019767761,512.10595703125,300.77325439453125,0.999997079372406,502.5155944824219,304.3023681640625,0.9999983310699463,488.7701416015625,291.2324523925781,0.9999986886978149,491.0436096191406,202.34962463378906,0.9999988079071045,472.1963806152344,191.7396240234375,0.9999997019767761,613.3596801757812,225.76455688476562,0.0019755661487579346,485.7756652832031,192.88951110839844,0.3898196816444397,487.7977600097656,184.04022216796875,0.999983012676239,480.2633056640625,178.2509765625,0.9999982118606567,463.62066650390625,182.68609619140625,0.999994158744812
181,676.9636840820312,306.1817321777344,0.9984022974967957,607.4865112304688,271.94873046875,0.9999999403953552,604.2386474609375,285.857421875,0.9999996423721313,609.1258544921875,255.24208068847656,0.9999998807907104,490.8756103515625,232.42373657226562,1.0,488.67681884765625,253.8051300048828,0.9999997019767761,553.5053100585938,260.56341552734375,0.9999998807907104,489.9638366699219,242.70562744140625,1.0,420.4271240234375,231.2050018310547,0.9999999403953552,333.086181640625,230.21429443359375,1.0,596.0048217773438,234.73526000976562,0.9999985694885254,606.7127075195312,225.51968383789062,1.0,609.1213989257812,213.89007568359375,1.0,617.4550170898438,216.21189880371094,0.9999998807907104,619.8245239257812,223.38291931152344,0.9999998807907104,617.7880249023438,229.7594451904297,0.9999998807907104,610.90576171875,232.7206268310547,0.9999994039535522,598.8377075195312,300.8399353027344,0.9999961853027344,615.8133544921875,306.1592102050781,0.9980592727661133,512.042236328125,293.56011962890625,0.00013640522956848145,609.0621337890625,210.6988067626953,0.0003421604633331299,605.9324951171875,212.05271911621094,0.0004942715167999268,630.5692749023438,308.8951416015625,0.000858992338180542,628.1635131835938,304.8782043457031,0.006386011838912964,507.7008361816406,274.8819580078125,0.999998927116394,504.435791015625,291.4633483886719,1.0,511.0585021972656,286.6123046875,0.9996517300605774,515.119873046875,293.5013732910156,0.9999996423721313,512.482177734375,301.166015625,0.9999980330467224,502.9158935546875,304.640625,0.9999986886978149,488.9759521484375,291.7001953125,0.9999988079071045,491.4653015136719,203.42514038085938,0.9999989867210388,472.2046203613281,191.9266357421875,0.9999998807907104,612.9087524414062,226.0535430908203,0.0016922056674957275,485.78167724609375,193.27377319335938,0.5460987091064453,487.5219421386719,183.91616821289062,0.9999890327453613,479.8433532714844,178.57261657714844,0.9999988079071045,464.2027587890625,183.15866088867188,0.9999932646751404
182,678.730224609375,306.1759338378906,0.9992713928222656,608.1399536132812,272.1142883300781,0.9999998807907104,605.2293701171875,286.1683349609375,0.9999997615814209,609.3434448242188,255.1706085205078,0.9999999403953552,491.4541015625,232.7672882080078,1.0,488.8686828613281,254.1979522705078,0.9999995827674866,554.6093139648438,261.8117980957031,1.0,490.17254638671875,243.03378295898438,1.0,420.7683410644531,231.58555603027344,0.9999998807907104,335.9233703613281,230.49070739746094,0.9999998807907104,595.68896484375,234.9072723388672,0.9999987483024597,606.6327514648438,225.67079162597656,1.0,609.3369140625,213.8622589111328,1.0,617.5009765625,216.1798553466797,0.9999999403953552,619.9379272460938,223.29185485839844,0.9999998807907104,616.7401123046875,229.53456115722656,1.0,611.0117797851562,232.7201385498047,0.9999985694885254,601.9777221679688,301.6726989746094,0.9999830722808838,617.7696533203125,307.33050537109375,0.999062180519104,512.1650390625,293.2473449707031,0.0001283884048461914,609.1649780273438,210.7431182861328,0.00033995509147644043,605.95654296875,212.0813751220703,0.0005498230457305908,631.7905883789062,308.7487487792969,0.000499427318572998,629.7747802734375,304.8150634765625,0.006157547235488892,508.15496826171875,275.46844482421875,0.9999992847442627,504.28753662109375,291.4301452636719,1.0,510.81146240234375,286.9577331542969,0.999468207359314,515.1906127929688,293.68096923828125,0.9999995231628418,512.3921508789062,301.2559509277344,0.9999970197677612,502.6236877441406,304.35491943359375,0.9999985098838806,488.58990478515625,291.6103210449219,0.9999988079071045,491.4139709472656,204.22665405273438,0.9999990463256836,473.4692077636719,192.6683807373047,0.9999998211860657,612.73193359375,226.24110412597656,0.0014567673206329346,485.8509521484375,193.55833435058594,0.6276982426643372,487.5007019042969,184.06732177734375,0.9999911785125732,479.7467956542969,178.9817657470703,0.9999990463256836,464.925537109375,183.16738891601562,0.9999942779541016
183,679.8795166015625,305.9391784667969,0.9995219111442566,608.0358276367188,272.7349548339844,1.0,605.6012573242188,285.65179443359375,0.9999998211860657,610.2511596679688,254.83184814453125,0.9999999403953552,492.5492858886719,233.0074005126953,1.0,489.07470703125,254.30442810058594,0.9999995827674866,555.3740234375,262.3634033203125,1.0,491.1187744140625,243.16006469726562,1.0,421.1166076660156,231.8370361328125,0.9999998807907104,335.67376708984375,230.07139587402344,1.0,597.0772705078125,234.720458984375,0.9999991655349731,607.2431030273438,225.623779296875,1.0,609.3233032226562,213.75506591796875,1.0,617.6229858398438,215.9848175048828,0.9999998807907104,620.2315673828125,223.1067657470703,0.9999998211860657,617.9904174804688,229.42276000976562,0.9999999403953552,612.51416015625,232.39077758789062,0.9999982118606567,606.5017700195312,302.7740478515625,0.9999920129776001,619.999755859375,307.9956359863281,0.9994670152664185,512.2112426757812,293.6739501953125,0.00016477704048156738,608.9802856445312,210.80807495117188,0.00037214159965515137,605.8976440429688,212.15440368652344,0.0005037486553192139,632.885009765625,307.8224182128906,0.00027805566787719727,630.6083374023438,303.65057373046875,0.004257470369338989,508.4112548828125,275.43701171875,0.9999991059303284,504.4627990722656,291.6541442871094,1.0,511.17108154296875,286.99688720703125,0.9994785189628601,515.3047485351562,293.74896240234375,0.9999995231628418,512.6583251953125,301.3645324707031,0.9999966621398926,503.0257568359375,304.3731384277344,0.9999980330467224,489.00286865234375,292.53179931640625,0.9999987483024597,492.2240295410156,205.95188903808594,0.9999991655349731,473.44671630859375,192.7528839111328,0.9999998807907104,612.8320922851562,226.2400360107422,0.0011903047561645508,485.3260192871094,193.07032775878906,0.8231180906295776,486.8702087402344,183.8391876220703,0.9999943971633911,478.8728332519531,178.5473175048828,0.9999985694885254,464.85601806640625,183.229736328125,0.9999920129776001
184,682.2620849609375,306.04931640625,0.9995613098144531,609.2178344726562,272.7861633300781,1.0,606.7678833007812,285.5948791503906,1.0,611.2659912109375,255.02194213867188,0.9999998807907104,493.87628173828125,233.31663513183594,1.0,489.7568664550781,254.9143524169922,0.9999997019767761,556.0553588867188,262.92938232421875,1.0,491.89404296875,243.7666778564453,1.0,423.3390197753906,231.7957305908203,0.9999997019767761,336.3975524902344,230.2161407470703,1.0,597.9727783203125,235.07029724121094,0.9999985098838806,607.521240234375,225.85562133789062,1.0,609.147216796875,213.91175842285156,1.0,617.6356811523438,216.06832885742188,0.9999998807907104,620.4329833984375,223.13848876953125,0.9999997615814209,617.6734619140625,229.57041931152344,1.0,612.9417724609375,232.6606903076172,0.9999982118606567,608.6909790039062,302.7806701660156,0.999984085559845,624.8361206054688,310.0750427246094,0.9993523359298706,511.6490478515625,293.1668701171875,0.00013235211372375488,609.17919921875,210.8082275390625,0.0004781782627105713,604.9862060546875,214.9825897216797,0.00067099928855896,520.1246337890625,288.2756652832031,0.00021782517433166504,518.2056884765625,284.86639404296875,0.0011794567108154297,508.8526611328125,275.6160888671875,0.9999991655349731,504.52886962890625,291.34149169921875,1.0,510.7880554199219,286.490966796875,0.9994804859161377,515.1849365234375,293.24444580078125,0.999999463558197,512.4306640625,300.7694396972656,0.9999972581863403,502.82843017578125,303.6777648925781,0.9999980926513672,489.1590881347656,292.31494140625,0.9999987483024597,492.8447265625,206.98020935058594,0.9999991655349731,473.6263427734375,192.6447296142578,0.9999998807907104,612.861328125,226.26937866210938,0.0012848377227783203,485.1907958984375,192.5878143310547,0.8746644854545593,486.58404541015625,183.74147033691406,0.9999953508377075,479.2065734863281,179.0900115966797,0.9999982118606567,464.53656005859375,183.433349609375,0.9999898672103882
185,683.509521484375,305.10845947265625,0.9997621774673462,610.61181640625,272.64215087890625,1.0,607.7451782226562,285.64862060546875,1.0,612.2318725585938,255.3995361328125,0.9999998211860657,494.6924133300781,234.0038604736328,0.9999999403953552,490.77557373046875,255.45254516601562,0.9999996423721313,557.2103271484375,263.09954833984375,0.9999999403953552,492.643798828125,244.2926788330078,1.0,423.8002624511719,232.20306396484375,0.9999994039535522,335.82025146484375,231.02001953125,1.0,598.3040161132812,235.61300659179688,0.9999983310699463,607.1792602539062,226.00180053710938,1.0,609.2393188476562,213.88795471191406,1.0,617.6676635742188,216.08636474609375,0.9999998807907104,620.41064453125,223.1302490234375,0.9999997615814209,617.7357788085938,229.47415161132812,1.0,612.3750610351562,232.9914093017578,0.999996542930603,610.0140991210938,302.78900146484375,0.999981701374054,625.8955078125,309.5086975097656,0.9980483651161194,511.6338806152344,292.8847961425781,9.065866470336914e-05,609.1110229492188,210.66299438476562,0.0005041360855102539,604.7648315429688,214.9713134765625,0.0007774233818054199,520.6061401367188,287.5715026855469,0.0001602470874786377,518.3392333984375,284.64459228515625,0.0008826851844787598,509.7550354003906,276.4653625488281,0.9999992847442627,504.6704406738281,291.02569580078125,0.9999998807907104,510.46881103515625,286.7000427246094,0.9990823864936829,514.9724731445312,293.0224304199219,0.9999992847442627,512.8888549804688,300.4691162109375,0.9999983310699463,503.0860290527344,303.6114196777344,0.9999977350234985,489.1260070800781,292.1285400390625,0.9999987483024597,491.6715393066406,206.2560577392578,0.9999990463256836,473.6207580566406,192.256591796875,0.9999999403953552,612.302734375,226.4647979736328,0.0016921162605285645,484.76422119140625,192.062255859375,0.8406810164451599,485.9916687011719,183.64468383789062,0.9999949336051941,478.33709716796875,179.0477752685547,0.9999973773956299,464.233642578125,183.66607666015625,0.9999788999557495
186,684.7864379882812,304.58721923828125,0.9999971389770508,612.1571044921875,271.66546630859375,1.0,609.96923828125,284.8193359375,1.0,612.537109375,254.78402709960938,1.0,494.5226745605469,233.952880859375,1.0,491.78631591796875,255.6485595703125,0.9999996423721313,558.6612548828125,263.3597717285156,0.9999999403953552,493.7800598144531,244.553955078125,1.0,423.9035949707031,232.41128540039062,0.9999993443489075,335.91485595703125,231.64779663085938,0.9999998807907104,598.25634765625,235.2174072265625,0.9999978542327881,607.2738647460938,226.04058837890625,1.0,609.29638671875,213.8542938232422,1.0,617.6768798828125,216.2148895263672,0.9999998807907104,620.4796142578125,223.21957397460938,0.9999997615814209,617.7011108398438,229.5084991455078,0.9999999403953552,612.2135620117188,232.87013244628906,0.9999983310699463,612.1113891601562,304.45281982421875,0.99998939037323,628.5390014648438,309.09002685546875,0.990436315536499,511.4256896972656,292.9839172363281,8.800625801086426e-05,609.2894287109375,210.67626953125,0.0004544258117675781,605.1124877929688,214.82269287109375,0.0007728636264801025,519.1841430664062,287.9318542480469,0.00014695525169372559,518.1238403320312,284.7012939453125,0.000873178243637085,510.3262939453125,276.8257751464844,0.9999994039535522,504.59832763671875,291.0264892578125,1.0,510.255126953125,287.1177673339844,0.9986065626144409,514.5738525390625,293.3065490722656,0.9999988079071045,512.7492065429688,300.49041748046875,0.9999979734420776,503.0337829589844,303.7276306152344,0.9999977350234985,489.264404296875,292.216796875,0.9999988079071045,491.4836120605469,207.06521606445312,0.9999995827674866,472.4450988769531,191.78855895996094,0.9999999403953552,612.1823120117188,226.90151977539062,0.001307845115661621,484.8635559082031,192.04005432128906,0.9297627210617065,485.4822998046875,183.87559509277344,0.9999939203262329,477.6570739746094,179.21580505371094,0.999997615814209,463.7861633300781,184.3072509765625,0.9999668598175049
187,684.8555908203125,303.60382080078125,0.9999966621398926,612.7884521484375,271.5635681152344,1.0,610.6360473632812,284.7703552246094,1.0,613.146484375,254.676025390625,0.9999998807907104,495.14794921875,234.4339599609375,1.0,493.2663269042969,255.77989196777344,0.9999997615814209,559.0818481445312,263.2906494140625,0.9999998807907104,495.0696105957031,245.0944061279297,1.0,427.104248046875,232.5690155029297,0.9999994039535522,339.9713439941406,231.2003936767578,1.0,598.562255859375,235.282958984375,0.9999973773956299,607.3848266601562,226.0557403564453,1.0,608.9668579101562,213.92921447753906,0.9999999403953552,617.5693359375,216.164306640625,0.9999998807907104,620.4732666015625,223.14266967773438,0.9999997615814209,617.8685913085938,229.50723266601562,0.9999998807907104,612.2100219726562,233.03390502929688,0.9999983310699463,612.1719360351562,304.1636962890625,0.9999887943267822,628.2439575195312,308.4942932128906,0.9924287796020508,511.3421936035156,293.40789794921875,0.00012058019638061523,609.2125854492188,210.65512084960938,0.00042936205863952637,604.9037475585938,214.7335662841797,0.0007798075675964355,518.5740966796875,288.2417297363281,0.00020840764045715332,518.0316162109375,284.84942626953125,0.001483529806137085,511.0559387207031,277.243896484375,0.9999994039535522,504.3402404785156,291.2628479003906,1.0,509.9942321777344,287.8106689453125,0.998550295829773,514.3433227539062,293.7594299316406,0.9999982118606567,512.529541015625,301.1530456542969,0.9999972581863403,502.891845703125,304.28826904296875,0.9999977946281433,489.2016296386719,292.4721984863281,0.9999986886978149,491.69903564453125,207.70101928710938,0.9999997615814209,472.755859375,192.09695434570312,0.9999998807907104,485.5226135253906,195.6776580810547,0.0016127824783325195,485.2815856933594,192.07159423828125,0.9596551656723022,485.4741516113281,183.87623596191406,0.999994158744812,477.62847900390625,179.30734252929688,0.9999974966049194,463.9497375488281,184.58612060546875,0.9999563694000244
188,684.4749145507812,303.2217712402344,0.9999989867210388,613.0164184570312,270.96417236328125,1.0,610.681396484375,284.0958251953125,1.0,613.4360961914062,254.19747924804688,1.0,495.81732177734375,234.3730010986328,1.0,493.3515319824219,256.92510986328125,0.9999998211860657,559.5137939453125,263.68450927734375,0.9999997019767761,495.6675720214844,245.12791442871094,1.0,427.55322265625,232.8695526123047,0.9999992847442627,342.415771484375,232.02310180664062,1.0,598.3934326171875,234.9193115234375,0.9999971985816956,607.2398071289062,226.12757873535156,1.0,608.73876953125,214.0133056640625,1.0,617.3194580078125,216.17813110351562,0.9999999403953552,620.3861083984375,223.37347412109375,0.9999998807907104,617.6952514648438,229.7346954345703,0.9999998807907104,611.8661499023438,233.28842163085938,0.9999982118606567,612.8519897460938,303.6124572753906,0.9999862909317017,628.8495483398438,307.1563720703125,0.9954907894134521,511.3336486816406,293.5228576660156,0.00015184283256530762,609.0348510742188,210.59048461914062,0.0005640387535095215,604.5654296875,214.6910858154297,0.0009823441505432129,518.2606811523438,288.33843994140625,0.00013574957847595215,518.330810546875,284.984619140625,0.001027226448059082,511.5963439941406,277.8009338378906,0.9999992847442627,504.1579895019531,291.18212890625,1.0,509.6404113769531,288.0717468261719,0.9975728392601013,514.262939453125,293.97216796875,0.999997615814209,512.5201416015625,301.0056457519531,0.9999977946281433,503.11083984375,304.3327331542969,0.9999975562095642,489.1241149902344,292.5923767089844,0.9999988079071045,492.882568359375,208.1476287841797,0.9999998211860657,472.8382263183594,192.55857849121094,0.9999999403953552,485.613037109375,195.97706604003906,0.006762117147445679,485.004638671875,192.1585235595703,0.9780439734458923,484.9686584472656,184.1191864013672,0.9999948740005493,477.58721923828125,179.9115447998047,0.9999978542327881,464.3668518066406,185.5943145751953,0.9999344348907471
189,685.547607421875,303.0123596191406,0.999998927116394,613.6488037109375,270.7822570800781,0.9999998807907104,611.8218994140625,284.0743103027344,1.0,614.0339965820312,254.32516479492188,0.9999998807907104,496.6814270019531,234.92391967773438,1.0,494.28118896484375,257.3852844238281,0.9999998807907104,559.4896240234375,264.5271911621094,0.9999995827674866,496.5630187988281,245.5512237548828,1.0,427.8680725097656,233.19883728027344,0.999999463558197,343.6191711425781,232.0210418701172,0.9999998807907104,598.7333984375,235.10133361816406,0.9999966621398926,607.4852294921875,226.18594360351562,1.0,608.8817138671875,214.09349060058594,1.0,617.3734741210938,216.34677124023438,0.9999998807907104,620.3231201171875,223.50460815429688,0.9999998807907104,617.6915283203125,229.7742156982422,0.9999999403953552,612.129638671875,233.3480987548828,0.9999976754188538,612.2396850585938,303.6083984375,0.9999904632568359,628.3848266601562,306.7086486816406,0.9971547722816467,511.1981201171875,293.3516540527344,0.0001214444637298584,609.0408935546875,210.7549591064453,0.00047004222869873047,604.7501831054688,214.7521209716797,0.0008859634399414062,682.7008056640625,299.6639404296875,0.0002186894416809082,517.8095703125,284.59356689453125,0.0009076297283172607,511.8455505371094,278.2058410644531,0.999998927116394,504.0443420410156,291.118408203125,1.0,509.4927978515625,288.2415466308594,0.9956601858139038,514.149169921875,293.7490234375,0.9999971389770508,512.5401611328125,300.70220947265625,0.9999982118606567,502.9312438964844,304.18780517578125,0.9999974966049194,488.9085693359375,292.6585693359375,0.9999987483024597,493.07830810546875,208.53602600097656,0.9999998807907104,473.02374267578125,192.80258178710938,0.9999998807907104,485.6563720703125,195.94642639160156,0.008329808712005615,485.3517761230469,192.055908203125,0.982114851474762,484.9078063964844,184.00904846191406,0.9999957084655762,477.4344177246094,179.94381713867188,0.9999978542327881,464.2483825683594,185.72357177734375,0.9999209642410278
190,686.1076049804688,302.404052734375,0.9999990463256836,613.7405395507812,270.20233154296875,1.0,612.7667236328125,283.5900573730469,1.0,614.3660278320312,253.86782836914062,1.0,497.65087890625,235.23736572265625,1.0,494.97711181640625,257.92041015625,1.0,559.9793701171875,264.7480163574219,0.9999997019767761,497.0318908691406,246.73207092285156,1.0,428.6336975097656,233.51210021972656,0.9999994039535522,343.551025390625,232.5156707763672,0.9999998807907104,599.009521484375,234.81271362304688,0.9999967217445374,606.6002807617188,225.74656677246094,1.0,608.8738403320312,214.0883331298828,0.9999999403953552,617.3973388671875,216.37640380859375,1.0,620.30419921875,223.55633544921875,0.9999998807907104,617.7168579101562,229.8463592529297,0.9999999403953552,612.2083740234375,233.33749389648438,0.9999972581863403,612.5009765625,302.98284912109375,0.999993085861206,629.2155151367188,306.1741027832031,0.997643232345581,511.650634765625,293.5289306640625,0.00012230873107910156,609.0491943359375,210.79360961914062,0.0003787875175476074,604.81884765625,214.74554443359375,0.0007975995540618896,682.6585693359375,299.7200927734375,0.0002238154411315918,517.6494750976562,284.7311096191406,0.0008136630058288574,512.0519409179688,278.7992248535156,0.9999986886978149,504.0437316894531,291.2965393066406,1.0,509.698486328125,288.2496643066406,0.9952874183654785,514.46826171875,293.6142883300781,0.9999974966049194,513.23583984375,300.7460632324219,0.9999988079071045,503.334716796875,304.5315246582031,0.9999967813491821,488.8778381347656,292.87548828125,0.9999986886978149,493.560546875,209.74453735351562,0.9999998807907104,473.197509765625,193.37069702148438,0.9999997019767761,485.80889892578125,195.79542541503906,0.018759429454803467,486.30474853515625,193.73057556152344,0.9793301820755005,484.3144226074219,183.8285675048828,0.9999955892562866,476.395263671875,180.330322265625,0.9999973773956299,462.6910705566406,186.57614135742188,0.9999286532402039
191,686.4788818359375,302.41217041015625,0.9999989867210388,614.05419921875,270.2102966308594,0.9999999403953552,612.7147827148438,283.5148010253906,1.0,614.5537109375,253.60585021972656,0.9999998807907104,498.2721862792969,235.82867431640625,1.0,495.8588562011719,258.3565368652344,1.0,560.8418579101562,265.1763916015625,0.9999997615814209,497.881103515625,247.38729858398438,1.0,429.7055969238281,234.72808837890625,0.999998927116394,344.59222412109375,232.78077697753906,0.9999997615814209,599.1359252929688,234.4805145263672,0.9999938011169434,606.565673828125,225.83932495117188,1.0,609.0104370117188,214.16110229492188,1.0,617.3518676757812,216.49661254882812,0.9999998807907104,620.427490234375,223.64813232421875,0.9999998807907104,617.8173828125,230.02099609375,1.0,612.2754516601562,233.3368377685547,0.9999969005584717,611.56201171875,302.1094665527344,0.9999898672103882,627.6021118164062,305.009033203125,0.9981144666671753,511.73272705078125,293.8156433105469,0.0001118779182434082,475.8233947753906,180.91397094726562,0.00045862793922424316,604.9451293945312,214.75588989257812,0.0005843043327331543,682.699951171875,300.3674621582031,0.00022587180137634277,517.4332275390625,284.759521484375,0.0006704628467559814,510.7593078613281,280.4917297363281,0.9999982118606567,503.9232177734375,291.3460998535156,0.9999998807907104,509.6290283203125,288.69146728515625,0.9927031993865967,514.1895751953125,293.99530029296875,0.9999964833259583,513.1781616210938,301.1222229003906,0.9999983310699463,503.34698486328125,304.8630676269531,0.999996542930603,488.90557861328125,292.925048828125,0.9999986886978149,493.529296875,210.11532592773438,0.9999998807907104,473.51190185546875,193.6625518798828,0.9999996423721313,486.1044006347656,196.09613037109375,0.02574983239173889,486.156494140625,193.879638671875,0.9921048283576965,484.2685241699219,183.89236450195312,0.9999970197677612,476.2301940917969,180.16943359375,0.9999976754188538,462.4347839355469,186.95619201660156,0.999954104423523
192,685.6337280273438,301.6539306640625,0.9999984502792358,614.853271484375,269.9931640625,0.9999998807907104,614.241943359375,283.91009521484375,1.0,615.8099365234375,253.63153076171875,0.9999998807907104,498.6075744628906,235.61732482910156,1.0,495.7668762207031,258.6117858886719,1.0,561.2474975585938,265.50848388671875,0.9999998211860657,497.65167236328125,247.54391479492188,1.0,429.9214782714844,234.9045867919922,0.9999986886978149,344.6405029296875,232.971923828125,0.9999996423721313,599.6901245117188,234.787109375,0.9999923706054688,607.4287109375,226.5871124267578,1.0,608.7885131835938,214.19569396972656,1.0,617.2493896484375,216.50735473632812,0.9999998807907104,620.3955688476562,223.6808319091797,0.9999998211860657,617.8001708984375,230.12985229492188,0.9999998807907104,612.2229614257812,233.69607543945312,0.9999915361404419,611.7777709960938,302.1961669921875,0.9999948740005493,628.1873168945312,304.9714660644531,0.9981817007064819,512.248291015625,293.8000183105469,0.00014787912368774414,475.2439270019531,180.4423370361328,0.0012602508068084717,604.8543701171875,214.86178588867188,0.0006702244281768799,682.5853271484375,299.9342346191406,0.00017204880714416504,517.7058715820312,285.13995361328125,0.0003725886344909668,511.06768798828125,280.63629150390625,0.9999988079071045,504.35638427734375,291.41717529296875,1.0,510.305908203125,288.8102111816406,0.9904799461364746,514.9369506835938,293.8045959472656,0.9999951124191284,514.212158203125,301.15106201171875,0.9999987483024597,504.2640380859375,304.90435791015625,0.9999954700469971,489.3124694824219,292.9051208496094,0.9999988079071045,494.2518615722656,209.65516662597656,0.9999998807907104,473.430419921875,194.0863037109375,0.9999990463256836,485.2323913574219,195.47463989257812,0.08588135242462158,485.8397216796875,193.14865112304688,0.9942116141319275,483.2602233886719,183.48062133789062,0.999995768070221,475.1027526855469,180.65414428710938,0.9999955892562866,462.3889465332031,188.27711486816406,0.9999579191207886
193,687.0336303710938,302.0369567871094,0.9999982118606567,615.321044921875,270.22625732421875,0.9999999403953552,614.5516357421875,284.2209167480469,1.0,616.0989990234375,253.80982971191406,0.9999998807907104,499.5115966796875,235.50253295898438,1.0,496.979736328125,258.7086181640625,1.0,561.686767578125,265.9344787597656,0.9999998807907104,498.62744140625,247.7063751220703,1.0,431.3000183105469,234.925537109375,0.9999984502792358,345.3599853515625,232.9084930419922,0.9999994039535522,600.0619506835938,235.1839599609375,0.9999843835830688,607.4519653320312,226.6951446533203,1.0,608.4762573242188,214.41531372070312,1.0,617.0242309570312,216.47850036621094,0.9999999403953552,620.6456909179688,223.65126037597656,0.9999998807907104,617.9810180664062,230.27955627441406,0.9999998807907104,612.333251953125,233.9918670654297,0.9999883770942688,612.4674682617188,302.8612365722656,0.9999966621398926,628.1785278320312,304.9046936035156,0.9979659914970398,512.4154052734375,294.1433410644531,0.00018402934074401855,475.4755859375,180.08518981933594,0.0018290877342224121,604.6666870117188,214.93247985839844,0.0006327927112579346,682.5895385742188,300.6385192871094,8.657574653625488e-05,517.2462158203125,284.90203857421875,0.00034415721893310547,511.6593322753906,280.87835693359375,0.9999988079071045,504.1907958984375,291.55816650390625,1.0,510.1915588378906,289.06622314453125,0.9830451011657715,515.04443359375,293.95147705078125,0.9999925494194031,514.0901489257812,301.4969787597656,0.9999982714653015,504.2779235839844,305.2294921875,0.9999942779541016,489.2010192871094,292.81048583984375,0.9999991655349731,495.1029357910156,209.6233367919922,0.9999998807907104,473.7397766113281,194.35511779785156,0.9999986886978149,485.3637390136719,195.46759033203125,0.4568004608154297,485.2257385253906,192.95933532714844,0.999301016330719,482.8946838378906,183.2645721435547,0.9999986886978149,474.4626770019531,180.28030395507812,0.9999967217445374,462.32135009765625,188.4786834716797,0.9999693036079407
194,688.1815795898438,301.72515869140625,0.9999997615814209,615.704833984375,270.309326171875,0.9999998807907104,614.8912963867188,284.232421875,1.0,616.63232421875,253.69171142578125,0.9999998211860657,500.7987060546875,235.7431640625,1.0,497.7016906738281,258.79925537109375,1.0,562.4034423828125,266.2074279785156,0.9999998807907104,499.7615661621094,247.7193145751953,1.0,431.8519592285156,234.7303009033203,0.9999992251396179,346.6353759765625,233.66993713378906,0.9999992251396179,600.2147216796875,234.92544555664062,0.9999839067459106,607.4421997070312,226.71710205078125,1.0,608.6170654296875,214.30564880371094,0.9999999403953552,617.1353149414062,216.4606475830078,0.9999999403953552,620.501708984375,223.67225646972656,0.9999998807907104,618.0337524414062,230.30087280273438,0.9999998807907104,612.2697143554688,234.11087036132812,0.9999837875366211,611.784912109375,302.6168518066406,0.9999974966049194,628.08154296875,304.5374755859375,0.9984453916549683,512.6522216796875,294.0281982421875,0.00012439489364624023,475.77325439453125,179.80227661132812,0.00243261456489563,604.6781616210938,214.79336547851562,0.0006750226020812988,682.9404907226562,300.8403015136719,0.0001144707202911377,517.8121948242188,285.49053955078125,0.00014325976371765137,512.7947387695312,280.4148254394531,0.9999997019767761,503.74188232421875,291.4136962890625,1.0,509.2160949707031,288.6875,0.9610677361488342,514.6338500976562,294.451416015625,0.9999654293060303,513.661376953125,302.07928466796875,0.9999971389770508,504.2931823730469,305.5365905761719,0.9999954104423523,489.1521301269531,293.0635986328125,0.9999994039535522,496.0377197265625,210.04983520507812,0.9999998807907104,474.5164794921875,194.87261962890625,0.999998927116394,485.9873046875,195.7291259765625,0.6849860548973083,485.82061767578125,192.9105987548828,0.9997149705886841,483.1961975097656,182.94183349609375,0.9999990463256836,474.3307800292969,180.0312957763672,0.9999966621398926,462.0901794433594,188.98765563964844,0.9999794960021973
195,689.7093505859375,301.1896057128906,0.9999997019767761,616.1320190429688,270.0211486816406,0.9999999403953552,615.5667724609375,283.88671875,0.9999998807907104,617.1043701171875,253.54873657226562,0.9999995231628418,500.9051208496094,235.90097045898438,1.0,497.92047119140625,258.8694763183594,1.0,562.7492065429688,266.1511535644531,0.9999998807907104,499.8955078125,247.92135620117188,1.0,432.6175231933594,234.96600341796875,0.9999992251396179,347.98150634765625,234.7275390625,0.9999994039535522,600.70068359375,235.24398803710938,0.9999781847000122,607.3818359375,226.82150268554688,1.0,608.3797607421875,214.39817810058594,1.0,616.9727172851562,216.4741973876953,0.9999999403953552,620.2900390625,223.58824157714844,0.9999998807907104,618.1383666992188,230.30470275878906,0.9999998211860657,612.4651489257812,234.12322998046875,0.9999809861183167,612.0767211914062,302.489013671875,0.9999980330467224,628.8464965820312,304.5434875488281,0.9980970621109009,512.354736328125,294.0331115722656,0.00015094876289367676,476.16583251953125,180.14930725097656,0.0015683174133300781,604.6068725585938,214.88189697265625,0.0007818043231964111,682.505859375,300.90216064453125,8.979439735412598e-05,635.1845092773438,292.2894287109375,0.000141829252243042,513.117919921875,280.11480712890625,0.9999996423721313,503.6776123046875,291.33087158203125,1.0,509.15667724609375,288.5835266113281,0.9428749084472656,514.8322143554688,294.2517395019531,0.999962568283081,513.8450317382812,301.9233093261719,0.9999970197677612,504.65679931640625,305.4109191894531,0.9999938011169434,489.0067138671875,293.0218811035156,0.9999991655349731,496.6131286621094,210.44427490234375,0.9999998807907104,474.8460998535156,195.34075927734375,0.9999983310699463,486.498291015625,196.12399291992188,0.7465307712554932,485.6491394042969,193.3624725341797,0.999681830406189,482.802001953125,183.3586883544922,0.999998927116394,474.70245361328125,180.3113250732422,0.999996542930603,462.9954528808594,189.03509521484375,0.9999651908874512
196,691.1299438476562,300.7120361328125,0.9999998807907104,616.6438598632812,270.4454345703125,0.9999999403953552,616.3114013671875,283.98779296875,0.9999998807907104,617.3826293945312,253.71319580078125,0.9999996423721313,502.0608215332031,236.45223999023438,1.0,498.7872314453125,259.001220703125,1.0,563.3663330078125,265.99810791015625,0.9999999403953552,501.1083068847656,248.4359588623047,1.0,434.6240234375,235.632568359375,0.9999996423721313,350.6427001953125,237.16036987304688,0.9999997615814209,600.72802734375,235.1996612548828,0.9999823570251465,607.3349609375,226.93133544921875,1.0,608.6854858398438,214.35397338867188,1.0,617.044677734375,216.5052947998047,0.9999998807907104,620.2483520507812,223.73387145996094,0.9999998211860657,618.0463256835938,230.092529296875,0.9999998211860657,612.5070190429688,234.01797485351562,0.9999771118164062,611.5399780273438,302.2137756347656,0.9999982118606567,627.9702758789062,304.7485656738281,0.998769998550415,511.9797668457031,293.9509582519531,0.0001289844512939453,476.63702392578125,180.889892578125,0.001562356948852539,604.77392578125,214.84645080566406,0.000759422779083252,682.7601928710938,300.4380798339844,6.371736526489258e-05,634.4884643554688,292.3373718261719,0.00020903348922729492,513.1578979492188,280.37042236328125,0.9999997615814209,503.5381774902344,291.13665771484375,0.9999999403953552,508.96331787109375,288.4665222167969,0.922810435295105,514.4970703125,294.13226318359375,0.9999436736106873,513.850341796875,301.85296630859375,0.9999963641166687,504.6598815917969,305.56915283203125,0.9999939203262329,489.0009765625,292.9452209472656,0.9999991655349731,496.97869873046875,210.6578826904297,0.9999998807907104,475.0272521972656,195.66197204589844,0.9999986886978149,486.475341796875,196.43228149414062,0.806296706199646,486.04205322265625,193.54379272460938,0.9997261166572571,482.9939880371094,183.47842407226562,0.9999991059303284,475.4087219238281,180.79563903808594,0.9999977946281433,464.123046875,189.40550231933594,0.9999874830245972
197,691.8182983398438,300.96282958984375,0.9999998807907104,617.1735229492188,270.2957763671875,0.9999997615814209,616.1050415039062,285.0155944824219,0.9999999403953552,617.1769409179688,253.48257446289062,0.9999992847442627,503.3410949707031,236.40032958984375,1.0,499.26654052734375,259.24835205078125,1.0,564.1478881835938,266.1678771972656,0.9999999403953552,501.8098449707031,248.34315490722656,1.0,436.914306640625,236.2158203125,0.9999997019767761,350.0296936035156,236.990478515625,0.9999996423721313,600.8422241210938,235.02784729003906,0.9999762773513794,606.4281616210938,226.54502868652344,1.0,608.8980712890625,214.20472717285156,1.0,617.103271484375,216.43020629882812,0.9999998211860657,620.0523681640625,223.58070373535156,0.9999998807907104,617.9531860351562,229.91131591796875,0.9999998211860657,612.559814453125,233.8710174560547,0.9999566078186035,612.7213745117188,302.751220703125,0.9999986886978149,629.2780151367188,304.95379638671875,0.9968672394752502,511.82080078125,293.9870300292969,6.082653999328613e-05,477.390869140625,181.83602905273438,0.0008573234081268311,604.8402709960938,214.6792755126953,0.00045239925384521484,647.6721801757812,307.2431335449219,7.107853889465332e-05,645.2922973632812,304.7961730957031,0.00020518898963928223,513.37744140625,281.7469177246094,0.9999998807907104,503.019287109375,291.39813232421875,1.0,507.9081726074219,288.96685791015625,0.7752060294151306,514.5233764648438,294.7978515625,0.9991512298583984,513.5296630859375,302.4767761230469,0.9999812841415405,504.30987548828125,305.7384338378906,0.9999933838844299,488.5091552734375,292.9591064453125,0.9999992251396179,496.48980712890625,210.1022186279297,0.9999998807907104,475.9176940917969,196.41419982910156,0.9999985694885254,488.22381591796875,197.2806396484375,0.707261860370636,485.81500244140625,192.6161651611328,0.9990644454956055,483.7056884765625,184.28611755371094,0.9999979734420776,476.1565856933594,182.12973022460938,0.9999982714653015,465.3868103027344,190.54376220703125,0.9999921321868896
198,693.0670776367188,300.07415771484375,0.9999999403953552,617.4699096679688,269.91766357421875,0.9999998211860657,617.8267211914062,283.72979736328125,0.9999998807907104,617.1119995117188,253.07923889160156,0.9999992847442627,505.00042724609375,236.60452270507812,0.9999998807907104,499.8765563964844,259.3816833496094,1.0,564.6673583984375,266.3370056152344,0.9999998807907104,503.1131286621094,248.3126678466797,1.0,436.0546875,236.05735778808594,0.9999995827674866,350.5870361328125,237.6519775390625,0.9999997615814209,601.0966796875,234.7315216064453,0.9999665021896362,607.5040283203125,227.01141357421875,1.0,608.9512329101562,214.12802124023438,1.0,617.0399169921875,216.44825744628906,0.9999998807907104,619.9517211914062,223.62916564941406,0.9999997615814209,617.9168701171875,230.07394409179688,0.9999997615814209,612.59619140625,234.0644989013672,0.999931812286377,613.6513671875,303.04150390625,0.9999991655349731,630.0691528320312,305.1562194824219,0.9971951246261597,511.7758483886719,293.73065185546875,5.492568016052246e-05,478.2384338378906,182.3033447265625,0.0004906058311462402,604.8497314453125,214.79945373535156,0.0004401206970214844,466.5260009765625,191.93057250976562,0.0001607835292816162,635.9755859375,292.14666748046875,0.00018727779388427734,513.3226318359375,282.16400146484375,1.0,502.68670654296875,291.0311279296875,1.0,507.33233642578125,288.6903381347656,0.6465039253234863,514.4100952148438,294.8370056152344,0.9981008768081665,513.1320190429688,302.18011474609375,0.999975323677063,503.9850769042969,305.3456115722656,0.9999933838844299,488.4939880371094,292.34051513671875,0.9999991655349731,498.2417297363281,209.3610382080078,0.9999998807907104,478.16668701171875,196.82337951660156,0.9999999403953552,489.94586181640625,196.9799041748047,0.09498149156570435,488.669189453125,193.79327392578125,0.9984337091445923,487.62677001953125,184.59786987304688,0.9999929666519165,479.44354248046875,182.39376831054688,0.9999986886978149,465.06646728515625,190.6098175048828,0.9999988079071045
199,693.3787841796875,299.9642639160156,0.9999998807907104,618.0682373046875,269.5417175292969,0.9999998807907104,617.39306640625,284.47625732421875,0.9999999403953552,617.4896850585938,252.93270874023438,0.9999992251396179,505.25433349609375,236.25157165527344,0.9999998211860657,500.4732971191406,259.3135070800781,1.0,565.2801513671875,266.9713134765625,0.9999998807907104,504.17987060546875,248.159912109375,1.0,433.6457214355469,236.58447265625,0.9999995231628418,349.8121337890625,237.86492919921875,0.9999993443489075,601.2551879882812,235.27969360351562,0.9999659061431885,606.6867065429688,226.5247344970703,1.0,609.1875610351562,214.100341796875,0.9999998807907104,617.1919555664062,216.61749267578125,0.9999998807907104,619.8630981445312,223.7545166015625,0.9999997615814209,617.6952514648438,230.18687438964844,0.9999997615814209,612.4978637695312,233.9834747314453,0.9998630881309509,614.084716796875,302.9013671875,0.9999991059303284,629.0637817382812,305.5815124511719,0.9973382949829102,511.7669677734375,293.76165771484375,4.106760025024414e-05,608.9742431640625,210.79376220703125,0.00021141767501831055,605.0285034179688,214.5066680908203,0.00041916966438293457,682.1130981445312,300.78369140625,9.676814079284668e-05,635.8394775390625,291.92193603515625,0.0003663599491119385,513.4169921875,282.6256408691406,0.9999999403953552,502.6160888671875,290.97320556640625,0.9999998807907104,507.22393798828125,288.5450439453125,0.5108804702758789,514.2984008789062,294.9840393066406,0.9982649087905884,513.1248168945312,302.2851257324219,0.9999743103981018,504.1065673828125,305.2716979980469,0.9999946355819702,488.4025573730469,292.2489318847656,0.9999993443489075,500.9400939941406,208.79220581054688,0.9999997615814209,480.0805969238281,195.2818603515625,0.9999998807907104,494.3465881347656,197.05673217773438,0.0016467869281768799,491.4264221191406,193.55288696289062,0.809942364692688,488.315185546875,185.1288299560547,0.9998528957366943,481.54864501953125,184.1855010986328,0.9999994039535522,470.3117980957031,191.8577117919922,0.9999997615814209
200,694.6182250976562,300.16644287109375,0.9999998807907104,618.6196899414062,269.795166015625,0.9999998807907104,618.02294921875,284.2245788574219,0.9999998807907104,617.7941284179688,252.70472717285156,0.9999992847442627,506.33599853515625,236.3771514892578,0.9999999403953552,501.1178894042969,259.76715087890625,1.0,565.8480224609375,267.3673095703125,0.9999998211860657,505.3239440917969,248.39178466796875,1.0,434.9733581542969,237.1062774658203,0.9999997615814209,351.4235534667969,238.13180541992188,0.9999997615814209,601.4421997070312,234.95791625976562,0.9999736547470093,606.7896118164062,226.5245361328125,1.0,609.1705322265625,214.180908203125,1.0,617.2532958984375,216.77232360839844,0.9999998211860657,619.94091796875,223.81085205078125,0.9999997615814209,617.77197265625,230.15350341796875,0.9999997019767761,612.456298828125,233.63665771484375,0.999792218208313,614.22412109375,302.6524963378906,0.9999995827674866,630.8238525390625,304.89068603515625,0.998496413230896,631.46630859375,312.4485168457031,9.250640869140625e-05,609.037353515625,210.7936553955078,0.00020962953567504883,605.1420288085938,214.3158721923828,0.0004590153694152832,645.4927978515625,304.72821044921875,8.171796798706055e-05,635.2089233398438,291.4161376953125,0.00042495131492614746,513.0693359375,283.2921447753906,1.0,502.14910888671875,291.48150634765625,1.0,506.4307556152344,288.510986328125,0.30122530460357666,513.8174438476562,295.1199951171875,0.9978566765785217,512.662353515625,302.2485046386719,0.9999686479568481,503.9625244140625,305.5329284667969,0.9999927878379822,488.2558288574219,292.9348449707031,0.9999989867210388,503.9745178222656,207.50009155273438,0.9999982118606567,481.4088134765625,195.1951446533203,0.9999995827674866,611.0437622070312,225.20245361328125,7.468461990356445e-05,492.8363952636719,195.38807678222656,0.012330502271652222,489.9689636230469,185.93594360351562,0.9963372945785522,483.6408386230469,185.40005493164062,0.9999970197677612,472.32281494140625,190.6478729248047,0.9999978542327881
201,694.560546875,299.8570556640625,0.9999999403953552,619.4484252929688,270.2054138183594,0.9999999403953552,618.5384521484375,284.1227722167969,0.9999998807907104,618.71044921875,253.7268524169922,0.9999992251396179,507.6429138183594,236.95343017578125,0.9999998211860657,501.4539794921875,259.70343017578125,1.0,565.8308715820312,267.2381286621094,0.9999998807907104,506.1649169921875,248.22349548339844,1.0,437.8941955566406,237.22994995117188,0.9999997615814209,352.4076232910156,238.12850952148438,0.9999999403953552,601.9196166992188,235.30096435546875,0.9999713897705078,606.7496337890625,226.48019409179688,1.0,609.0363159179688,214.01754760742188,0.9999998807907104,617.1919555664062,216.68069458007812,0.9999998807907104,619.9298095703125,223.72023010253906,0.9999997615814209,617.8822631835938,230.11036682128906,0.9999995231628418,612.49462890625,233.74832153320312,0.9995852112770081,613.9939575195312,302.3047180175781,0.9999994039535522,631.3777465820312,304.63494873046875,0.9979343414306641,631.47900390625,312.24334716796875,5.21242618560791e-05,639.3967895507812,311.3330993652344,0.00013875961303710938,604.93212890625,214.36607360839844,0.0003230273723602295,645.1268310546875,304.195068359375,0.00011661648750305176,635.7215576171875,291.7261657714844,0.0004271864891052246,513.3297119140625,283.2321472167969,1.0,502.4834899902344,291.5479431152344,1.0,507.0670166015625,288.62799072265625,0.4829910695552826,514.4219360351562,295.3749084472656,0.9982543587684631,512.708740234375,302.5802001953125,0.9999688267707825,503.97747802734375,305.48828125,0.9999940395355225,488.4441833496094,292.7417297363281,0.9999991059303284,509.8254699707031,208.96510314941406,0.999998927116394,488.1688232421875,197.813720703125,0.9999971389770508,505.6643371582031,202.06246948242188,0.00012606382369995117,616.9498291015625,222.11746215820312,0.000839531421661377,490.74749755859375,189.61766052246094,0.21591946482658386,481.5444030761719,188.9491729736328,0.9957275390625,478.52178955078125,194.495849609375,0.9997597336769104
202,694.7280883789062,300.2223815917969,0.9999998807907104,619.8440551757812,270.2132568359375,0.9999999403953552,618.6767578125,284.2214050292969,0.9999998807907104,618.9284057617188,253.70013427734375,0.9999992251396179,509.01409912109375,238.28990173339844,0.9999998211860657,502.53466796875,259.9532775878906,1.0,566.5367431640625,267.5267333984375,0.9999998807907104,506.5968322753906,248.33755493164062,1.0,438.5319519042969,237.0812530517578,0.9999997019767761,353.5621032714844,239.32974243164062,1.0,602.0901489257812,235.60372924804688,0.9999788403511047,606.8350830078125,226.4069061279297,1.0,609.1825561523438,213.89883422851562,0.9999998807907104,617.30126953125,216.66163635253906,0.9999998211860657,620.0383911132812,223.61643981933594,0.9999997615814209,617.9238891601562,229.9602813720703,0.9999995231628418,612.5014038085938,233.60763549804688,0.9995400309562683,614.0576171875,302.4212341308594,0.999999463558197,629.5637817382812,305.1036376953125,0.9985811710357666,631.5245361328125,312.5364074707031,6.705522537231445e-05,639.4403686523438,311.6430358886719,0.0001538693904876709,605.2564086914062,214.2128448486328,0.00027316808700561523,645.050048828125,304.4898986816406,0.00016006827354431152,635.5853881835938,292.17486572265625,0.0007554292678833008,513.2554931640625,283.66131591796875,1.0,502.1585998535156,290.66619873046875,0.9999998807907104,505.9844055175781,287.5295104980469,0.13856902718544006,513.909912109375,294.6178283691406,0.9894884824752808,512.3898315429688,301.7315979003906,0.9999820590019226,503.8327941894531,304.81536865234375,0.9999968409538269,488.36358642578125,291.917236328125,0.9999992847442627,513.8640747070312,209.4547119140625,0.9999994039535522,492.6190490722656,196.82859802246094,0.9999971389770508,603.268310546875,227.2608184814453,7.811188697814941e-05,617.0200805664062,222.0904998779297,0.0007585287094116211,498.0380554199219,187.6883087158203,0.3226814866065979,485.5738525390625,186.02481079101562,0.9958798885345459,483.8968811035156,191.29962158203125,0.999830961227417
203,695.808349609375,300.3797912597656,0.9999998807907104,620.4232788085938,270.7154846191406,0.9999999403953552,619.5245361328125,284.1941833496094,0.9999998807907104,619.7755126953125,254.1002197265625,0.9999990463256836,509.8355407714844,237.7495880126953,0.9999998807907104,503.1588439941406,259.89874267578125,1.0,566.8863525390625,267.60467529296875,0.9999999403953552,506.7962951660156,247.926513671875,1.0,440.2727355957031,237.3328094482422,0.999999463558197,353.9578857421875,240.20152282714844,1.0,602.9884033203125,236.15594482421875,0.9999721050262451,606.693603515625,226.3960418701172,1.0,608.6160278320312,213.72792053222656,0.9999998807907104,616.7554321289062,216.443115234375,0.9999998807907104,619.9814453125,223.45631408691406,0.9999997615814209,617.9246215820312,230.04714965820312,0.9999994039535522,612.7540283203125,233.94485473632812,0.9994860887527466,614.5319213867188,302.4166259765625,0.9999994039535522,630.1649169921875,304.6632385253906,0.9983260035514832,631.820068359375,312.1575012207031,8.228421211242676e-05,608.745849609375,210.551025390625,0.0001742839813232422,604.7025146484375,214.0939178466797,0.00031831860542297363,645.3564453125,304.6144714355469,0.00014293193817138672,636.18017578125,292.16717529296875,0.0008186101913452148,512.9830932617188,283.3202819824219,1.0,502.22235107421875,290.5807800292969,1.0,505.728515625,287.2883605957031,0.08060440421104431,513.6849365234375,294.1931457519531,0.9918680191040039,512.3988647460938,301.5539855957031,0.9999874830245972,503.9725036621094,304.5202941894531,0.999996542930603,488.2286071777344,291.4725036621094,0.9999994039535522,517.5139770507812,210.85047912597656,0.9999971985816956,497.9552917480469,200.46670532226562,0.9999960660934448,603.5284423828125,227.0389862060547,8.597970008850098e-05,617.0840454101562,222.08526611328125,0.0008732080459594727,505.76385498046875,192.27999877929688,0.14637243747711182,499.47967529296875,192.86288452148438,0.9973690509796143,491.1296691894531,193.46673583984375,0.9999793767929077
204,696.5196533203125,300.7344970703125,0.9999997615814209,620.9470825195312,270.10009765625,0.9999998807907104,620.0842895507812,284.3671569824219,0.9999999403953552,620.0511474609375,253.8826904296875,0.9999989867210388,510.14154052734375,237.45681762695312,0.9999998807907104,503.0646667480469,259.2962646484375,1.0,567.1159057617188,267.5285949707031,0.9999999403953552,507.2846984863281,247.43653869628906,1.0,441.0474548339844,237.2165985107422,0.999997615814209,353.8747863769531,240.66168212890625,1.0,603.3981323242188,236.05599975585938,0.9999697804450989,607.3330688476562,226.56253051757812,0.9999998807907104,608.6251220703125,213.68997192382812,0.9999998807907104,616.9896850585938,216.3622283935547,0.9999998807907104,620.1553955078125,223.18923950195312,0.9999997615814209,618.2227172851562,229.83250427246094,0.9999994039535522,613.1729736328125,233.54112243652344,0.9994258880615234,615.1757202148438,302.5343322753906,0.9999992847442627,630.819580078125,304.40106201171875,0.998146116733551,632.4461059570312,311.9105224609375,9.772181510925293e-05,640.3502807617188,311.3100891113281,0.0001627206802368164,604.7037963867188,214.14236450195312,0.00022467970848083496,645.7081298828125,304.316162109375,0.00010022521018981934,636.6748657226562,292.04620361328125,0.0006760656833648682,513.4988403320312,283.47576904296875,0.9999999403953552,502.519287109375,291.1051330566406,0.9999998807907104,506.82708740234375,287.54547119140625,0.08042487502098083,514.1219482421875,294.5727233886719,0.9885224103927612,512.5341796875,302.2655944824219,0.9999780654907227,504.051025390625,304.34521484375,0.9999939203262329,488.49896240234375,291.823974609375,0.9999992847442627,519.9723510742188,211.39280700683594,0.9999988079071045,501.8890380859375,201.16741943359375,0.9999983310699463,611.4834594726562,225.0055694580078,9.426474571228027e-05,617.1919555664062,221.89419555664062,0.0008912384510040283,508.0794372558594,191.47372436523438,0.27569594979286194,503.2113342285156,193.1420440673828,0.9983785152435303,495.18463134765625,194.44744873046875,0.9999814033508301
205,696.7846069335938,300.08538818359375,0.9999997615814209,620.7276611328125,269.91912841796875,1.0,619.825927734375,284.3431091308594,0.9999998807907104,620.1934814453125,253.66062927246094,0.9999989867210388,510.6264343261719,236.4017333984375,0.9999999403953552,503.1108703613281,258.754150390625,1.0,567.5125122070312,267.53045654296875,0.9999998807907104,507.59942626953125,246.32046508789062,1.0,442.57904052734375,236.67724609375,0.9999978542327881,355.8987121582031,242.3523406982422,1.0,604.1047973632812,236.06134033203125,0.9999696612358093,607.1864624023438,226.0865478515625,0.9999999403953552,608.8705444335938,213.42254638671875,0.9999998807907104,617.216796875,216.1815185546875,0.9999998807907104,620.3024291992188,222.98345947265625,0.9999997615814209,618.3827514648438,229.73947143554688,0.9999990463256836,613.306396484375,233.01121520996094,0.9984407424926758,614.0459594726562,302.4440612792969,0.999999463558197,631.1873168945312,304.2570495605469,0.9986246824264526,631.2919311523438,312.1109313964844,0.00021255016326904297,639.6256713867188,311.722900390625,0.00032892823219299316,604.5587768554688,213.93008422851562,0.00018256902694702148,645.0775146484375,304.40911865234375,0.00021961331367492676,635.4188232421875,292.5051574707031,0.0012089014053344727,513.5501708984375,282.7113952636719,0.9999999403953552,502.5835876464844,291.1031799316406,0.9999998807907104,506.9103088378906,287.2241516113281,0.06511649489402771,514.1510620117188,294.350830078125,0.9880657196044922,512.3862915039062,302.2952880859375,0.9999806880950928,503.90728759765625,304.3963928222656,0.9999944567680359,488.4884033203125,291.47283935546875,0.9999992847442627,522.9803466796875,212.54432678222656,0.9999990463256836,503.3404846191406,201.44972229003906,0.9999991655349731,611.3525390625,224.92445373535156,7.963180541992188e-05,617.125244140625,221.74777221679688,0.0011405348777770996,513.8305053710938,194.4215545654297,0.40646079182624817,504.92401123046875,193.1885223388672,0.9977110624313354,496.3137512207031,193.02293395996094,0.9999586343765259
206,697.46728515625,299.5567626953125,0.9999996423721313,621.3744506835938,269.8938293457031,0.9999998807907104,620.5340576171875,284.0057373046875,0.9999998807907104,621.4840087890625,253.59088134765625,0.9999987483024597,510.8218688964844,236.88397216796875,0.9999998211860657,502.8506774902344,258.8983154296875,1.0,568.280029296875,267.4980163574219,0.9999997615814209,507.7045593261719,246.42059326171875,1.0,443.1076354980469,237.08119201660156,0.9999958276748657,356.72784423828125,243.00257873535156,1.0,604.5731811523438,236.16351318359375,0.9999576807022095,607.0703735351562,226.1180877685547,0.9999998807907104,608.6934204101562,213.607666015625,0.9999998807907104,617.1250610351562,216.3439178466797,0.9999998807907104,620.3610229492188,223.06968688964844,0.9999998211860657,618.3571166992188,229.75352478027344,0.9999988079071045,613.1647338867188,233.096435546875,0.9977446794509888,614.6234130859375,302.2862854003906,0.9999990463256836,631.4928588867188,304.39666748046875,0.9979733228683472,631.6658325195312,311.8215026855469,0.00011411309242248535,608.7210083007812,210.50375366210938,0.00020778179168701172,604.49365234375,213.94168090820312,0.0002880692481994629,644.9113159179688,304.59893798828125,0.0002135634422302246,634.9760131835938,292.90118408203125,0.0015101134777069092,513.5469360351562,282.97021484375,0.9999999403953552,502.76409912109375,291.1670837402344,0.9999998807907104,506.7872009277344,287.17657470703125,0.05789288878440857,514.2230834960938,294.6376037597656,0.9837257862091064,512.5990600585938,302.4654846191406,0.99997878074646,504.1336364746094,304.4483337402344,0.9999951124191284,488.8059997558594,291.8832702636719,0.9999994039535522,527.968017578125,214.87481689453125,0.9999997615814209,509.7369079589844,202.1641082763672,0.9999842643737793,603.31884765625,226.81834411621094,7.346272468566895e-05,617.0978393554688,221.8084259033203,0.0014553070068359375,611.7308349609375,214.15982055664062,0.031104087829589844,506.9967346191406,191.69219970703125,0.8932383060455322,501.186279296875,195.7357635498047,0.9973679780960083
207,697.4151000976562,299.2216491699219,0.9999996423721313,622.001953125,269.47894287109375,1.0,620.9109497070312,283.7831726074219,0.9999998807907104,622.2766723632812,253.669677734375,0.9999984502792358,511.3040771484375,238.20167541503906,0.9999997019767761,503.3785400390625,259.16131591796875,1.0,568.999267578125,267.6703796386719,0.9999997615814209,508.1291809082031,246.74002075195312,1.0,443.3773498535156,236.9397430419922,0.9999898076057434,357.4450378417969,243.23031616210938,1.0,604.9718017578125,236.6177215576172,0.9999611973762512,606.8896484375,226.23968505859375,0.9999998807907104,608.5843505859375,213.5166473388672,0.9999999403953552,617.05224609375,216.2937469482422,0.9999999403953552,620.2044067382812,222.97213745117188,0.9999998211860657,618.2339477539062,229.7230224609375,0.9999980926513672,613.1635131835938,233.09567260742188,0.9950553774833679,614.6851196289062,301.93109130859375,0.9999989867210388,630.3331298828125,304.4277648925781,0.997583270072937,631.4791870117188,311.7138671875,0.00012388825416564941,608.6940307617188,210.3490447998047,0.00027108192443847656,604.3197021484375,213.86776733398438,0.0003838837146759033,645.3412475585938,304.6071472167969,0.00021028518676757812,635.2059936523438,292.886474609375,0.0010724663734436035,513.4447631835938,283.9219970703125,0.9999998807907104,502.7243347167969,291.14569091796875,0.9999998807907104,506.4581604003906,286.7821350097656,0.027203112840652466,514.1533203125,294.583251953125,0.9625955820083618,512.6820678710938,302.3374938964844,0.9999592900276184,503.873046875,304.35150146484375,0.999992847442627,488.4709777832031,291.6730651855469,0.9999992847442627,532.9346923828125,217.25257873535156,0.9999997615814209,515.0677490234375,205.4515838623047,0.9999886751174927,603.2728271484375,226.78147888183594,6.693601608276367e-05,617.1228637695312,221.89463806152344,0.001388639211654663,521.8826293945312,196.2137908935547,0.12949970364570618,513.9412231445312,194.6102294921875,0.9972454309463501,507.0418701171875,198.17349243164062,0.9960911273956299
208,697.6795043945312,298.945068359375,0.999999463558197,622.339111328125,269.4712829589844,0.9999999403953552,621.5166625976562,283.4826354980469,0.9999997615814209,622.5924072265625,253.64865112304688,0.9999984502792358,511.89617919921875,238.6718292236328,0.9999995231628418,503.86260986328125,259.2943420410156,1.0,568.5873413085938,268.5232238769531,0.9999996423721313,508.7271728515625,247.3553009033203,1.0,442.3828430175781,237.37124633789062,0.9999923706054688,357.7869873046875,242.9361572265625,1.0,604.9839477539062,236.5529327392578,0.999964714050293,606.7803344726562,226.32574462890625,0.9999998807907104,608.5172119140625,213.53440856933594,0.9999998807907104,617.0299072265625,216.33126831054688,0.9999999403953552,620.1250610351562,222.96209716796875,0.9999998211860657,618.1097412109375,229.65740966796875,0.9999980926513672,613.19482421875,233.19354248046875,0.9930621385574341,615.108642578125,301.6891784667969,0.9999988079071045,631.2367553710938,303.744873046875,0.9984313249588013,631.5905151367188,311.5296936035156,0.0002669095993041992,640.3614501953125,311.2451171875,0.0003718435764312744,511.8783874511719,196.32342529296875,0.0025625526905059814,509.77349853515625,196.52764892578125,0.00024309754371643066,636.1441650390625,293.0136413574219,0.0015421509742736816,513.6572265625,284.22607421875,0.9999998807907104,502.74627685546875,291.0646057128906,0.9999998807907104,506.500732421875,286.47216796875,0.028216928243637085,514.2684326171875,294.64056396484375,0.9610172510147095,512.8536987304688,302.2091064453125,0.9999615550041199,503.817626953125,304.0435485839844,0.9999919533729553,488.3960266113281,291.4107666015625,0.9999995231628418,535.150634765625,217.5792999267578,0.9999997615814209,521.395263671875,201.28607177734375,0.9999933242797852,531.9004516601562,201.9205780029297,0.369054913520813,529.8305053710938,195.70899963378906,0.9860625267028809,523.9989013671875,187.40147399902344,0.9984292984008789,515.2977294921875,190.2679443359375,0.9998217821121216,510.0688171386719,196.54396057128906,0.9998586773872375
209,697.9182739257812,299.13397216796875,0.9999986886978149,623.3994140625,268.99176025390625,0.9999998807907104,622.1046142578125,283.0884094238281,0.9999998807907104,623.1831665039062,253.4449462890625,0.9999984502792358,512.6839599609375,238.3795166015625,0.9999997615814209,504.23675537109375,259.31842041015625,1.0,569.1583251953125,268.6519775390625,0.9999998807907104,509.0397033691406,247.5081787109375,1.0,443.35614013671875,236.9097137451172,0.99998939037323,357.6999206542969,242.50405883789062,1.0,605.2867431640625,236.63856506347656,0.9999622106552124,606.4404907226562,226.21192932128906,0.9999998807907104,608.3267822265625,213.4473876953125,0.9999998807907104,616.9496459960938,216.32229614257812,0.9999998807907104,620.0184326171875,222.66696166992188,0.9999998807907104,618.0123901367188,229.23681640625,0.9999967813491821,613.0773315429688,232.98641967773438,0.9834139347076416,616.1073608398438,301.8733215332031,0.9999973177909851,632.2710571289062,304.5704345703125,0.998403787612915,632.3775024414062,312.20037841796875,0.0001703202724456787,524.41162109375,188.66188049316406,0.00041669607162475586,517.5868530273438,194.73321533203125,0.0008592903614044189,516.0272216796875,195.58236694335938,0.00018548965454101562,637.5687255859375,293.5068359375,0.0019578933715820312,513.7689819335938,284.5769348144531,0.9999998807907104,502.6652526855469,291.0389709472656,0.9999998807907104,506.3067626953125,286.6401672363281,0.027572274208068848,514.2420043945312,294.67431640625,0.9681285619735718,512.51318359375,302.3349914550781,0.999954342842102,503.4906311035156,303.9901428222656,0.9999923706054688,488.4293212890625,291.1793212890625,0.9999995231628418,536.8756103515625,219.91046142578125,0.9999991655349731,527.1862182617188,202.03858947753906,0.9999971389770508,537.4447021484375,205.0222930908203,0.7461453676223755,537.1190185546875,197.94754028320312,0.972591757774353,532.9790649414062,190.18162536621094,0.9982702732086182,527.3933715820312,188.67950439453125,0.9995391964912415,517.313720703125,195.5645751953125,0.9999704360961914
210,698.369873046875,299.7261657714844,0.9999980926513672,623.0272827148438,269.79803466796875,0.9999999403953552,622.9212036132812,283.2516784667969,0.9999998807907104,623.161865234375,253.19912719726562,0.999998152256012,513.3621215820312,239.25119018554688,0.9999998807907104,503.9742736816406,258.73101806640625,1.0,569.5216674804688,269.0946350097656,0.9999997615814209,509.3902587890625,247.7943572998047,1.0,444.4904479980469,237.12640380859375,0.999995231628418,358.968017578125,243.0178985595703,1.0,605.7924194335938,237.08016967773438,0.9999603033065796,606.2991943359375,226.1892852783203,0.9999996423721313,607.8710327148438,213.4178009033203,0.9999998807907104,616.7467041015625,216.14698791503906,1.0,619.9403686523438,222.26141357421875,0.9999997615814209,618.0809936523438,228.90426635742188,0.9999948740005493,613.2520141601562,232.6986541748047,0.9780091643333435,616.900390625,301.68035888671875,0.9999948740005493,632.5838623046875,304.3790588378906,0.9977785348892212,632.0980834960938,311.86053466796875,0.00017204880714416504,531.3152465820312,188.52342224121094,0.0004993081092834473,526.6387329101562,197.08763122558594,0.0044515132904052734,524.6605224609375,196.42022705078125,0.0003657341003417969,638.0648803710938,293.2522277832031,0.0009147226810455322,514.058349609375,285.3100280761719,0.9999998807907104,502.98065185546875,291.87506103515625,0.9999998807907104,506.9398193359375,287.6165466308594,0.04455101490020752,514.3690795898438,295.1504821777344,0.9892810583114624,512.7979736328125,302.48724365234375,0.9999568462371826,503.9759826660156,304.03204345703125,0.9999887347221375,488.8330078125,292.04840087890625,0.9999995827674866,541.0910034179688,222.94058227539062,0.9999987483024597,533.7420654296875,203.85719299316406,0.9999988675117493,542.8473510742188,207.23968505859375,0.9959596395492554,543.30810546875,199.48287963867188,0.9993404746055603,539.4470825195312,192.22731018066406,0.9997140169143677,533.3201293945312,190.87156677246094,0.999950647354126,523.595703125,197.21722412109375,0.9999825954437256
211,698.1768188476562,299.7977600097656,0.9999934434890747,624.318115234375,269.58111572265625,1.0,624.2205200195312,283.0017395019531,1.0,623.7294921875,252.28652954101562,0.9999984502792358,514.3307495117188,239.6551513671875,0.9999998211860657,504.3428039550781,259.10986328125,1.0,570.47119140625,268.66046142578125,0.9999997615814209,509.85986328125,248.03602600097656,0.9999998807907104,445.79876708984375,237.11000061035156,0.9999961853027344,359.93560791015625,243.6394805908203,1.0,606.7157592773438,237.69204711914062,0.9999665021896362,606.6282348632812,226.24826049804688,0.9999998211860657,606.6713256835938,213.2543182373047,1.0,616.12060546875,215.74807739257812,1.0,619.905517578125,221.95323181152344,0.9999997615814209,618.11328125,228.45986938476562,0.9999934434890747,613.0258178710938,232.4538116455078,0.9837383031845093,618.8160400390625,301.60504150390625,0.999994695186615,634.6104736328125,303.2911071777344,0.998586893081665,633.7393798828125,311.6158752441406,0.0007633864879608154,643.50634765625,310.2514953613281,0.0010853707790374756,531.1080322265625,194.8689727783203,0.0012691915035247803,530.2075805664062,198.5926513671875,0.0001131892204284668,640.6063232421875,291.8941650390625,0.0005513429641723633,513.8571166992188,285.1939697265625,0.9999997615814209,502.91888427734375,291.3374328613281,0.9999999403953552,506.9358825683594,287.090576171875,0.04540148377418518,514.1859130859375,294.8028869628906,0.9901682138442993,512.8360595703125,302.1546630859375,0.9999663829803467,503.81976318359375,304.0358581542969,0.9999926090240479,488.7884216308594,291.7496337890625,0.9999996423721313,542.7594604492188,224.69955444335938,0.9999974966049194,540.5991821289062,204.49111938476562,0.9999986886978149,548.868896484375,208.04953002929688,0.9979172348976135,549.4989013671875,198.60455322265625,0.9993486404418945,546.4712524414062,191.50254821777344,0.9999226331710815,539.6162109375,190.76939392089844,0.9998854398727417,529.9743041992188,197.42202758789062,0.999925434589386
212,698.8098754882812,297.72369384765625,0.999987006187439,625.5657958984375,269.26275634765625,0.9999999403953552,625.6082763671875,282.2687072753906,0.9999998807907104,624.9765014648438,253.02833557128906,0.9999992251396179,515.719482421875,240.1273193359375,0.9999998807907104,504.80474853515625,258.7480773925781,1.0,571.752197265625,269.36187744140625,0.9999996423721313,510.8153076171875,248.31101989746094,0.9999998807907104,445.6226806640625,236.82839965820312,0.9999967217445374,360.5579528808594,243.63653564453125,1.0,607.0615844726562,237.88719177246094,0.999976396560669,606.0260009765625,226.17909240722656,0.9999998807907104,606.9706420898438,213.50132751464844,0.9999998807907104,616.1314697265625,216.20840454101562,1.0,619.5154418945312,222.04373168945312,0.9999995827674866,617.7997436523438,228.55906677246094,0.999987006187439,613.2940063476562,232.49684143066406,0.9631150364875793,622.2886352539062,300.8111877441406,0.9999954104423523,637.999267578125,302.3755798339844,0.9994117021560669,636.5208740234375,311.1377258300781,0.001843184232711792,643.5181274414062,310.9339599609375,0.001210033893585205,540.5613403320312,199.1271514892578,0.00385129451751709,663.0217895507812,307.4850769042969,8.83936882019043e-05,643.1182861328125,291.19891357421875,0.000926971435546875,513.6241455078125,285.2547607421875,0.9999997615814209,502.8398132324219,291.2453308105469,0.9999999403953552,506.6720275878906,286.8482360839844,0.03399580717086792,513.864501953125,294.5598449707031,0.993492841720581,513.0560913085938,302.14337158203125,0.9999794363975525,503.8011169433594,304.4108581542969,0.9999942779541016,488.587890625,291.4744873046875,0.9999996423721313,543.924560546875,228.63653564453125,0.9999997615814209,548.486572265625,206.99163818359375,0.9999994039535522,554.7785034179688,213.5421600341797,0.9988771677017212,559.5419311523438,205.83656311035156,0.9211248159408569,554.8944702148438,196.91029357910156,0.9984482526779175,548.634521484375,194.39431762695312,0.9999047517776489,536.4215087890625,199.7283477783203,0.9996954202651978
213,699.2310180664062,296.69256591796875,0.9999970197677612,627.0731201171875,268.89385986328125,1.0,627.1262817382812,281.8069763183594,0.9999998807907104,625.9957885742188,252.83766174316406,0.9999994039535522,517.3480224609375,240.628173828125,0.9999998211860657,505.50579833984375,258.9210205078125,1.0,573.3236694335938,268.9222412109375,0.999998927116394,512.1784057617188,248.18865966796875,0.9999998807907104,446.0924987792969,236.80758666992188,0.9999972581863403,360.642333984375,243.21484375,1.0,607.9527587890625,237.93988037109375,0.9999874830245972,606.1299438476562,226.46482849121094,0.9999998807907104,607.0194702148438,213.39337158203125,0.9999999403953552,616.1358032226562,216.34600830078125,0.9999998807907104,619.7510986328125,222.16273498535156,0.999999463558197,618.0313720703125,228.6195831298828,0.9999746084213257,613.2538452148438,232.81436157226562,0.9429644346237183,623.5411376953125,299.9192810058594,0.999986469745636,640.4688720703125,301.0708312988281,0.9994824528694153,639.2393188476562,309.39776611328125,0.0011296272277832031,645.2083740234375,310.6346435546875,0.0017853379249572754,545.438720703125,197.64918518066406,0.0011461973190307617,544.9024658203125,198.67698669433594,0.00019985437393188477,644.72705078125,290.3271789550781,0.002360403537750244,513.7839965820312,284.6817626953125,0.9999996423721313,502.9844055175781,291.10687255859375,0.9999998807907104,506.68603515625,286.3048400878906,0.03369233012199402,513.8151245117188,294.1558837890625,0.9971473813056946,512.8848266601562,302.01708984375,0.999983549118042,503.71502685546875,304.15802001953125,0.9999958276748657,488.7776794433594,291.32366943359375,0.9999997019767761,546.4168701171875,229.7646484375,1.0,553.0458984375,206.80810546875,0.9999995231628418,558.9295043945312,213.1997833251953,0.999911367893219,564.041748046875,206.00375366210938,0.9939936399459839,560.2418823242188,196.45494079589844,0.9999947547912598,556.23779296875,193.4065704345703,0.9999467134475708,542.1491088867188,197.18641662597656,0.9999808073043823
214,700.61767578125,295.1947937011719,0.9999996423721313,627.1348266601562,267.54583740234375,0.9999998807907104,627.434326171875,280.8955383300781,0.9999998807907104,626.6458129882812,252.16262817382812,0.9999992251396179,518.414794921875,241.20787048339844,0.9999997019767761,505.8031005859375,259.0480651855469,1.0,574.7196044921875,268.9034118652344,0.999998927116394,512.8907470703125,248.32888793945312,0.9999998807907104,447.19891357421875,236.99493408203125,0.9999943375587463,361.5517578125,243.52174377441406,0.9999999403953552,607.6796264648438,238.18797302246094,0.999995768070221,607.2398681640625,226.44772338867188,0.9999998807907104,606.9463500976562,213.12428283691406,0.9999999403953552,616.0996704101562,216.5948944091797,1.0,619.4089965820312,222.0851593017578,0.9999996423721313,617.876953125,228.34719848632812,0.999971330165863,612.506103515625,232.66429138183594,0.8029954433441162,628.3331298828125,299.0458679199219,0.9999980926513672,647.4749145507812,299.2413330078125,0.9998296499252319,645.9715576171875,307.0969543457031,0.009011983871459961,651.6967163085938,308.3044738769531,0.011796325445175171,556.3858032226562,198.3258514404297,0.00016987323760986328,661.95556640625,303.59356689453125,7.137656211853027e-05,651.7193603515625,289.8827819824219,0.004002988338470459,513.61279296875,283.8672180175781,0.9999993443489075,503.03936767578125,290.8880920410156,0.9999998807907104,507.20806884765625,285.7594299316406,0.05568975210189819,514.022705078125,293.37335205078125,0.998162031173706,513.0997924804688,301.09100341796875,0.9999769330024719,503.6199951171875,303.65380859375,0.9999938607215881,488.9811096191406,291.2501525878906,0.9999996423721313,549.5457153320312,229.6832275390625,1.0,559.8544921875,208.65574645996094,0.9999998807907104,565.9947509765625,218.52078247070312,0.9999940395355225,573.19287109375,209.0323944091797,0.9999892711639404,572.2593994140625,200.0145263671875,0.9999982714653015,565.4483642578125,194.45872497558594,0.9999998807907104,550.5156860351562,197.30055236816406,0.9999980926513672
215,702.0243530273438,294.13714599609375,0.9999996423721313,627.3582153320312,266.8153381347656,0.9999999403953552,627.59326171875,280.1566162109375,0.9999998807907104,626.6728515625,251.3185272216797,0.9999990463256836,519.1695556640625,241.5176544189453,0.9999995827674866,506.4605407714844,259.0132141113281,1.0,574.8750610351562,269.8623046875,0.9999985098838806,513.7210083007812,248.3448028564453,0.9999998807907104,447.83905029296875,236.92173767089844,0.9999890327453613,360.7614440917969,243.58120727539062,1.0,607.5301513671875,237.005859375,0.9999954700469971,607.84423828125,226.30104064941406,0.9999998807907104,607.222412109375,214.1623992919922,0.9999998211860657,616.0074462890625,216.94012451171875,0.9999998807907104,619.1425170898438,222.28900146484375,0.9999995827674866,617.5640258789062,228.409423828125,0.9999309778213501,612.51318359375,231.98011779785156,0.5683552622795105,630.7612915039062,298.86944580078125,0.9999983310699463,652.7581176757812,300.0374450683594,0.9996674060821533,650.75927734375,307.2066650390625,0.10095563530921936,660.4331665039062,309.5578308105469,0.05890786647796631,662.0133056640625,307.7541198730469,0.0007636845111846924,663.3119506835938,302.59674072265625,0.00033906102180480957,655.4629516601562,289.9440612792969,0.0046083927154541016,513.7542724609375,284.04241943359375,0.9999992847442627,503.0776672363281,290.6682434082031,0.9999997615814209,507.2259826660156,285.0465087890625,0.03124096989631653,513.6279296875,292.73345947265625,0.9958933591842651,512.530029296875,300.35675048828125,0.9999797344207764,503.44049072265625,303.1288757324219,0.999993085861206,489.1475830078125,290.8374328613281,0.9999995827674866,551.5196533203125,229.5977783203125,0.9999997615814209,563.1609497070312,211.8529510498047,0.9999998807907104,568.7681274414062,220.4200439453125,0.9999066591262817,575.69287109375,213.4665985107422,0.9999581575393677,576.6390991210938,203.9139404296875,0.9999921321868896,570.35888671875,199.32420349121094,0.9999959468841553,554.6668090820312,199.6939697265625,0.9999244213104248
216,703.6317138671875,293.51324462890625,0.9999998807907104,628.3538208007812,266.6548156738281,0.9999998807907104,628.7389526367188,280.0736999511719,0.9999998807907104,626.4943237304688,251.04592895507812,0.9999991059303284,519.677978515625,242.31295776367188,0.9999997615814209,507.0084533691406,259.1704406738281,1.0,575.8262329101562,270.2515563964844,0.9999988079071045,514.3609008789062,249.0120391845703,1.0,448.4894104003906,237.16683959960938,0.9999877214431763,360.3553161621094,243.59561157226562,0.9999999403953552,607.3477783203125,237.00942993164062,0.9999961853027344,606.084716796875,226.452392578125,0.9999997615814209,607.4421997070312,212.95489501953125,0.9999997615814209,615.8942260742188,216.77467346191406,0.9999998807907104,619.1219482421875,222.2382049560547,0.9999997615814209,617.2705688476562,228.41497802734375,0.9999653697013855,612.8331298828125,232.14764404296875,0.5489754676818848,632.275634765625,300.17816162109375,0.9999913573265076,651.4437255859375,301.3479919433594,0.9973106980323792,580.0529174804688,212.34381103515625,0.0021819472312927246,658.9602661132812,310.5108947753906,0.0009773969650268555,565.0632934570312,207.7889862060547,0.00011321902275085449,658.242919921875,295.624755859375,0.0002529919147491455,655.5335083007812,290.7604675292969,0.03398776054382324,514.0347900390625,284.8520812988281,0.9999996423721313,503.3026123046875,290.43255615234375,0.9999997615814209,507.3027648925781,284.92852783203125,0.028905868530273438,513.8770141601562,292.9997253417969,0.9971165657043457,512.6817016601562,300.3991394042969,0.9999829530715942,503.6681823730469,303.13494873046875,0.9999955892562866,488.88848876953125,290.5700988769531,0.9999995231628418,552.5316772460938,230.5586700439453,0.9999988079071045,566.7434692382812,212.68222045898438,0.9999994039535522,571.3204956054688,222.2673797607422,0.9996306300163269,579.0224609375,215.89688110351562,0.9998061656951904,581.3778076171875,205.0666961669922,0.9999867677688599,572.617431640625,201.96014404296875,0.9999724626541138,556.3131713867188,202.6119384765625,0.9998966455459595
217,704.2767944335938,293.2748107910156,1.0,628.8652954101562,265.5086669921875,0.9999999403953552,630.6506958007812,279.5196533203125,0.9999997615814209,626.1617431640625,249.99072265625,0.9999988079071045,520.1829223632812,242.78819274902344,0.9999994039535522,507.6925964355469,259.4106140136719,1.0,577.1600952148438,269.7861328125,0.9999985694885254,514.9677734375,249.53269958496094,1.0,449.114013671875,236.78892517089844,0.9999866485595703,360.2776184082031,243.51768493652344,1.0,606.7426147460938,236.13331604003906,0.9999972581863403,608.110107421875,227.04490661621094,0.9999994039535522,606.9317626953125,213.84805297851562,0.9999995231628418,615.6936645507812,216.65374755859375,0.9999999403953552,619.1566162109375,221.98439025878906,0.9999997019767761,617.0504150390625,228.3966827392578,0.9999654293060303,612.1346435546875,234.13653564453125,0.6022799611091614,638.7196044921875,300.904052734375,0.9999962449073792,654.10595703125,303.78924560546875,0.9998655915260315,652.6199340820312,310.6633605957031,0.008391857147216797,660.248046875,311.4989013671875,0.0044262707233428955,661.8008422851562,307.7584533691406,0.0004347860813140869,662.1424560546875,301.99462890625,0.0005986690521240234,657.8080444335938,292.90362548828125,0.047308534383773804,514.2965087890625,285.0972595214844,0.9999996423721313,503.4269104003906,290.51824951171875,0.9999997615814209,507.2742004394531,285.0001525878906,0.021122008562088013,513.7386474609375,293.22698974609375,0.9977887868881226,512.76904296875,300.2778625488281,0.9999886155128479,503.6709899902344,303.1954650878906,0.9999955892562866,488.69677734375,290.50274658203125,0.999999463558197,553.1393432617188,230.59205627441406,0.9999811053276062,570.243896484375,214.1017303466797,0.999987781047821,573.7556762695312,222.57496643066406,0.9996600151062012,581.584228515625,217.0267333984375,0.9997457265853882,583.0615234375,207.11669921875,0.9999785423278809,575.0501708984375,202.31265258789062,0.9999376535415649,558.1278076171875,204.05499267578125,0.9999040365219116
218,704.69091796875,292.602783203125,1.0,630.6541748046875,264.8748474121094,0.9999998807907104,631.7936401367188,280.1469421386719,0.9999995231628418,626.8157958984375,250.0264129638672,0.9999985098838806,520.2604370117188,242.83590698242188,0.9999995231628418,508.1174011230469,259.0724792480469,1.0,576.739990234375,269.7955627441406,0.9999983310699463,515.080810546875,249.60092163085938,1.0,448.88409423828125,236.8783416748047,0.9999898076057434,360.79833984375,243.13963317871094,0.9999998807907104,606.7225952148438,235.52523803710938,0.9999960660934448,605.820556640625,226.5631103515625,0.999999463558197,605.7506713867188,212.61221313476562,0.9999991655349731,615.3617553710938,216.3362274169922,0.9999998807907104,619.0115966796875,221.8365478515625,0.9999997019767761,616.5986938476562,227.8973846435547,0.9999679327011108,611.303466796875,233.8573455810547,0.6211309432983398,639.8627319335938,299.29144287109375,0.9999985694885254,655.3068237304688,303.50823974609375,0.9999541640281677,654.5062866210938,310.3850402832031,0.031478703022003174,660.8897094726562,310.04327392578125,0.005870223045349121,663.661376953125,306.8861389160156,0.00017821788787841797,664.325927734375,299.3907165527344,0.00017389655113220215,658.3330688476562,292.9649963378906,0.004678219556808472,514.6736450195312,284.69970703125,0.9999992847442627,503.51220703125,290.877685546875,0.9999996423721313,507.9173889160156,285.04595947265625,0.026488304138183594,514.0283813476562,293.2496643066406,0.9985352754592896,513.0242919921875,300.6444091796875,0.9999896287918091,503.92047119140625,303.4821472167969,0.9999953508377075,488.9988708496094,290.5610046386719,0.9999995231628418,553.9860229492188,231.5210723876953,0.999936580657959,573.7785034179688,214.90280151367188,0.9999464154243469,576.6748657226562,225.13092041015625,0.9983493089675903,586.4290771484375,218.72573852539062,0.9989901781082153,587.38623046875,208.6408233642578,0.9999589920043945,577.5103149414062,203.70594787597656,0.9993786811828613,560.1109008789062,203.48605346679688,0.9994254112243652
219,704.578125,291.5390625,1.0,631.5415649414062,264.2686767578125,0.9999997615814209,633.5465087890625,279.5175476074219,0.9999994039535522,627.0015869140625,249.89955139160156,0.9999985694885254,520.6544799804688,242.44314575195312,0.9999994039535522,508.3336486816406,258.773681640625,1.0,578.4688110351562,269.7930603027344,0.999998927116394,515.2164916992188,249.18080139160156,1.0,449.6329650878906,236.8218994140625,0.9999926090240479,360.6792297363281,243.3166046142578,0.9999998807907104,606.9933471679688,235.4266815185547,0.9999978542327881,605.848876953125,226.18275451660156,0.9999986886978149,604.6696166992188,212.49220275878906,0.9999984502792358,614.8482666015625,215.8743133544922,0.9999998211860657,619.0283813476562,221.33555603027344,0.9999996423721313,616.5687255859375,227.4176025390625,0.9999462366104126,611.1895751953125,233.7648162841797,0.505511462688446,641.7638549804688,298.8490295410156,0.9999992251396179,660.3294067382812,304.29071044921875,0.9998253583908081,661.8358764648438,311.0432434082031,0.00883069634437561,667.1494140625,309.11669921875,0.0015191435813903809,672.7733764648438,307.335693359375,0.00022095441818237305,671.04541015625,301.4745788574219,0.001169353723526001,668.1712036132812,301.3066101074219,0.002632349729537964,514.68505859375,284.1134338378906,0.9999994039535522,503.56719970703125,290.79931640625,0.9999997019767761,507.7987976074219,284.89208984375,0.027553170919418335,514.05224609375,293.1956787109375,0.9989277124404907,513.2198486328125,300.6833801269531,0.9999900460243225,503.9891357421875,303.58050537109375,0.9999942779541016,488.9902038574219,290.6601867675781,0.9999994039535522,554.8187866210938,230.88279724121094,0.9999363422393799,575.6102905273438,216.10252380371094,0.999944269657135,578.2244262695312,225.93772888183594,0.9994021654129028,588.15771484375,219.52679443359375,0.9997570514678955,589.2528686523438,209.06715393066406,0.9999932646751404,579.0196533203125,203.55712890625,0.9999291896820068,561.2088623046875,204.74185180664062,0.9997700452804565
220,705.1869506835938,290.5774230957031,1.0,632.7008666992188,263.65887451171875,0.9999997615814209,633.5765380859375,279.3311462402344,0.9999994039535522,627.4067993164062,249.8875274658203,0.9999963045120239,521.2990112304688,242.7896270751953,0.9999992847442627,509.2447204589844,259.3382873535156,0.9999998807907104,577.609619140625,270.1407775878906,0.9999993443489075,515.8319702148438,249.481201171875,1.0,450.75982666015625,237.23757934570312,0.9999943971633911,361.460205078125,243.3276824951172,0.9999998807907104,607.2865600585938,234.70870971679688,0.9999970197677612,605.9869995117188,226.08108520507812,0.9999986290931702,604.783935546875,212.01170349121094,0.9999975562095642,615.0599975585938,215.67237854003906,0.9999997019767761,619.2026977539062,221.43026733398438,0.9999996423721313,616.5908813476562,227.3380584716797,0.9999557733535767,610.8331298828125,233.57667541503906,0.43051862716674805,642.4134521484375,299.0108337402344,0.9999997615814209,662.5731201171875,304.8235778808594,0.9999515414237976,663.1746215820312,311.8724060058594,0.06529578566551208,667.7323608398438,310.36602783203125,0.01509818434715271,673.3670043945312,308.26898193359375,0.0009453296661376953,671.822021484375,301.318359375,0.003463566303253174,668.9629516601562,300.1325988769531,0.00904935598373413,514.725830078125,284.74505615234375,0.9999997019767761,503.36114501953125,290.5260009765625,0.9999997615814209,580.3968505859375,212.4849090576172,0.017449915409088135,514.476806640625,293.50299072265625,0.9959826469421387,513.54052734375,300.7778625488281,0.9999775886535645,504.0714416503906,303.9494934082031,0.9999923706054688,488.8156433105469,290.8786315917969,0.9999994039535522,555.6881103515625,230.8903045654297,0.9999638795852661,575.1990356445312,215.75274658203125,0.9999731779098511,579.8297119140625,225.5244598388672,0.9998719692230225,589.1622314453125,219.18325805664062,0.9999152421951294,590.1517333984375,208.45468139648438,0.9999954104423523,580.7479858398438,202.78140258789062,0.9999290704727173,562.5640869140625,204.06005859375,0.9998505115509033
221,704.6511840820312,289.1506652832031,1.0,631.5802612304688,263.2026062011719,0.9999997615814209,631.9226684570312,279.0002746582031,0.9999988079071045,626.8792114257812,249.67935180664062,0.9999973773956299,521.6585083007812,243.0342254638672,0.9999994039535522,509.4579162597656,259.5798645019531,0.9999998807907104,577.9374389648438,270.2425537109375,0.9999994039535522,516.0479125976562,249.66310119628906,1.0,451.039306640625,237.29600524902344,0.9999955892562866,361.77667236328125,243.26438903808594,0.9999998807907104,606.7857666015625,234.63304138183594,0.9999974966049194,606.048095703125,226.06155395507812,0.9999983310699463,604.5606079101562,212.3419189453125,0.9999973773956299,614.993408203125,215.82286071777344,0.9999997615814209,619.031494140625,221.52919006347656,0.9999996423721313,616.3954467773438,227.40853881835938,0.9999476671218872,610.846923828125,233.3040008544922,0.2585294544696808,643.2316284179688,298.47393798828125,0.999999463558197,665.2874755859375,304.5921630859375,0.9999328851699829,663.5506591796875,311.84942626953125,0.45087432861328125,672.1994018554688,310.85333251953125,0.05024576187133789,675.1044921875,308.2550354003906,0.009607911109924316,673.9134521484375,300.4430236816406,0.052709370851516724,670.0916137695312,299.6180725097656,0.1516704559326172,514.658447265625,284.7560729980469,0.9999996423721313,503.2952880859375,290.729736328125,0.9999997615814209,580.0653686523438,212.4072265625,0.02563062310218811,514.4550170898438,293.6441345214844,0.9969877600669861,513.1941528320312,300.8028259277344,0.9999798536300659,503.91937255859375,303.9362487792969,0.999994158744812,488.9396057128906,291.0254821777344,0.999999463558197,555.935546875,231.0507049560547,0.999972939491272,575.1406860351562,215.7185516357422,0.9999763369560242,579.7227172851562,225.43792724609375,0.9999030828475952,588.6596069335938,219.07403564453125,0.9999256134033203,589.80615234375,208.47088623046875,0.9999966025352478,580.7578125,202.7437744140625,0.9999604821205139,562.7903442382812,203.93666076660156,0.9999055862426758
222,704.4669799804688,288.29345703125,1.0,632.4771728515625,264.2144470214844,0.9999997615814209,632.703125,278.6271667480469,0.9999994039535522,627.301025390625,249.1158447265625,0.9999979734420776,522.2405395507812,242.95840454101562,0.9999994039535522,509.65570068359375,259.6122741699219,0.9999998807907104,577.9961547851562,270.2789611816406,0.9999994039535522,516.4502563476562,249.6570587158203,1.0,451.6133117675781,237.15261840820312,0.9999963045120239,361.8023986816406,243.310791015625,0.9999998807907104,607.2146606445312,234.63128662109375,0.9999977350234985,605.9522705078125,225.9181365966797,0.9999985694885254,604.420654296875,212.5960693359375,0.9999986886978149,614.7119750976562,215.68345642089844,0.9999998807907104,618.93603515625,221.4745635986328,0.9999995827674866,616.3563232421875,227.5306854248047,0.9999353885650635,610.8609008789062,233.3560791015625,0.2974354326725006,644.3460693359375,298.47711181640625,0.9999997019767761,667.3936157226562,304.17974853515625,0.9999399185180664,665.0634765625,311.8670654296875,0.5678892731666565,672.6701049804688,311.44561767578125,0.0978420078754425,675.9020385742188,308.5982971191406,0.021215170621871948,675.0618286132812,300.2123107910156,0.1767997145652771,671.0559692382812,299.4527893066406,0.5068780779838562,514.733642578125,284.279296875,0.9999996423721313,503.07904052734375,290.4610900878906,0.9999997019767761,507.5610046386719,284.8440856933594,0.014910787343978882,514.4777221679688,293.3514404296875,0.9976285696029663,512.9431762695312,300.60491943359375,0.9999802112579346,503.6727600097656,303.5923156738281,0.9999949932098389,488.7600402832031,290.7383117675781,0.9999994039535522,556.088134765625,231.341064453125,0.9999771118164062,575.9605712890625,215.54318237304688,0.9999757409095764,578.9265747070312,225.8289031982422,0.9999576807022095,587.912109375,219.6663055419922,0.9999570846557617,589.1658935546875,208.7711181640625,0.9999983310699463,579.663818359375,203.019775390625,0.9999884366989136,562.1859741210938,204.0897674560547,0.9999480247497559
223,704.480224609375,288.1796875,1.0,632.1398315429688,263.85546875,0.9999997615814209,632.6443481445312,278.2476501464844,0.9999994039535522,627.0367431640625,248.55877685546875,0.9999979138374329,522.1939697265625,242.89022827148438,0.9999992847442627,509.70404052734375,259.5806884765625,0.9999999403953552,578.4174194335938,269.75714111328125,0.9999991655349731,516.5111694335938,249.6634979248047,1.0,451.875244140625,237.1009063720703,0.9999961853027344,362.4489440917969,243.45672607421875,0.9999998807907104,607.0584716796875,234.4891357421875,0.9999986290931702,606.1369018554688,225.6988067626953,0.9999986886978149,604.4306030273438,212.77392578125,0.9999988079071045,614.6399536132812,215.86672973632812,0.9999998807907104,618.787109375,221.63583374023438,0.9999994039535522,616.29443359375,227.34164428710938,0.9999054670333862,610.8485717773438,233.04075622558594,0.17529624700546265,643.8544921875,297.32171630859375,0.9999996423721313,666.7618408203125,303.33660888671875,0.9999516010284424,663.9606323242188,311.47149658203125,0.822303295135498,672.1209106445312,311.2431640625,0.17761120200157166,675.1766357421875,308.68707275390625,0.09266942739486694,674.3140869140625,299.93695068359375,0.4684579074382782,670.2760620117188,298.24578857421875,0.6598440408706665,514.8367309570312,283.94384765625,0.9999995827674866,503.0180358886719,290.6234130859375,0.9999997615814209,579.1278076171875,212.92562866210938,0.023770660161972046,514.3335571289062,293.1156005859375,0.998971700668335,512.5972900390625,300.3925476074219,0.9999844431877136,503.3422546386719,303.2668762207031,0.9999942779541016,488.8580322265625,290.9090270996094,0.9999995231628418,556.2783203125,231.163818359375,0.9999792575836182,575.8106079101562,215.7947540283203,0.9999736547470093,578.841552734375,226.23663330078125,0.9999419450759888,587.7245483398438,219.72512817382812,0.9999485611915588,589.2713623046875,209.10372924804688,0.9999985694885254,579.7659301757812,203.1817169189453,0.9999874234199524,562.2927856445312,203.85914611816406,0.99993896484375
224,705.3013305664062,288.17132568359375,1.0,632.370849609375,263.7618408203125,0.9999997615814209,634.39453125,278.1314392089844,0.9999995231628418,626.3760375976562,248.20594787597656,0.9999987483024597,522.1331176757812,242.50241088867188,0.9999990463256836,509.2059326171875,259.88018798828125,1.0,578.1215209960938,269.67767333984375,0.9999991059303284,516.3997192382812,249.46331787109375,1.0,451.6363830566406,237.04208374023438,0.9999974966049194,362.5297546386719,243.49476623535156,0.9999998807907104,606.841796875,234.63818359375,0.9999994039535522,606.2826538085938,225.70042419433594,0.9999985694885254,604.767822265625,212.89236450195312,0.9999988079071045,614.9078369140625,215.84213256835938,0.9999998807907104,618.9632568359375,221.8295135498047,0.9999994039535522,616.491455078125,227.1972198486328,0.9998946189880371,610.9789428710938,233.11669921875,0.17667150497436523,643.5391845703125,298.2982177734375,0.9999997019767761,666.333740234375,304.0915832519531,0.9999934434890747,663.0725708007812,311.196044921875,0.9006215333938599,667.8908081054688,312.3468933105469,0.34788718819618225,673.538818359375,309.5895080566406,0.23876670002937317,672.7797241210938,300.59515380859375,0.7859728336334229,668.7063598632812,298.6877136230469,0.8485450744628906,514.583251953125,283.9953918457031,0.9999995827674866,502.88330078125,290.3476257324219,0.9999997615814209,506.91949462890625,284.84521484375,0.014151841402053833,514.1129150390625,293.0570983886719,0.9983014464378357,512.0833740234375,300.4921875,0.9999830722808838,502.9559020996094,303.12548828125,0.9999957084655762,488.4648742675781,290.540283203125,0.9999995231628418,556.7702026367188,231.04483032226562,0.9999785423278809,575.727294921875,215.51776123046875,0.9999880790710449,579.3646850585938,226.1005401611328,0.9999655485153198,587.4601440429688,219.57598876953125,0.9999611377716064,589.2432861328125,208.78665161132812,0.999998927116394,579.7059936523438,202.8306121826172,0.9999914169311523,562.5342407226562,203.74171447753906,0.9999527335166931
225,705.276123046875,288.02398681640625,1.0,632.4160766601562,263.7476501464844,0.9999998211860657,634.8504638671875,277.8320007324219,0.9999997019767761,626.42138671875,248.06204223632812,0.9999990463256836,521.8873901367188,242.388916015625,0.9999991655349731,509.4275207519531,259.36383056640625,0.9999998807907104,578.2837524414062,269.4630432128906,0.9999990463256836,516.1048583984375,249.3765411376953,1.0,450.73297119140625,237.07244873046875,0.9999959468841553,361.71923828125,243.38401794433594,0.9999998807907104,606.996337890625,234.7168731689453,0.9999991655349731,606.4483642578125,225.77134704589844,0.999998927116394,604.7601318359375,213.11978149414062,0.9999986290931702,615.0096435546875,216.04298400878906,0.9999998211860657,619.05908203125,221.8521728515625,0.9999994039535522,616.5457763671875,227.17727661132812,0.9998998641967773,611.1588745117188,233.07559204101562,0.2342698872089386,642.8311767578125,298.3799133300781,0.9999997615814209,663.92626953125,302.5509338378906,0.9999992251396179,661.8421020507812,310.93426513671875,0.9837875366210938,666.3267822265625,311.1505432128906,0.8369988203048706,671.1828002929688,308.728515625,0.5423358082771301,671.0107421875,299.3096008300781,0.8714396953582764,668.0743408203125,295.6869812011719,0.8419308662414551,514.84130859375,284.0265197753906,0.9999996423721313,503.008056640625,290.7110595703125,0.9999997615814209,507.0527038574219,284.97369384765625,0.013105213642120361,514.2200317382812,293.325439453125,0.9987872838973999,512.3651123046875,300.65771484375,0.9999867081642151,503.12078857421875,303.2778625488281,0.9999954700469971,488.5635070800781,290.5997619628906,0.9999995231628418,556.6525268554688,230.87173461914062,0.9999735355377197,575.4766235351562,215.60694885253906,0.9999865293502808,579.0018920898438,226.2873077392578,0.9999613761901855,587.3065795898438,219.7699432373047,0.9999570846557617,589.0563354492188,209.1956329345703,0.9999990463256836,579.6315307617188,203.10557556152344,0.9999913573265076,562.4842529296875,203.78871154785156,0.9999393224716187
226,705.1235961914062,287.5973205566406,1.0,631.82275390625,263.51275634765625,0.9999997615814209,634.5732421875,277.52276611328125,0.9999995827674866,626.0517578125,247.65689086914062,0.9999992251396179,522.007080078125,242.2171630859375,0.9999990463256836,509.67193603515625,259.2786560058594,1.0,578.7435302734375,269.5242614746094,0.9999989867210388,516.275390625,249.24429321289062,1.0,450.96429443359375,237.08596801757812,0.999996542930603,361.1584777832031,243.4486541748047,0.9999998211860657,606.8612670898438,234.59365844726562,0.9999992847442627,606.21435546875,225.82723999023438,0.9999985694885254,604.73681640625,213.10020446777344,0.9999985694885254,614.9136962890625,215.9580535888672,0.9999998211860657,618.9088134765625,221.73362731933594,0.999999463558197,616.4806518554688,227.26463317871094,0.9998667240142822,611.1914672851562,233.1475830078125,0.14985895156860352,642.4437866210938,299.35906982421875,0.9999995231628418,662.3688354492188,302.5354309082031,0.9999990463256836,661.0612182617188,311.707275390625,0.8975964188575745,664.7947387695312,311.3241271972656,0.5775474905967712,669.5279541015625,306.9795837402344,0.14127054810523987,669.2357177734375,298.82989501953125,0.44073212146759033,665.34375,296.1555480957031,0.6183988451957703,514.8739013671875,283.72357177734375,0.9999995827674866,503.1509704589844,290.5003356933594,0.9999997615814209,507.2021179199219,284.6724548339844,0.010607600212097168,514.37451171875,293.14306640625,0.9984197020530701,512.5578002929688,300.48046875,0.9999869465827942,503.393310546875,303.23260498046875,0.9999949932098389,488.8045959472656,290.5787048339844,0.9999994039535522,556.6241455078125,231.243408203125,0.9999711513519287,575.53662109375,215.81700134277344,0.9999827146530151,578.50439453125,226.63072204589844,0.9999608993530273,587.0408935546875,219.94961547851562,0.9999500513076782,588.9063110351562,209.42628479003906,0.9999989867210388,579.6199340820312,203.33035278320312,0.9999915957450867,562.236083984375,204.1913604736328,0.9999409914016724
227,706.203857421875,286.2319641113281,1.0,631.751220703125,263.7221984863281,0.9999998211860657,634.7236938476562,277.785888671875,0.9999997615814209,625.8856811523438,247.78245544433594,0.9999992847442627,521.9542236328125,242.15277099609375,0.9999991655349731,509.10992431640625,259.6131591796875,1.0,579.5205078125,269.55340576171875,0.9999987483024597,516.1633911132812,249.209228515625,1.0,450.99774169921875,237.08694458007812,0.9999973177909851,362.3848571777344,243.14077758789062,0.9999999403953552,606.7297973632812,234.55697631835938,0.9999992251396179,606.2407836914062,225.78053283691406,0.999998927116394,604.9124755859375,213.12417602539062,0.999998927116394,615.06787109375,215.935791015625,0.9999998211860657,619.0036010742188,221.772705078125,0.9999995231628418,616.5758666992188,227.19204711914062,0.9998888969421387,611.2586059570312,232.9711456298828,0.18019014596939087,642.0436401367188,299.1502685546875,0.9999997615814209,661.1593627929688,301.6784362792969,0.9999985694885254,661.2335815429688,311.7318115234375,0.7986855506896973,663.8239135742188,310.6506652832031,0.6860347390174866,668.4790649414062,306.2379455566406,0.2044510543346405,667.3394775390625,298.7940979003906,0.2928735613822937,663.8463745117188,295.578369140625,0.4098409116268158,514.8236083984375,283.6437683105469,0.9999995827674866,502.9522705078125,290.3406066894531,0.9999997615814209,507.0868835449219,284.4438171386719,0.010227441787719727,514.0888671875,292.9220275878906,0.9980819821357727,512.5152587890625,300.0787353515625,0.9999861121177673,503.3619689941406,302.9670104980469,0.9999958276748657,488.79876708984375,290.41546630859375,0.9999994039535522,556.3342895507812,231.35292053222656,0.9999792575836182,575.1419067382812,215.98260498046875,0.9999850988388062,578.3471069335938,226.58648681640625,0.9999680519104004,586.8209838867188,219.8118133544922,0.9999585151672363,588.703857421875,209.34449768066406,0.9999991655349731,579.2903442382812,203.22467041015625,0.9999932050704956,562.25,204.10623168945312,0.9999573230743408
228,706.4146728515625,286.2256164550781,1.0,631.6447143554688,263.4310607910156,0.9999998807907104,635.0198364257812,277.5722961425781,0.9999997615814209,625.8365478515625,247.54405212402344,0.9999993443489075,522.0632934570312,242.3304901123047,0.9999991655349731,509.3299865722656,259.7740173339844,1.0,579.62109375,269.6709899902344,0.9999988675117493,516.2459106445312,249.36534118652344,1.0,450.74114990234375,237.10137939453125,0.9999972581863403,362.4070739746094,243.19631958007812,1.0,606.6515502929688,234.29696655273438,0.9999992251396179,606.1817016601562,225.73834228515625,0.9999986886978149,604.944580078125,213.10020446777344,0.9999985694885254,615.0430297851562,215.93743896484375,0.9999998807907104,618.9406127929688,221.71963500976562,0.9999995231628418,616.53125,227.27218627929688,0.9998819828033447,611.0635986328125,232.95668029785156,0.13044556975364685,642.2562866210938,297.8397521972656,0.9999995231628418,659.7355346679688,302.613525390625,0.999997615814209,660.6123046875,313.0919189453125,0.12605825066566467,662.2008666992188,311.01153564453125,0.13107556104660034,667.2212524414062,306.3997497558594,0.01645323634147644,666.0182495117188,298.6805419921875,0.05409723520278931,662.613037109375,296.1850280761719,0.11925584077835083,514.892333984375,283.87774658203125,0.9999996423721313,502.9265441894531,290.19964599609375,0.9999996423721313,578.7660522460938,213.0539093017578,0.010411620140075684,514.108154296875,292.7362976074219,0.9972879886627197,512.720703125,299.893798828125,0.9999855756759644,503.4517822265625,302.92852783203125,0.9999951124191284,488.8511047363281,290.6650085449219,0.9999992847442627,556.6832275390625,231.02618408203125,0.9999737739562988,575.1490478515625,215.82180786132812,0.9999839067459106,578.196044921875,226.46839904785156,0.9999657273292542,587.0538940429688,219.85012817382812,0.999962329864502,589.0011596679688,209.2268524169922,0.9999990463256836,579.4502563476562,202.9914093017578,0.999992847442627,562.3392944335938,203.78187561035156,0.9999504685401917
229,706.9021606445312,286.6459045410156,1.0,631.4544677734375,263.5523376464844,0.9999999403953552,634.7518920898438,277.54449462890625,0.9999998807907104,625.6809692382812,247.53125,0.9999991059303284,522.2908935546875,242.25271606445312,0.999998927116394,509.42822265625,259.8129577636719,1.0,578.4423828125,269.36724853515625,0.999998927116394,516.45947265625,249.3310546875,1.0,450.8893127441406,237.08302307128906,0.9999971389770508,362.476318359375,243.22125244140625,0.9999998807907104,606.4776611328125,234.3096160888672,0.9999992847442627,606.2117309570312,225.6410675048828,0.9999988079071045,605.0706787109375,213.09909057617188,0.9999985098838806,615.1062622070312,215.92782592773438,0.9999997615814209,618.9940185546875,221.70974731445312,0.9999995231628418,616.5498046875,227.35215759277344,0.9999125599861145,611.0909423828125,232.72113037109375,0.1812136471271515,640.257568359375,299.7813415527344,0.9999988675117493,657.5195922851562,303.28546142578125,0.9999305605888367,660.1094360351562,312.7204284667969,0.0022618472576141357,661.9594116210938,309.99749755859375,0.007067054510116577,666.1480102539062,305.378173828125,0.0010407865047454834,665.5181884765625,298.1135559082031,0.0030466318130493164,663.474609375,293.4703674316406,0.008260607719421387,514.9335327148438,283.97979736328125,0.9999997615814209,502.95123291015625,290.14349365234375,0.9999996423721313,578.7172241210938,212.99281311035156,0.008559763431549072,514.1356811523438,292.8174743652344,0.9962996244430542,512.5679321289062,299.9041442871094,0.999984860420227,503.39483642578125,302.9497985839844,0.9999960064888,488.7001647949219,290.5493469238281,0.9999992847442627,556.8434448242188,231.02955627441406,0.9999768733978271,575.1151733398438,215.90176391601562,0.9999876022338867,578.3613891601562,226.53021240234375,0.9999780654907227,586.9488525390625,219.74252319335938,0.9999719858169556,588.8827514648438,209.1670379638672,0.9999991655349731,579.3099975585938,203.10963439941406,0.999993622303009,562.5211181640625,203.72537231445312,0.9999597072601318
230,706.2990112304688,286.55218505859375,1.0,631.6268310546875,263.40325927734375,0.9999998807907104,634.853515625,277.38409423828125,0.9999998807907104,625.7412109375,247.4481658935547,0.9999992847442627,522.2434692382812,242.3101806640625,0.9999989867210388,509.53924560546875,259.896484375,1.0,580.2391357421875,269.5104064941406,0.999998927116394,516.4234619140625,249.4302520751953,1.0,450.9571533203125,237.01962280273438,0.9999970197677612,362.6731262207031,242.9459991455078,0.9999998211860657,606.7449340820312,234.25894165039062,0.999999463558197,606.5238647460938,225.6951904296875,0.9999990463256836,606.5001831054688,213.08917236328125,0.9999984502792358,615.3331298828125,216.08883666992188,0.9999997615814209,619.2317504882812,221.76766967773438,0.999999463558197,616.8416748046875,227.5674591064453,0.9998815655708313,611.1568603515625,232.9247283935547,0.12641066312789917,639.3447875976562,299.731201171875,0.9999984502792358,656.5537719726562,303.2516174316406,0.9998910427093506,659.3518676757812,312.53851318359375,0.0005573034286499023,661.5923461914062,309.8184509277344,0.0032393932342529297,665.7293701171875,305.0442199707031,0.0006105303764343262,667.1968994140625,296.2492980957031,0.0031763017177581787,663.1729125976562,293.543701171875,0.006370127201080322,514.9188232421875,284.1466064453125,0.9999997615814209,502.9947814941406,290.25579833984375,0.9999995827674866,578.1383056640625,213.00335693359375,0.007750421762466431,514.10595703125,292.8475341796875,0.9964842200279236,512.5292358398438,299.9508056640625,0.9999874830245972,503.4596862792969,302.9493408203125,0.9999963045120239,488.6690673828125,290.6867980957031,0.9999992847442627,556.5944213867188,231.28567504882812,0.9999796152114868,574.6072387695312,216.18418884277344,0.9999901652336121,578.2568359375,226.33787536621094,0.9999873638153076,586.3887329101562,219.45880126953125,0.9999831914901733,588.361328125,208.62298583984375,0.9999994039535522,578.8153076171875,202.78265380859375,0.9999963045120239,562.2046508789062,203.96250915527344,0.999973475933075
231,706.4655151367188,287.0527038574219,1.0,631.7962036132812,263.5984191894531,0.9999999403953552,634.416748046875,277.5389709472656,0.9999998807907104,626.108642578125,247.40924072265625,0.9999994039535522,522.3009033203125,242.20477294921875,0.999998927116394,509.89404296875,259.1982727050781,1.0,580.760498046875,269.4471435546875,0.9999990463256836,516.4075927734375,249.41587829589844,1.0,450.74810791015625,237.0236053466797,0.9999969005584717,362.68963623046875,242.91688537597656,0.9999998807907104,607.0248413085938,234.4445037841797,0.9999996423721313,606.4743041992188,225.64102172851562,0.9999988079071045,606.3975219726562,213.0785675048828,0.9999979734420776,615.1146240234375,215.9844512939453,0.9999997615814209,619.06494140625,221.6610107421875,0.9999992847442627,616.7736206054688,227.37872314453125,0.9997563362121582,611.2315673828125,232.80189514160156,0.07754573225975037,638.85107421875,299.62701416015625,0.9999943971633911,653.1543579101562,303.13104248046875,0.9984179735183716,585.0003662109375,217.032470703125,0.0006262660026550293,661.2974853515625,308.6981201171875,0.001535266637802124,664.3216552734375,304.63983154296875,0.0002803802490234375,699.8836669921875,283.2733154296875,0.0005620718002319336,697.340087890625,286.4574890136719,0.0005484223365783691,515.0537719726562,284.0072326660156,0.9999998807907104,503.1835021972656,290.099853515625,0.9999995827674866,578.2723999023438,213.0007781982422,0.008321672677993774,514.1322631835938,292.7203674316406,0.994966447353363,512.63330078125,299.88232421875,0.99998939037323,503.5925598144531,302.7066955566406,0.9999959468841553,488.9212951660156,290.47119140625,0.9999994039535522,556.5714721679688,231.3135528564453,0.9999791979789734,574.629638671875,216.12135314941406,0.9999895095825195,578.1836547851562,226.455810546875,0.9999898672103882,586.4369506835938,219.67198181152344,0.9999855756759644,588.5859375,208.67945861816406,0.9999994039535522,578.9750366210938,202.71327209472656,0.9999961256980896,562.2677612304688,204.0525665283203,0.9999746084213257
232,706.9849243164062,286.6098937988281,1.0,632.1656494140625,263.40411376953125,0.9999998807907104,634.5052490234375,277.04180908203125,0.9999998807907104,626.8809204101562,246.95672607421875,0.9999995231628418,522.4712524414062,242.2295379638672,0.9999990463256836,510.1139221191406,259.3558654785156,1.0,579.8291015625,269.3359375,0.9999991655349731,516.5964965820312,249.4342041015625,1.0,450.6481628417969,237.04795837402344,0.9999967813491821,362.7314758300781,242.92974853515625,0.9999998211860657,607.5936889648438,234.30946350097656,0.9999997615814209,606.7410888671875,225.61903381347656,0.999998927116394,606.534423828125,213.18186950683594,0.9999976754188538,615.2110595703125,215.99807739257812,0.9999996423721313,619.0855712890625,221.45889282226562,0.9999991059303284,616.9319458007812,227.19769287109375,0.9995680451393127,611.4584350585938,232.80140686035156,0.0552239716053009,637.83203125,299.4480895996094,0.9999966025352478,652.050048828125,302.9603576660156,0.9993771910667419,585.05322265625,217.12002563476562,0.0007614493370056152,660.6163940429688,308.96826171875,0.0022721588611602783,663.786865234375,305.0143737792969,0.000567704439163208,699.8696899414062,282.9870300292969,0.0005547702312469482,654.9103393554688,289.93133544921875,0.0011704862117767334,514.9404907226562,284.7158203125,0.9999998211860657,502.79339599609375,289.8389587402344,0.9999996423721313,578.246337890625,212.8900146484375,0.009097754955291748,514.2590942382812,292.8759460449219,0.9852645993232727,512.3741455078125,299.9572448730469,0.9999827146530151,503.2194519042969,302.74810791015625,0.9999961853027344,488.46417236328125,290.53729248046875,0.9999995231628418,556.8202514648438,231.50860595703125,0.9999839663505554,574.6094360351562,216.06228637695312,0.999988853931427,578.1259765625,226.57354736328125,0.9999909400939941,586.32177734375,219.9381561279297,0.9999872446060181,588.559814453125,208.82754516601562,0.9999995231628418,579.07470703125,202.62045288085938,0.9999964237213135,562.2587280273438,204.00318908691406,0.9999740123748779
233,706.752685546875,286.67529296875,1.0,632.1324462890625,263.3138427734375,0.9999998807907104,634.343505859375,277.067138671875,1.0,626.9554443359375,246.92518615722656,0.9999997615814209,522.552734375,242.3292999267578,0.9999990463256836,509.92950439453125,259.94586181640625,1.0,579.7835083007812,269.25323486328125,0.9999990463256836,516.6858520507812,249.4193572998047,1.0,451.03955078125,237.11793518066406,0.9999968409538269,362.857177734375,243.06842041015625,0.9999998807907104,607.6852416992188,234.35525512695312,0.9999997615814209,606.7619018554688,225.19679260253906,0.9999984502792358,606.6614990234375,213.2247772216797,0.9999980926513672,615.31298828125,215.919677734375,0.9999996423721313,619.1890258789062,221.353515625,0.9999989867210388,617.188720703125,226.79367065429688,0.9992078542709351,611.680419921875,232.341064453125,0.0293218195438385,637.4197387695312,299.8199157714844,0.9999972581863403,652.2006225585938,303.5973815917969,0.9997564554214478,585.09033203125,217.0574493408203,0.0009067356586456299,659.5560302734375,310.2576904296875,0.009518027305603027,660.5319213867188,307.21392822265625,0.0037249624729156494,663.7754516601562,299.5389404296875,0.002221047878265381,655.5220947265625,291.2884521484375,0.00528523325920105,514.9033203125,284.6856994628906,0.9999998211860657,502.7345886230469,289.5699462890625,0.9999995827674866,578.3550415039062,212.98092651367188,0.0073438286781311035,514.1422119140625,292.6447448730469,0.9766917824745178,512.2860717773438,299.6527404785156,0.9999808669090271,503.1090393066406,302.5622863769531,0.9999961853027344,488.7064514160156,290.5542297363281,0.9999995231628418,556.8709106445312,231.54393005371094,0.9999858140945435,574.7459106445312,216.17127990722656,0.9999919533729553,578.31787109375,226.66818237304688,0.9999891519546509,586.26416015625,219.78099060058594,0.9999873638153076,588.5296630859375,208.7799530029297,0.9999995231628418,579.0499877929688,202.58642578125,0.9999970197677612,562.6209106445312,204.0299835205078,0.9999744892120361
234,706.97119140625,286.5201721191406,1.0,632.3255004882812,263.4190673828125,0.9999998807907104,634.4746704101562,277.0650939941406,0.9999999403953552,627.0691528320312,247.0609588623047,0.9999997019767761,522.7252807617188,242.09011840820312,0.999998927116394,509.8095703125,259.7570495605469,1.0,581.421630859375,269.3382568359375,0.9999992847442627,516.8400268554688,249.2940216064453,0.9999999403953552,450.6507873535156,237.10833740234375,0.9999963045120239,363.9219055175781,242.9231719970703,0.9999998807907104,607.9529418945312,234.25942993164062,0.9999995231628418,606.949462890625,225.30435180664062,0.9999985694885254,606.8474731445312,213.1678009033203,0.9999983310699463,615.6345825195312,216.02442932128906,0.9999995231628418,619.2492065429688,221.5253448486328,0.9999990463256836,617.2049560546875,226.83126831054688,0.9993075132369995,611.64208984375,232.22303771972656,0.033060222864151,637.4326171875,299.8570251464844,0.9999974966049194,651.7479858398438,303.41571044921875,0.9997457265853882,585.185546875,217.01478576660156,0.0008539855480194092,659.73486328125,309.6847839355469,0.005560159683227539,660.4835815429688,306.883056640625,0.002141118049621582,663.659423828125,298.951171875,0.001437366008758545,655.2997436523438,291.09368896484375,0.003538966178894043,514.91796875,284.5447692871094,0.9999998807907104,502.8002014160156,289.96746826171875,0.9999995231628418,578.4439086914062,213.03700256347656,0.008507519960403442,513.9536743164062,292.8390808105469,0.9881353974342346,512.2664794921875,299.84356689453125,0.9999809265136719,502.95623779296875,302.74688720703125,0.9999967217445374,488.7645568847656,290.78436279296875,0.999999463558197,556.9404296875,231.63265991210938,0.9999842643737793,574.8896484375,215.86219787597656,0.9999895095825195,578.4945068359375,226.64886474609375,0.9999890923500061,586.2041625976562,219.73451232910156,0.9999841451644897,588.642333984375,208.85302734375,0.9999994039535522,579.2307739257812,202.58651733398438,0.9999963045120239,562.5289916992188,204.10928344726562,0.9999741315841675
235,706.8418579101562,285.9800109863281,1.0,632.4469604492188,263.27557373046875,0.9999998807907104,634.4180297851562,276.7645263671875,0.9999998807907104,627.2177734375,247.03335571289062,0.9999997019767761,522.7129516601562,242.05715942382812,0.9999988079071045,509.86474609375,259.7060852050781,1.0,581.6780395507812,269.26336669921875,0.9999992847442627,516.8732299804688,249.24685668945312,1.0,451.33868408203125,237.07876586914062,0.9999970197677612,363.3427429199219,243.02085876464844,0.9999998807907104,608.2925415039062,234.29885864257812,0.9999998211860657,607.0347290039062,225.45907592773438,0.9999985098838806,606.7278442382812,213.3287353515625,0.9999979734420776,615.458984375,216.1192169189453,0.9999995231628418,619.189697265625,221.55299377441406,0.9999990463256836,617.219482421875,226.82229614257812,0.9989046454429626,611.8602294921875,232.4413604736328,0.023114055395126343,636.2627563476562,299.40863037109375,0.9999974966049194,650.0379028320312,303.44146728515625,0.9997408390045166,584.850830078125,216.8690948486328,0.0012777447700500488,658.3750610351562,310.2682800292969,0.004401743412017822,659.1943969726562,307.3439636230469,0.0036295056343078613,662.7171630859375,299.7652893066406,0.001378387212753296,653.8333129882812,290.9591369628906,0.007696688175201416,514.9491577148438,284.4945373535156,0.9999998807907104,502.8812561035156,290.04034423828125,0.9999995231628418,578.0902099609375,212.8838348388672,0.00841599702835083,514.148193359375,292.9671325683594,0.9910986423492432,512.4105224609375,300.0601806640625,0.9999796748161316,503.0367126464844,302.7175598144531,0.9999964237213135,488.7937927246094,290.8431701660156,0.999999463558197,556.7258911132812,231.56480407714844,0.9999866485595703,574.2830200195312,215.87600708007812,0.9999916553497314,578.1718139648438,226.349609375,0.9999942779541016,586.0453491210938,219.74612426757812,0.9999894499778748,588.5156860351562,208.76107788085938,0.9999996423721313,578.8841552734375,202.4444580078125,0.9999974370002747,562.286376953125,204.06375122070312,0.9999823570251465
236,707.007080078125,285.81005859375,1.0,632.4487915039062,263.3544921875,0.9999998807907104,634.5418090820312,276.6423645019531,1.0,627.2260131835938,247.12454223632812,0.9999997615814209,522.942626953125,242.10562133789062,0.9999990463256836,510.1634826660156,259.76934814453125,1.0,581.548828125,269.4226379394531,0.9999995231628418,517.15380859375,249.28753662109375,1.0,451.99346923828125,237.17115783691406,0.9999969005584717,364.35577392578125,242.9601593017578,0.9999999403953552,608.2591552734375,234.40557861328125,0.9999998807907104,607.0432739257812,225.5396728515625,0.9999988079071045,606.8901977539062,213.41998291015625,0.999998152256012,615.3958740234375,216.2018280029297,0.999999463558197,619.2135620117188,221.6830596923828,0.999998927116394,617.2181396484375,226.92214965820312,0.9987998604774475,611.851318359375,232.5290069580078,0.02237752079963684,635.477783203125,299.1716003417969,0.9999976754188538,649.2671508789062,303.1841125488281,0.9997520446777344,584.581298828125,216.62254333496094,0.0015651881694793701,657.70556640625,310.0423278808594,0.0017552375793457031,658.4141235351562,307.385986328125,0.0018521249294281006,662.2352905273438,299.6140441894531,0.001013427972793579,652.9163818359375,290.8073425292969,0.009353220462799072,514.9743041992188,284.43426513671875,0.9999998211860657,502.9830627441406,289.88360595703125,0.9999995231628418,577.78662109375,213.2420196533203,0.00772431492805481,514.3670043945312,292.8231201171875,0.9858914613723755,512.7285766601562,299.7993469238281,0.9999773502349854,503.2630615234375,302.80340576171875,0.999995768070221,488.9827880859375,290.8369140625,0.9999995231628418,556.9620361328125,231.2662811279297,0.9999878406524658,574.354736328125,216.09767150878906,0.9999910593032837,578.0086059570312,226.14193725585938,0.9999936819076538,585.72998046875,219.53073120117188,0.9999890327453613,588.1273803710938,208.4590606689453,0.9999996423721313,578.6947631835938,202.54685974121094,0.9999978542327881,562.0603637695312,204.49215698242188,0.9999812841415405
237,706.1976318359375,285.8605651855469,0.9999998807907104,632.2666625976562,263.30517578125,0.9999999403953552,634.5094604492188,276.4823913574219,1.0,627.1256713867188,246.9949493408203,0.9999997615814209,523.051025390625,242.23046875,0.9999992847442627,510.2510070800781,259.9693298339844,1.0,581.6378784179688,269.56463623046875,0.9999994039535522,517.1070556640625,249.42037963867188,1.0,451.6282043457031,237.1046905517578,0.9999960660934448,364.31463623046875,242.91842651367188,0.9999998807907104,608.0380859375,234.23890686035156,0.9999998211860657,607.2183837890625,225.4400177001953,0.999998927116394,607.1885986328125,213.40585327148438,0.9999985098838806,615.5795288085938,216.25387573242188,0.9999994039535522,619.1986083984375,221.71864318847656,0.9999989867210388,617.1362915039062,226.88233947753906,0.9988797903060913,611.980224609375,232.38607788085938,0.023355215787887573,634.0299682617188,298.83197021484375,0.9999976754188538,648.36962890625,302.9131774902344,0.9998462200164795,584.2853393554688,216.71627807617188,0.0015812516212463379,656.2508544921875,309.9913024902344,0.0021858513355255127,657.0486450195312,307.4449157714844,0.005461364984512329,660.8357543945312,299.2054138183594,0.0023134946823120117,651.1932373046875,291.21405029296875,0.014778763055801392,515.080322265625,284.86785888671875,0.9999998807907104,503.10760498046875,289.79779052734375,0.9999995231628418,577.4772338867188,212.9163818359375,0.007712960243225098,514.6051635742188,293.2945556640625,0.9789307117462158,512.67578125,300.05755615234375,0.999965488910675,503.17022705078125,302.7862243652344,0.9999952912330627,489.0240173339844,290.90008544921875,0.9999995231628418,557.0186767578125,231.5055389404297,0.99998939037323,574.0770263671875,216.29811096191406,0.9999918937683105,577.9367065429688,226.26980590820312,0.9999953508377075,585.3263549804688,219.43804931640625,0.9999903440475464,587.6558837890625,208.6024627685547,0.9999996423721313,578.2344970703125,202.40817260742188,0.9999979734420776,562.1913452148438,204.45059204101562,0.9999856948852539
238,706.9940185546875,285.49493408203125,1.0,632.9681396484375,263.1294250488281,0.9999998211860657,635.4459838867188,276.6851501464844,0.9999999403953552,627.668212890625,246.62022399902344,0.9999997019767761,523.00341796875,242.28616333007812,0.9999992847442627,510.2532958984375,259.82989501953125,1.0,581.7532348632812,269.57818603515625,0.9999994039535522,516.9867553710938,249.4386749267578,1.0,451.5499267578125,237.13075256347656,0.9999962449073792,364.2559814453125,242.8726043701172,1.0,608.6527099609375,234.12940979003906,0.9999998807907104,607.386962890625,225.2144317626953,0.9999991655349731,607.3478393554688,213.42529296875,0.9999986886978149,615.568603515625,216.2472686767578,0.9999994039535522,619.2129516601562,221.70240783691406,0.999998927116394,617.315185546875,226.8557586669922,0.9982126951217651,612.4503173828125,231.0765380859375,0.013955801725387573,634.8010864257812,298.5065002441406,0.999998927116394,648.6065063476562,302.9778137207031,0.9998576045036316,584.0236206054688,216.66416931152344,0.0014622509479522705,656.7548217773438,309.62274169921875,0.002987802028656006,657.7138671875,307.0951232910156,0.005278795957565308,661.5631103515625,298.92974853515625,0.0021862387657165527,652.2039184570312,290.9088134765625,0.005582869052886963,515.0955200195312,284.6160583496094,0.9999998807907104,503.16473388671875,289.8465576171875,0.9999995231628418,573.3948974609375,211.27099609375,0.005842000246047974,514.7446899414062,293.26531982421875,0.9791290760040283,512.7885131835938,300.20867919921875,0.9999542832374573,503.1361389160156,302.63665771484375,0.9999940991401672,489.0255126953125,291.0394592285156,0.999999463558197,556.7578125,231.56832885742188,0.9999904632568359,573.8655395507812,216.5200958251953,0.9999929666519165,577.6024169921875,226.11941528320312,0.9999973773956299,585.275390625,219.3583526611328,0.9999927282333374,587.4672241210938,208.32420349121094,0.9999996423721313,577.8482666015625,202.1029815673828,0.9999982118606567,561.83056640625,204.73040771484375,0.9999887943267822
239,707.3235473632812,285.27398681640625,1.0,632.9837036132812,263.0462646484375,0.9999998211860657,635.43212890625,276.5442199707031,0.9999998807907104,627.9591064453125,246.49887084960938,0.9999997615814209,523.2001342773438,242.11260986328125,0.9999992251396179,510.3732604980469,259.90826416015625,1.0,580.7662963867188,269.5361022949219,0.9999992847442627,517.1022338867188,249.40516662597656,1.0,452.2567138671875,237.0852813720703,0.9999967813491821,365.60211181640625,243.04922485351562,0.9999999403953552,608.5112915039062,233.87368774414062,0.9999998211860657,607.3529052734375,225.1492462158203,0.9999990463256836,607.3641967773438,213.2723388671875,0.9999985098838806,615.9720458984375,215.75973510742188,0.9999994039535522,619.33984375,221.72128295898438,0.9999988079071045,617.3333740234375,226.99986267089844,0.9981235265731812,612.5635375976562,231.06045532226562,0.014820843935012817,635.3815307617188,298.64935302734375,0.9999990463256836,649.4292602539062,302.45794677734375,0.9999158382415771,584.2348022460938,216.60794067382812,0.001973956823348999,656.6371459960938,309.3182373046875,0.003610968589782715,657.8886108398438,306.6233825683594,0.00631260871887207,661.7255249023438,298.8435974121094,0.00282442569732666,652.938232421875,291.2972717285156,0.012695491313934326,515.044189453125,284.9097900390625,0.9999997615814209,503.19635009765625,289.8276672363281,0.9999995827674866,573.5198364257812,211.2690887451172,0.0071964263916015625,514.7216796875,293.2973937988281,0.9663034677505493,512.6766357421875,300.0662841796875,0.9999625086784363,503.043212890625,302.6351623535156,0.9999947547912598,488.8885498046875,290.87371826171875,0.9999994039535522,556.5275268554688,231.6358642578125,0.9999886751174927,573.9856567382812,216.56393432617188,0.9999921321868896,577.2974853515625,226.21966552734375,0.9999967217445374,585.3423461914062,219.4222869873047,0.9999908804893494,587.5599365234375,208.30482482910156,0.9999994039535522,577.9682006835938,202.03921508789062,0.9999978542327881,561.8465576171875,204.50132751464844,0.9999867677688599
240,707.6842651367188,285.2126770019531,1.0,633.8330078125,262.8564453125,0.9999998807907104,636.0448608398438,276.42913818359375,1.0,628.5330810546875,246.3523712158203,0.9999997019767761,524.4948120117188,242.21495056152344,0.9999992847442627,511.4164123535156,259.9854736328125,1.0,581.5646362304688,269.2366943359375,0.9999989867210388,518.2587280273438,249.5040740966797,1.0,452.834716796875,237.2714385986328,0.9999971389770508,365.7088623046875,242.9093017578125,0.9999998807907104,609.0957641601562,233.70423889160156,0.9999998211860657,607.5026245117188,225.12704467773438,0.9999988675117493,607.5842895507812,213.22967529296875,0.9999985694885254,616.1150512695312,215.7249755859375,0.9999992847442627,619.4570922851562,221.58013916015625,0.9999986290931702,617.4633178710938,227.0562744140625,0.9974575638771057,612.6295776367188,230.88497924804688,0.015400588512420654,635.3494262695312,298.763427734375,0.9999986886978149,649.2278442382812,302.7901306152344,0.9997729063034058,584.549072265625,216.3403778076172,0.0015619993209838867,657.5426025390625,309.43548583984375,0.004647970199584961,658.405517578125,306.65313720703125,0.005687624216079712,662.3661499023438,298.74273681640625,0.002313762903213501,652.876953125,291.23907470703125,0.003602325916290283,515.424072265625,284.6608581542969,0.9999997615814209,503.19305419921875,289.5890197753906,0.9999994039535522,573.524169921875,210.92503356933594,0.007041484117507935,514.8233642578125,292.90789794921875,0.9296114444732666,512.924560546875,299.66766357421875,0.9999643564224243,503.2840576171875,302.4677429199219,0.9999946355819702,489.09051513671875,290.8587951660156,0.9999995231628418,557.3757934570312,231.5421142578125,0.9999910593032837,574.0050659179688,216.46913146972656,0.9999947547912598,577.6749267578125,225.944091796875,0.9999960660934448,585.7360229492188,219.0577392578125,0.9999908804893494,587.6661376953125,208.1541290283203,0.9999994039535522,578.091796875,201.97267150878906,0.9999980926513672,561.851806640625,204.16448974609375,0.9999862909317017
241,708.55224609375,285.0564270019531,1.0,632.7036743164062,263.1661376953125,0.9999998211860657,636.1398315429688,276.4172058105469,1.0,628.845458984375,246.40036010742188,0.9999996423721313,524.371826171875,242.21397399902344,0.9999992847442627,511.7253112792969,259.99224853515625,1.0,582.8299560546875,269.22637939453125,0.999998927116394,518.2507934570312,249.2779083251953,1.0,453.224365234375,237.2510223388672,0.9999971389770508,366.14306640625,242.94415283203125,0.9999999403953552,609.8623046875,233.79095458984375,0.9999998211860657,607.66650390625,224.95672607421875,0.9999986886978149,607.2958984375,213.01449584960938,0.9999988079071045,615.4397583007812,215.62355041503906,0.9999994039535522,619.5413818359375,221.1223602294922,0.9999983310699463,617.7081298828125,226.79177856445312,0.9970278739929199,613.0299682617188,230.76918029785156,0.013375908136367798,635.47314453125,298.43585205078125,0.9999991059303284,649.0451049804688,302.60968017578125,0.9997835159301758,584.4899291992188,216.37210083007812,0.0017299354076385498,657.4901123046875,309.5341796875,0.005664169788360596,658.4334106445312,306.7237243652344,0.007469236850738525,662.4678955078125,298.7972412109375,0.003177821636199951,652.5762939453125,291.1245422363281,0.005384176969528198,515.4705200195312,284.6072692871094,0.9999997615814209,502.9123840332031,289.1671447753906,0.9999992251396179,573.4652709960938,210.88812255859375,0.00631752610206604,514.8411865234375,292.6525573730469,0.8545042872428894,512.6802978515625,299.2400817871094,0.999946117401123,503.0469665527344,301.7140808105469,0.9999916553497314,489.0543518066406,290.8007507324219,0.9999992251396179,557.50732421875,231.3876190185547,0.9999918937683105,574.0723266601562,216.3704376220703,0.9999955892562866,577.625244140625,225.8987579345703,0.9999954700469971,585.8029174804688,219.15794372558594,0.9999915957450867,587.7218017578125,208.21038818359375,0.9999995231628418,578.1783447265625,201.88632202148438,0.9999980926513672,562.0426635742188,204.1624755859375,0.9999867677688599
242,708.8121948242188,285.7571716308594,1.0,633.37744140625,262.640869140625,0.9999998807907104,636.6041870117188,275.8600158691406,1.0,629.4784545898438,246.049072265625,0.9999997019767761,524.4918823242188,242.1573486328125,0.9999991059303284,511.8736572265625,260.08258056640625,1.0,583.4389038085938,268.9667663574219,0.9999988079071045,518.3699340820312,249.2340850830078,0.9999998807907104,452.1673583984375,237.3858642578125,0.9999960660934448,366.1385192871094,243.1864013671875,0.9999998807907104,610.6873168945312,233.74630737304688,0.9999997615814209,607.6878662109375,224.90106201171875,0.999998927116394,607.2027587890625,212.92022705078125,0.999998927116394,615.3776245117188,215.3569793701172,0.9999995231628418,619.50390625,220.86459350585938,0.9999984502792358,617.7242431640625,226.56520080566406,0.9966443181037903,613.2174072265625,230.54209899902344,0.012227296829223633,635.061767578125,297.533203125,0.9999991059303284,648.7158203125,301.6265869140625,0.9997755885124207,584.9170532226562,216.40621948242188,0.002010256052017212,656.7088623046875,308.8085021972656,0.004362821578979492,657.90673828125,306.2627258300781,0.006799608469009399,661.6373901367188,298.2527770996094,0.002474457025527954,651.790283203125,290.9184875488281,0.005250781774520874,515.498291015625,284.8426818847656,0.9999997019767761,502.973876953125,289.185302734375,0.9999991059303284,577.3594970703125,212.80995178222656,0.0066499412059783936,514.9072265625,292.84588623046875,0.8334740400314331,512.5972290039062,299.46923828125,0.9999339580535889,502.9034729003906,301.7066955566406,0.9999911785125732,489.09600830078125,290.7813415527344,0.999998927116394,557.2858276367188,231.3665313720703,0.9999915361404419,574.4943237304688,216.19581604003906,0.9999943375587463,577.9305419921875,225.9152069091797,0.9999967217445374,586.1080322265625,219.1929168701172,0.9999915361404419,588.14599609375,208.29042053222656,0.999999463558197,578.5419311523438,202.0336151123047,0.9999982118606567,562.5875854492188,204.36830139160156,0.9999878406524658
243,709.05517578125,285.45648193359375,1.0,633.1592407226562,262.4215393066406,0.9999998807907104,636.4540405273438,275.66082763671875,1.0,629.28564453125,245.83326721191406,0.9999997615814209,524.8218383789062,242.18711853027344,0.999998927116394,512.80078125,260.367431640625,1.0,584.150634765625,268.54241943359375,0.999998152256012,519.126708984375,249.33656311035156,1.0,452.2559509277344,237.31430053710938,0.999996542930603,366.2467041015625,242.84405517578125,0.9999998807907104,610.5178833007812,233.6263885498047,0.9999997019767761,607.7718505859375,224.7299041748047,0.999998927116394,607.2591552734375,212.99884033203125,0.999998927116394,615.395263671875,215.37722778320312,0.9999994039535522,619.59765625,220.9261016845703,0.9999982118606567,617.6533813476562,226.44366455078125,0.9956662058830261,613.2346801757812,230.6370391845703,0.007771700620651245,634.6298828125,297.7564697265625,0.9999987483024597,648.524658203125,301.6723327636719,0.9998589158058167,584.9425659179688,216.35186767578125,0.003408879041671753,655.435546875,308.853515625,0.0029799044132232666,657.0118408203125,306.43182373046875,0.007718145847320557,660.5641479492188,298.3168640136719,0.0024898946285247803,651.709228515625,290.6626892089844,0.006722778081893921,515.1588134765625,285.20574951171875,0.9999996423721313,502.8385925292969,289.28424072265625,0.9999993443489075,577.5404052734375,212.94920349121094,0.006014585494995117,514.57958984375,293.1612548828125,0.8321465253829956,512.5930786132812,299.5445556640625,0.999946117401123,502.9657287597656,301.86505126953125,0.9999909400939941,488.88714599609375,290.7986145019531,0.9999989867210388,558.3722534179688,231.47430419921875,0.9999921321868896,574.7339477539062,216.07046508789062,0.9999950528144836,578.1680297851562,226.17747497558594,0.9999967813491821,585.8258056640625,219.1351776123047,0.9999915361404419,588.088134765625,208.2148895263672,0.9999994039535522,578.5890502929688,202.17483520507812,0.999998152256012,562.8206176757812,204.587890625,0.9999910593032837
244,709.797119140625,285.45330810546875,1.0,634.06396484375,262.30645751953125,0.9999998807907104,637.2254638671875,275.8296203613281,1.0,629.5908203125,245.6445770263672,0.9999997615814209,526.1053466796875,242.33848571777344,0.999998927116394,513.731689453125,260.5929260253906,1.0,584.38134765625,268.67645263671875,0.9999978542327881,520.2846069335938,249.65516662597656,1.0,452.17767333984375,237.3553924560547,0.9999967217445374,365.9790954589844,243.19532775878906,0.9999999403953552,610.822265625,233.69036865234375,0.9999997615814209,607.789306640625,224.77291870117188,0.9999991655349731,607.5816040039062,213.13729858398438,0.9999992847442627,615.5028076171875,215.54115295410156,0.999999463558197,619.6841430664062,221.18344116210938,0.9999984502792358,617.7607421875,226.7035369873047,0.9946153163909912,613.24853515625,230.63429260253906,0.0061935484409332275,635.3491821289062,297.75244140625,0.9999992847442627,648.750244140625,301.51025390625,0.9997990131378174,585.0203247070312,216.44163513183594,0.0015715956687927246,655.6795654296875,309.24102783203125,0.002842247486114502,656.7349243164062,306.7823791503906,0.0060343146324157715,660.704345703125,298.63775634765625,0.002429753541946411,652.4170532226562,291.43157958984375,0.00427594780921936,515.5592651367188,284.9829406738281,0.9999996423721313,503.05401611328125,289.04156494140625,0.9999994039535522,577.6270141601562,212.84909057617188,0.003296405076980591,514.6152954101562,293.1568908691406,0.8215876221656799,512.7518310546875,299.6539306640625,0.9999561309814453,502.89202880859375,302.5008239746094,0.9999938011169434,488.9184875488281,290.54388427734375,0.9999992847442627,557.7404174804688,231.3840789794922,0.9999950528144836,574.8501586914062,216.072265625,0.9999973773956299,578.6380004882812,225.95159912109375,0.9999949932098389,586.16455078125,218.9191131591797,0.9999899864196777,587.9962768554688,208.02281188964844,0.9999992847442627,578.3605346679688,202.31634521484375,0.9999984502792358,563.4886474609375,204.4134063720703,0.9999908208847046
245,710.8361206054688,285.2489929199219,0.9999999403953552,634.423828125,262.30517578125,0.9999998807907104,637.637451171875,275.9219055175781,0.9999999403953552,629.9525146484375,245.52345275878906,0.9999997615814209,526.4396362304688,242.2096405029297,0.9999986886978149,514.3016967773438,260.52850341796875,1.0,584.955078125,268.2813720703125,0.999997615814209,520.8598022460938,249.5159149169922,0.9999998807907104,451.86126708984375,237.4311981201172,0.9999962449073792,366.1852111816406,243.1210174560547,0.9999999403953552,610.9443969726562,233.4864501953125,0.9999996423721313,607.7611083984375,224.5569305419922,0.9999990463256836,607.5752563476562,212.98255920410156,0.9999992251396179,616.09716796875,215.25091552734375,0.9999995231628418,619.68408203125,221.11045837402344,0.9999985694885254,617.7843017578125,226.59408569335938,0.9927397966384888,613.1986083984375,230.59629821777344,0.004513144493103027,635.850341796875,297.8003845214844,0.9999992847442627,648.8449096679688,301.7931823730469,0.999604344367981,584.8856811523438,216.2825164794922,0.0022188127040863037,656.415771484375,309.0035095214844,0.003302454948425293,657.0350952148438,306.9054870605469,0.004001617431640625,660.5792846679688,298.5916748046875,0.0013844966888427734,653.0000610351562,291.31927490234375,0.0024674534797668457,515.4507446289062,284.894775390625,0.9999995231628418,502.9327087402344,288.8383483886719,0.999999463558197,577.5526733398438,212.69764709472656,0.0037778615951538086,514.518798828125,293.1062927246094,0.8022303581237793,512.6918334960938,299.5539245605469,0.9999592304229736,502.8811950683594,302.5684814453125,0.9999948740005493,488.766845703125,290.41436767578125,0.9999992847442627,557.8645629882812,231.19229125976562,0.9999947547912598,574.3369140625,215.96925354003906,0.9999974966049194,577.9872436523438,226.0784912109375,0.9999933242797852,585.8466796875,219.0614776611328,0.9999894499778748,587.8021850585938,208.14205932617188,0.9999993443489075,578.2928466796875,202.19334411621094,0.9999982118606567,563.1748657226562,204.18655395507812,0.999988317489624
246,712.3229370117188,285.01611328125,0.9999998211860657,634.5305786132812,262.0102844238281,1.0,637.9149780273438,275.6418151855469,0.9999999403953552,630.1709594726562,245.22503662109375,0.9999997019767761,526.9948120117188,242.2978057861328,0.9999983310699463,514.9150390625,260.6190185546875,1.0,584.4597778320312,268.4441833496094,0.9999960660934448,521.438232421875,249.6450958251953,0.9999998807907104,452.2107849121094,237.62384033203125,0.999996542930603,365.9637145996094,242.9764404296875,0.9999998211860657,611.1202392578125,233.26150512695312,0.9999995231628418,607.5972900390625,224.4015350341797,0.9999985694885254,607.4534912109375,212.9127960205078,0.9999991655349731,615.4061279296875,215.23301696777344,0.9999995231628418,619.6852416992188,220.82565307617188,0.9999982118606567,617.6574096679688,226.32957458496094,0.9895609021186829,613.319091796875,230.33575439453125,0.003532916307449341,635.0,297.40179443359375,0.9999996423721313,648.0084228515625,301.7010498046875,0.9999712705612183,648.777587890625,311.2018127441406,0.004061490297317505,652.19580078125,308.5065612792969,0.005378633737564087,655.1318359375,307.04248046875,0.022755026817321777,655.920654296875,299.3245849609375,0.014026165008544922,651.3941040039062,291.890380859375,0.06583434343338013,515.6989135742188,284.5852355957031,0.9999995231628418,503.1556091308594,288.9870300292969,0.9999995231628418,577.6437377929688,212.6631317138672,0.0033489465713500977,514.4835205078125,292.99993896484375,0.874413251876831,512.9898681640625,299.44482421875,0.9999722242355347,503.60565185546875,302.3776550292969,0.9999944567680359,488.81561279296875,290.5230712890625,0.9999995827674866,558.5194702148438,231.216064453125,0.999996542930603,574.58740234375,215.90859985351562,0.9999977350234985,578.2535400390625,226.26158142089844,0.9999946355819702,586.076416015625,219.00892639160156,0.9999916553497314,587.9965209960938,208.0734100341797,0.9999994039535522,578.3328857421875,202.21165466308594,0.9999983906745911,563.2946166992188,204.1232147216797,0.9999896287918091
247,713.6815795898438,285.2414855957031,0.9999995827674866,635.2460327148438,261.6510009765625,0.9999998807907104,638.6015014648438,275.595458984375,0.9999999403953552,630.9132690429688,244.91558837890625,0.9999996423721313,528.2001953125,241.23475646972656,0.9999983310699463,515.3010864257812,260.52325439453125,1.0,585.8853759765625,267.79327392578125,0.9999931454658508,521.9930419921875,249.51210021972656,0.9999997019767761,454.862548828125,237.2925567626953,0.9999963641166687,367.81640625,242.90330505371094,1.0,611.72705078125,233.0252685546875,0.9999991655349731,607.865966796875,224.10438537597656,0.9999988079071045,607.6940307617188,212.849853515625,0.9999992847442627,615.6251831054688,215.0392608642578,0.9999995231628418,620.0142211914062,220.60317993164062,0.9999979138374329,618.2091064453125,226.25921630859375,0.980697512626648,613.6887817382812,230.1436767578125,0.0028702616691589355,634.4570922851562,297.2420654296875,0.9999992251396179,647.5001831054688,302.0008850097656,0.9999086856842041,585.0266723632812,216.33401489257812,0.0020608603954315186,651.6892700195312,308.4986877441406,0.0004000663757324219,655.7039794921875,307.67120361328125,0.0034228861331939697,659.0440063476562,301.4257507324219,0.0048857033252716064,650.6958618164062,291.96466064453125,0.014865607023239136,515.7510986328125,284.1665344238281,0.999999463558197,503.0802917480469,289.0419006347656,0.9999995231628418,577.6394653320312,212.68890380859375,0.003074079751968384,514.3323364257812,293.0184326171875,0.947790265083313,512.8720703125,299.37054443359375,0.9999812841415405,503.6512451171875,302.5240783691406,0.9999959468841553,488.820068359375,290.3282470703125,0.9999995231628418,558.669189453125,231.41766357421875,0.9999961853027344,574.43798828125,216.075927734375,0.9999980330467224,578.1717529296875,226.3014373779297,0.9999967217445374,586.2552490234375,218.8673095703125,0.9999927878379822,587.9719848632812,207.92222595214844,0.9999994039535522,578.2937622070312,202.11878967285156,0.9999985694885254,563.509765625,204.0767059326172,0.9999902844429016
248,714.1517944335938,285.2034912109375,0.9999994039535522,636.0772705078125,261.4582824707031,1.0,639.7056884765625,275.39984130859375,1.0,631.2003173828125,244.76611328125,0.9999994039535522,528.7545166015625,241.44146728515625,0.9999983310699463,515.9086303710938,260.24932861328125,1.0,587.5653076171875,267.30133056640625,0.999991238117218,522.7682495117188,249.12574768066406,0.9999997019767761,455.8523254394531,237.1634063720703,0.9999963045120239,368.5143737792969,242.8436737060547,1.0,612.2096557617188,232.50067138671875,0.9999986886978149,607.7797241210938,223.73097229003906,0.9999987483024597,607.71484375,212.6974334716797,0.9999991655349731,615.634033203125,214.84622192382812,0.9999995231628418,619.7831420898438,220.44400024414062,0.9999974370002747,617.895751953125,225.9075927734375,0.9805120229721069,613.3631591796875,230.0347900390625,0.0019184350967407227,634.72607421875,296.24542236328125,0.9999995231628418,647.2566528320312,302.41131591796875,0.9999098181724548,646.3998413085938,311.4259033203125,0.0032331645488739014,651.5133056640625,308.8241882324219,0.0017611980438232422,656.2056274414062,308.3655090332031,0.007503241300582886,659.517333984375,301.67486572265625,0.009703129529953003,650.1309814453125,292.9803161621094,0.01922166347503662,515.7235107421875,284.02545166015625,0.9999995827674866,502.8716735839844,288.4313659667969,0.9999991655349731,577.660400390625,212.70333862304688,0.004937916994094849,514.21142578125,292.11163330078125,0.8461135625839233,512.5426635742188,298.18963623046875,0.9999850988388062,503.5040588378906,302.2340087890625,0.9999967813491821,489.0235290527344,290.239013671875,0.999999463558197,559.8872680664062,231.72344970703125,0.9999963045120239,574.3633422851562,216.28599548339844,0.9999986886978149,578.328369140625,226.4349822998047,0.9999964237213135,586.4484252929688,218.68614196777344,0.9999933242797852,587.850830078125,207.80088806152344,0.9999994039535522,578.3319702148438,202.07923889160156,0.9999987483024597,563.931396484375,204.03884887695312,0.9999899864196777
249,714.2505493164062,284.6244812011719,0.999999463558197,636.6441650390625,260.91485595703125,1.0,640.4884033203125,275.11187744140625,1.0,631.4323120117188,244.32485961914062,0.9999994039535522,529.0170288085938,241.79483032226562,0.9999992251396179,516.8638916015625,260.3404846191406,1.0,587.9398193359375,267.21148681640625,0.9999922513961792,522.8057861328125,249.59092712402344,0.9999997615814209,455.9295654296875,237.25128173828125,0.9999958872795105,367.8172302246094,242.94094848632812,0.9999998807907104,612.2706909179688,232.1546630859375,0.999997615814209,607.8561401367188,223.8165740966797,0.9999988079071045,608.1624755859375,212.8377685546875,0.9999994039535522,616.4226684570312,214.86729431152344,0.9999995827674866,619.9735717773438,220.6967010498047,0.9999974966049194,617.8843994140625,226.3096923828125,0.9810997247695923,613.3424072265625,230.2125701904297,0.0012750029563903809,634.9224853515625,296.1020812988281,0.9999997019767761,647.8145751953125,302.2367248535156,0.9998776912689209,584.5807495117188,215.74554443359375,0.0011861324310302734,655.3543701171875,311.15863037109375,0.0010358989238739014,656.4644165039062,308.34954833984375,0.010690033435821533,660.4060668945312,301.9070739746094,0.008650869131088257,650.3451538085938,292.8326416015625,0.016687512397766113,515.3087768554688,284.28271484375,0.9999995231628418,502.9471740722656,288.4501953125,0.9999992847442627,577.3864135742188,212.80545043945312,0.004201740026473999,514.255126953125,292.4797058105469,0.8590603470802307,512.556640625,298.4036560058594,0.9999804496765137,503.45684814453125,302.14971923828125,0.9999966025352478,488.8116760253906,290.26580810546875,0.9999995231628418,560.0188598632812,231.74349975585938,0.999997615814209,574.2626342773438,216.23431396484375,0.999998927116394,578.3416748046875,226.1707305908203,0.9999957084655762,585.9883422851562,218.32620239257812,0.9999920725822449,587.2676391601562,207.7241973876953,0.9999992847442627,577.945556640625,202.24021911621094,0.9999986886978149,563.6978759765625,204.15151977539062,0.9999909400939941
250,715.1187744140625,284.4454040527344,0.9999992847442627,637.533447265625,260.68719482421875,0.9999998807907104,641.1166381835938,274.7557067871094,1.0,631.9381713867188,244.16065979003906,0.999998927116394,529.737548828125,241.77334594726562,0.9999996423721313,517.7880859375,260.4373474121094,1.0,588.6279296875,266.7669677734375,0.9999963641166687,523.6644897460938,249.48756408691406,0.9999998807907104,456.5789794921875,237.3377685546875,0.9999958276748657,368.3333740234375,242.33145141601562,0.9999999403953552,612.8037109375,231.968994140625,0.9999979734420776,607.8668823242188,223.83848571777344,0.9999986290931702,608.1685180664062,213.1436004638672,0.9999992847442627,616.453125,214.91104125976562,0.9999994039535522,619.903564453125,220.61676025390625,0.9999966621398926,617.9844360351562,226.2456817626953,0.9566236734390259,613.7139892578125,230.11228942871094,0.0006245076656341553,634.8926391601562,295.3442077636719,0.9999998807907104,646.7606201171875,302.6381530761719,0.9998965263366699,643.1578979492188,309.87908935546875,0.004769444465637207,650.871337890625,307.889892578125,0.0047006309032440186,656.0021362304688,308.2446594238281,0.02423572540283203,659.2510375976562,302.1637878417969,0.012243956327438354,649.7926025390625,293.0519714355469,0.014097422361373901,515.705322265625,284.70538330078125,0.9999996423721313,503.07159423828125,288.33660888671875,0.9999994039535522,577.2401123046875,212.8635711669922,0.0049596428871154785,514.4921264648438,292.9120178222656,0.6890896558761597,512.5977172851562,298.6024169921875,0.9999768137931824,503.6813049316406,302.32171630859375,0.9999958276748657,488.8180847167969,290.0655212402344,0.999999463558197,559.9437255859375,232.0001983642578,0.9999978542327881,574.316162109375,216.05953979492188,0.9999986886978149,578.3198852539062,226.11990356445312,0.999996542930603,586.0789184570312,218.34303283691406,0.9999927878379822,587.3609619140625,207.8123321533203,0.9999992847442627,577.9334106445312,202.2350616455078,0.9999985694885254,563.5984497070312,204.46595764160156,0.999991238117218
251,719.0145874023438,282.0299987792969,0.9999998807907104,639.17724609375,260.32672119140625,1.0,642.0107421875,274.30487060546875,1.0,633.8233642578125,244.49581909179688,0.9999992251396179,529.3812866210938,242.54156494140625,0.9999992847442627,517.4917602539062,261.1248779296875,1.0,589.0118408203125,266.0748596191406,0.9999862909317017,523.3848876953125,250.1133575439453,0.9999997615814209,455.80950927734375,237.9192352294922,0.9999983310699463,377.7704162597656,242.4430389404297,0.9999992847442627,615.6378784179688,232.217529296875,0.9999759793281555,608.520263671875,223.40670776367188,0.9999964833259583,607.7186889648438,213.07131958007812,0.9999990463256836,616.24365234375,215.47499084472656,0.9999945163726807,619.5767211914062,220.83853149414062,0.9999322891235352,618.6077270507812,227.20108032226562,0.11813965439796448,627.2317504882812,299.03936767578125,9.530782699584961e-05,636.4735717773438,293.3876647949219,0.9999998807907104,647.864013671875,301.44329833984375,0.9999953508377075,645.045166015625,310.1905517578125,0.9535030126571655,651.5430908203125,309.05560302734375,0.9800230264663696,655.3828735351562,305.78466796875,0.9561055898666382,656.400146484375,300.15423583984375,0.8535208702087402,650.4251098632812,295.8506164550781,0.6814329624176025,516.91748046875,285.7568054199219,0.9999992847442627,503.0054016113281,289.9386291503906,0.9999990463256836,577.4994506835938,212.72433471679688,0.0014835894107818604,514.8007202148438,292.8432312011719,0.5408435463905334,512.6585083007812,298.90447998046875,0.999977707862854,502.88427734375,302.4242858886719,0.9999880790710449,488.6838073730469,290.4435729980469,0.9999989867210388,561.7830810546875,233.03623962402344,0.9999974966049194,573.4932250976562,216.28567504882812,0.9999986886978149,579.1052856445312,224.94943237304688,0.9999932050704956,584.7662353515625,217.2242889404297,0.9999843835830688,586.6996459960938,207.60548400878906,0.9999982118606567,577.6395874023438,202.46299743652344,0.999998152256012,564.513671875,205.39190673828125,0.9999668598175049
252,719.4613647460938,281.5553894042969,0.9999998807907104,638.420166015625,260.0588073730469,1.0,641.9183349609375,273.7991638183594,1.0,633.562744140625,243.8072509765625,0.9999991059303284,529.6119384765625,242.11956787109375,0.999999463558197,517.7015380859375,260.71954345703125,1.0,589.3233642578125,265.793212890625,0.9999921321868896,523.6299438476562,249.72286987304688,0.9999997615814209,456.0930480957031,237.9734344482422,0.9999983310699463,377.7180480957031,242.91558837890625,0.9999992847442627,616.9368286132812,232.79714965820312,0.9999800324440002,608.6453247070312,223.3462371826172,0.9999969005584717,607.9041748046875,213.09385681152344,0.9999989867210388,616.3601684570312,215.45587158203125,0.999994158744812,619.6287841796875,220.73837280273438,0.9999228715896606,618.487548828125,226.68190002441406,0.11199334263801575,627.278076171875,299.0389099121094,9.92119312286377e-05,636.4671630859375,293.1130065917969,0.9999998807907104,648.0197143554688,301.5458984375,0.9999964237213135,645.2597045898438,310.1814880371094,0.955957293510437,651.8324584960938,309.16595458984375,0.9773964881896973,655.4581909179688,305.9383544921875,0.9555915594100952,656.7802734375,300.2900085449219,0.8744073510169983,650.65283203125,295.92303466796875,0.6186179518699646,516.8173217773438,285.52606201171875,0.9999993443489075,503.1273193359375,289.85894775390625,0.9999990463256836,577.6303100585938,212.75868225097656,0.0009945929050445557,514.9420776367188,293.05609130859375,0.5328224897384644,512.9495239257812,299.1258544921875,0.9999755620956421,503.46954345703125,303.12164306640625,0.9999876022338867,488.783203125,290.48236083984375,0.9999988079071045,562.2340698242188,232.6508026123047,0.9999983310699463,573.745849609375,216.4306182861328,0.9999985098838806,578.9749145507812,224.81016540527344,0.9999931454658508,584.5258178710938,217.0391845703125,0.9999862909317017,586.5198974609375,207.44219970703125,0.999998152256012,577.5501708984375,202.40638732910156,0.9999979734420776,564.5606689453125,205.2965545654297,0.9999680519104004
253,719.5076904296875,279.95782470703125,0.9999998807907104,639.4639282226562,259.0895690917969,1.0,640.9971313476562,272.87451171875,0.9999999403953552,634.2451171875,243.3596649169922,0.9999992251396179,529.80126953125,242.1484375,0.9999995827674866,518.0140991210938,260.6477355957031,1.0,589.49609375,265.08642578125,0.9999874830245972,523.94580078125,249.78256225585938,0.9999997615814209,456.5618591308594,237.9171142578125,0.9999972581863403,378.0777587890625,242.7969512939453,0.9999994039535522,617.5037841796875,232.44345092773438,0.9999663233757019,608.6449584960938,223.143310546875,0.999996542930603,607.7548828125,212.99354553222656,0.9999986886978149,616.350341796875,215.3524627685547,0.9999935626983643,619.7926635742188,220.62994384765625,0.9999300241470337,618.5374755859375,226.7421875,0.11040446162223816,628.1691284179688,298.73211669921875,8.413195610046387e-05,636.74560546875,292.4067687988281,0.9999999403953552,648.3038330078125,301.13623046875,0.9999933242797852,645.4659423828125,309.9566955566406,0.7248369455337524,651.7196655273438,308.6231384277344,0.893455982208252,655.5545654296875,305.62921142578125,0.8212279677391052,656.9766845703125,299.9614562988281,0.6402256488800049,651.3386840820312,295.7940368652344,0.3478415012359619,517.4877319335938,285.48004150390625,0.9999994039535522,503.48504638671875,290.3203125,0.999998927116394,577.6301879882812,212.60562133789062,0.0016652345657348633,515.1461791992188,293.34686279296875,0.665137529373169,512.9492797851562,299.4537048339844,0.9999775886535645,503.5282897949219,303.147705078125,0.9999876022338867,488.9488220214844,290.4483947753906,0.9999988675117493,562.3305053710938,232.4803466796875,0.9999980926513672,573.7816162109375,216.39857482910156,0.9999984502792358,578.7561645507812,225.08448791503906,0.9999951124191284,584.7455444335938,216.84605407714844,0.9999880194664001,586.5809326171875,207.38783264160156,0.9999982118606567,577.8707885742188,202.07838439941406,0.999998152256012,564.45654296875,205.1277618408203,0.9999667406082153
254,720.091552734375,279.554443359375,1.0,639.1873168945312,258.8836975097656,1.0,641.1854858398438,273.19488525390625,1.0,634.8013305664062,243.13536071777344,0.9999992251396179,530.3903198242188,242.1853485107422,0.9999997615814209,518.8406982421875,260.68353271484375,1.0,589.6870727539062,265.0279541015625,0.9999954104423523,524.4552612304688,249.59214782714844,0.9999997615814209,457.4957580566406,238.01963806152344,0.9999918937683105,378.9202880859375,242.59901428222656,0.9999995231628418,617.5425415039062,232.19406127929688,0.9999595284461975,608.5604248046875,222.80987548828125,0.999995231628418,607.08154296875,212.77748107910156,0.9999980926513672,616.2908935546875,214.94374084472656,0.9999929070472717,619.711181640625,220.25775146484375,0.9999171495437622,618.6491088867188,226.3512725830078,0.05515441298484802,717.3939208984375,276.2096252441406,8.77082347869873e-05,637.59423828125,293.25408935546875,0.9999999403953552,647.5724487304688,301.5095520019531,0.9999910593032837,646.0765380859375,311.1469421386719,0.11204570531845093,652.2958984375,308.6924133300781,0.2863512635231018,655.7642211914062,306.08221435546875,0.15220192074775696,657.5850830078125,301.5160217285156,0.05098700523376465,652.2449951171875,296.2528076171875,0.028276503086090088,517.0940551757812,285.47943115234375,0.9999994039535522,503.490234375,290.1126708984375,0.9999989867210388,577.4688110351562,212.82870483398438,0.0011854469776153564,515.310791015625,292.34417724609375,0.47214359045028687,512.9437255859375,299.4751281738281,0.9999687671661377,503.5945739746094,303.41729736328125,0.9999897480010986,488.7144470214844,290.2999267578125,0.9999988079071045,562.4007568359375,232.7113494873047,0.9999985694885254,573.7195434570312,216.23248291015625,0.9999984502792358,578.697021484375,225.16314697265625,0.9999960660934448,584.7607421875,217.1357421875,0.9999914169311523,586.6089477539062,207.4876251220703,0.9999984502792358,577.8646850585938,202.08799743652344,0.9999982714653015,564.289794921875,205.26351928710938,0.9999682903289795
255,720.5735473632812,279.2752990722656,1.0,640.2030029296875,258.0449523925781,1.0,641.8773193359375,272.54266357421875,1.0,636.0449829101562,242.5488739013672,0.9999985694885254,530.5694580078125,242.35647583007812,0.9999998211860657,519.67626953125,260.924560546875,1.0,590.820556640625,264.4523010253906,0.9999925494194031,525.0704345703125,249.75387573242188,0.9999998211860657,457.6623229980469,238.23252868652344,0.9999927282333374,379.3482666015625,243.24169921875,0.9999994039535522,617.9108276367188,231.57395935058594,0.9999635219573975,608.6018676757812,222.5015869140625,0.9999967813491821,607.1478271484375,212.6486053466797,0.9999987483024597,616.5113525390625,214.46002197265625,0.9999951124191284,619.814453125,219.90858459472656,0.9999197721481323,618.6294555664062,226.22352600097656,0.05002632737159729,614.3118896484375,231.55657958984375,0.0001315772533416748,638.4644775390625,292.7921447753906,0.9999998807907104,647.837158203125,301.2880859375,0.9999979734420776,646.32568359375,310.72491455078125,0.31874632835388184,652.8677368164062,308.8792724609375,0.6981971859931946,656.1021118164062,305.7024230957031,0.6082038283348083,657.4393920898438,300.0208740234375,0.3148462772369385,652.2018432617188,295.9031677246094,0.17248296737670898,517.0157470703125,285.5716247558594,0.9999994039535522,503.55047607421875,289.8905334472656,0.9999989867210388,577.5828857421875,212.84487915039062,0.0015086829662322998,515.4755249023438,292.2196350097656,0.33378738164901733,513.3384399414062,299.3150939941406,0.9999655485153198,503.7862243652344,303.6275939941406,0.9999881982803345,488.67913818359375,290.3365783691406,0.9999991655349731,562.702880859375,232.67274475097656,0.9999983906745911,574.1668701171875,216.23875427246094,0.9999980926513672,578.9199829101562,225.2480926513672,0.999995231628418,585.1111450195312,217.08169555664062,0.9999902248382568,586.94482421875,207.39015197753906,0.9999984502792358,578.1702880859375,202.0323028564453,0.9999984502792358,564.3724975585938,205.25318908691406,0.9999735355377197
256,721.7203979492188,278.9420166015625,1.0,641.149169921875,257.3965759277344,1.0,643.1183471679688,271.4849853515625,1.0,637.3723754882812,242.12818908691406,0.9999982118606567,531.5172119140625,242.41709899902344,0.9999999403953552,520.943115234375,261.1739807128906,1.0,591.8075561523438,263.5328063964844,0.999993085861206,526.5443725585938,249.233642578125,0.9999998211860657,459.6107482910156,237.5298614501953,0.999991238117218,379.77392578125,243.36941528320312,0.9999995231628418,619.2971801757812,230.89581298828125,0.9999797344207764,608.86962890625,221.95057678222656,0.999997615814209,606.9691162109375,212.291748046875,0.9999987483024597,616.5758056640625,213.58250427246094,0.9999936819076538,619.9818115234375,219.32676696777344,0.9998890161514282,619.1820068359375,225.5845947265625,0.0438409149646759,614.0103759765625,230.95364379882812,0.0002085566520690918,638.445556640625,291.8195495605469,0.9999998807907104,647.7289428710938,300.8504333496094,0.9999980926513672,646.0447387695312,310.3019104003906,0.6039476990699768,652.572998046875,309.1430969238281,0.8925796151161194,656.0250244140625,305.64208984375,0.9074636101722717,657.3492431640625,299.4759826660156,0.8162834644317627,652.0409545898438,295.4515686035156,0.4897635579109192,517.1538696289062,285.69805908203125,0.9999992847442627,503.2857971191406,289.5302429199219,0.999998927116394,577.4056396484375,212.61874389648438,0.002336174249649048,515.5439453125,292.25909423828125,0.28147727251052856,513.5548095703125,299.4190673828125,0.9999563694000244,503.81378173828125,303.8350830078125,0.9999895691871643,488.6186218261719,290.4450378417969,0.9999990463256836,562.6890869140625,232.75999450683594,0.9999986886978149,573.7366943359375,215.71348571777344,0.9999982714653015,579.0408935546875,225.32888793945312,0.9999946355819702,585.2650756835938,217.11865234375,0.999993085861206,586.9686889648438,207.2119903564453,0.9999985694885254,578.4255981445312,201.6719512939453,0.9999986886978149,564.1634521484375,205.30572509765625,0.9999804496765137
257,722.5437622070312,278.0548095703125,1.0,643.3165893554688,256.62432861328125,1.0,645.0048217773438,271.1702880859375,1.0,640.6688232421875,241.66903686523438,0.9999992251396179,531.6937866210938,242.4674072265625,1.0,521.3966674804688,261.52520751953125,0.9999999403953552,591.6152954101562,263.7795715332031,0.9999926090240479,526.7503662109375,249.52806091308594,0.9999998807907104,459.5787353515625,237.89857482910156,0.9999918937683105,380.6695251464844,243.1985626220703,0.9999995231628418,620.3262329101562,229.9152374267578,0.9999963045120239,609.5257568359375,221.2556915283203,0.9999963045120239,607.0393676757812,211.74989318847656,0.9999980926513672,616.9459838867188,212.81646728515625,0.9999798536300659,620.5523681640625,218.68667602539062,0.9997776746749878,620.4053344726562,225.91290283203125,0.018697619438171387,731.1220703125,270.837158203125,0.0001342296600341797,639.110107421875,292.13134765625,0.9999997615814209,648.5336303710938,301.2413635253906,0.9999990463256836,646.7203979492188,310.9596862792969,0.4351124167442322,653.4711303710938,309.4049072265625,0.7131194472312927,657.171630859375,306.227783203125,0.8647684454917908,658.0577392578125,300.0326232910156,0.7596945762634277,652.8494262695312,295.9554443359375,0.4763879179954529,517.0496215820312,286.8103942871094,0.9999991655349731,503.0489807128906,289.6793518066406,0.9999986886978149,577.4618530273438,212.67916870117188,0.002251267433166504,515.2122192382812,292.529296875,0.06550851464271545,513.1739501953125,299.3587341308594,0.9998445510864258,503.501953125,303.7203369140625,0.9999896287918091,488.52294921875,290.78704833984375,0.9999988079071045,563.2125244140625,232.7620086669922,0.999998927116394,573.8003540039062,215.7408905029297,0.9999983310699463,579.0629272460938,225.59678649902344,0.999993622303009,585.3797607421875,217.22508239746094,0.9999925494194031,586.9518432617188,207.02474975585938,0.9999985694885254,578.9874267578125,201.67547607421875,0.9999988079071045,564.0028686523438,205.12127685546875,0.999983012676239
258,722.6103515625,276.9640808105469,1.0,643.6416625976562,255.9747314453125,1.0,645.805419921875,270.6164245605469,0.9999998807907104,641.3057861328125,241.09744262695312,0.999998927116394,532.1605224609375,242.39511108398438,1.0,521.9326171875,261.66748046875,0.9999998807907104,592.1543579101562,263.6365661621094,0.9999963045120239,527.1710815429688,249.7534942626953,0.9999999403953552,460.23895263671875,238.05245971679688,0.99998939037323,380.8627014160156,243.10977172851562,0.9999997615814209,621.6819458007812,229.19224548339844,0.9999995231628418,610.4963989257812,221.07369995117188,0.9999929666519165,607.00244140625,212.47779846191406,0.9999932050704956,617.40478515625,213.1497344970703,0.9995973706245422,620.9037475585938,218.55111694335938,0.9969931244850159,621.1981201171875,224.8987274169922,0.004645556211471558,628.3882446289062,298.97613525390625,0.00016984343528747559,639.0546875,291.06024169921875,0.9999996423721313,647.8028564453125,300.9991760253906,0.999998927116394,645.3819580078125,310.74517822265625,0.7311491966247559,652.6582641601562,309.45623779296875,0.8677626848220825,656.2824096679688,306.0167236328125,0.9422935843467712,657.0540771484375,299.54791259765625,0.8969815969467163,652.0526733398438,295.7532043457031,0.7695741653442383,517.1307983398438,286.92828369140625,0.9999991655349731,502.9580078125,289.52069091796875,0.999998927116394,573.0615844726562,210.5345458984375,0.0020112693309783936,515.2003173828125,292.69482421875,0.05869036912918091,513.1725463867188,299.4485168457031,0.9997940063476562,503.4582824707031,303.64544677734375,0.9999872446060181,488.4747009277344,290.7506408691406,0.9999988079071045,563.2197265625,232.87579345703125,0.9999990463256836,573.771240234375,215.83778381347656,0.999998927116394,579.0267944335938,225.4404754638672,0.9999966621398926,585.2890014648438,217.2457733154297,0.9999898672103882,585.940673828125,206.95306396484375,0.9999982118606567,578.5883178710938,201.54396057128906,0.999998927116394,563.938232421875,204.9637908935547,0.9999850392341614
259,723.3009643554688,274.9270324707031,1.0,643.8990478515625,256.0242919921875,1.0,645.9697265625,270.9657897949219,0.9999999403953552,641.64794921875,240.81460571289062,0.9999992251396179,532.2445068359375,242.24615478515625,1.0,521.7760620117188,260.97894287109375,0.9999998807907104,592.3032836914062,262.8271179199219,0.9999983310699463,527.3797607421875,249.76113891601562,0.9999998807907104,459.8144836425781,237.09719848632812,0.9999923706054688,380.8270568847656,243.046630859375,0.9999996423721313,625.3888549804688,228.1051483154297,0.9999996423721313,613.614501953125,220.16380310058594,0.9999752044677734,607.767578125,214.29244995117188,0.9997972249984741,617.937744140625,210.92657470703125,0.9044843912124634,622.2150268554688,216.52252197265625,0.7986133694648743,623.2216186523438,220.25364685058594,0.0006144344806671143,620.5198364257812,227.92918395996094,0.00028693675994873047,639.5219116210938,291.2041320800781,0.9999994039535522,648.5298461914062,301.32293701171875,0.9999992847442627,646.4481201171875,310.91876220703125,0.6952275633811951,653.57568359375,309.3599853515625,0.8105278611183167,656.798828125,305.73565673828125,0.9314119815826416,657.29296875,299.2187805175781,0.9388343691825867,652.3826904296875,295.6028137207031,0.7927659749984741,516.5933837890625,286.96575927734375,0.9999993443489075,502.52947998046875,289.1123962402344,0.9999985694885254,577.6796875,212.86962890625,0.0013591945171356201,514.7952880859375,292.1815185546875,0.021092623472213745,512.6203002929688,298.6440734863281,0.9996148347854614,503.20233154296875,302.6770324707031,0.9999845623970032,488.0636901855469,290.636474609375,0.9999980330467224,561.98974609375,232.25257873535156,0.9999994039535522,573.6721801757812,215.50514221191406,0.999998927116394,578.5714721679688,225.20068359375,0.9999984502792358,585.1272583007812,216.79893493652344,0.9999788999557495,586.14501953125,206.7860870361328,0.9999980330467224,578.7567749023438,201.63787841796875,0.9999986290931702,563.374755859375,205.0145263671875,0.9999797344207764
260,724.1558837890625,273.9090270996094,1.0,645.4341430664062,255.03707885742188,1.0,646.51171875,270.5544738769531,1.0,643.5389404296875,239.32852172851562,0.9999997019767761,532.2303466796875,242.78102111816406,1.0,521.9989013671875,260.9853515625,0.9999999403953552,593.5689086914062,261.9165344238281,0.9999997019767761,527.4525146484375,249.99046325683594,1.0,460.632080078125,237.6432342529297,0.9999942779541016,381.03997802734375,243.18873596191406,0.9999995827674866,630.383544921875,224.54135131835938,0.9999963641166687,622.1535034179688,214.190185546875,0.9966679215431213,612.3754272460938,209.5867462158203,0.9780491590499878,625.3723754882812,207.52304077148438,0.20537373423576355,630.4343872070312,212.97735595703125,0.06024491786956787,635.2444458007812,223.45094299316406,0.0011456310749053955,575.8463134765625,232.88253784179688,0.0003712177276611328,639.9137573242188,289.4895324707031,0.9999994039535522,647.5797729492188,300.0675964355469,0.999998927116394,644.52392578125,309.6178283691406,0.987941563129425,652.2532958984375,309.21356201171875,0.9953158497810364,656.2888793945312,305.34625244140625,0.9978852272033691,655.5750122070312,297.85052490234375,0.9976215362548828,651.0610961914062,294.6756591796875,0.9670803546905518,516.843017578125,286.60687255859375,0.9999992847442627,502.7606506347656,289.1021728515625,0.9999985694885254,577.8636474609375,212.56051635742188,0.004107832908630371,514.8853149414062,292.2928161621094,0.023200422525405884,512.8551025390625,298.5667724609375,0.9996317625045776,503.3296813964844,302.7864685058594,0.9999825358390808,488.0904541015625,290.6300964355469,0.9999982714653015,562.1253051757812,231.82962036132812,0.9999995231628418,573.5250854492188,215.46392822265625,0.999998927116394,579.2094116210938,224.8369140625,0.9999994039535522,585.254150390625,216.021240234375,0.9999672770500183,586.1294555664062,206.52719116210938,0.9999955892562866,579.1846313476562,201.4136505126953,0.9999973773956299,562.9115600585938,204.77606201171875,0.9999785423278809
261,725.68017578125,271.9602966308594,1.0,646.4119262695312,254.8741912841797,1.0,647.480712890625,269.8926086425781,1.0,646.91943359375,239.78073120117188,0.9999997615814209,532.5923461914062,242.89527893066406,1.0,522.7732543945312,261.1241455078125,0.9999998807907104,595.2699584960938,260.374267578125,0.9999998807907104,528.1049194335938,250.080078125,1.0,461.0029602050781,237.43820190429688,0.9999953508377075,381.1784362792969,242.7547607421875,0.9999996423721313,635.3519287109375,222.47877502441406,0.9999960660934448,636.9929809570312,209.0309295654297,0.9999531507492065,629.1932983398438,199.74244689941406,0.997109055519104,638.9640502929688,198.69175720214844,0.377873957157135,645.6212768554688,203.8223114013672,0.08359655737876892,648.4623413085938,209.20281982421875,0.0074745118618011475,643.232177734375,216.4349822998047,0.0011188685894012451,640.04296875,289.03277587890625,0.9999995231628418,648.0130615234375,300.19683837890625,0.999998152256012,644.9197998046875,310.0889892578125,0.9413172602653503,652.478271484375,309.4053039550781,0.9827259182929993,656.3208618164062,305.2872619628906,0.9964954853057861,655.8463134765625,298.060791015625,0.9957050085067749,651.3435668945312,294.72735595703125,0.9522786140441895,517.0689086914062,286.5721130371094,0.9999991655349731,502.9270324707031,288.8673095703125,0.9999990463256836,577.7369995117188,211.96273803710938,0.004300326108932495,515.7845458984375,293.3807373046875,0.03759509325027466,513.3132934570312,298.8631286621094,0.9996609687805176,503.06756591796875,303.6188049316406,0.9999833106994629,488.0895080566406,290.46405029296875,0.9999979734420776,562.4594116210938,231.59152221679688,0.9999992847442627,572.8399658203125,215.3638916015625,0.9999984502792358,578.6482543945312,224.50845336914062,0.9999977946281433,584.90576171875,216.00975036621094,0.999954879283905,585.3321533203125,206.24807739257812,0.9999895095825195,579.2384033203125,201.34580993652344,0.9999926090240479,562.6985473632812,204.58021545410156,0.999971866607666
262,728.3551025390625,269.6069641113281,0.9999998807907104,647.5914916992188,254.1071014404297,0.9999998211860657,648.0916748046875,268.59521484375,0.9999999403953552,648.58447265625,239.94088745117188,0.9999992847442627,533.367431640625,242.84410095214844,1.0,523.5230102539062,261.077880859375,0.9999998807907104,596.36669921875,259.3326721191406,0.9999998807907104,528.7385864257812,250.08651733398438,0.9999998807907104,461.7773742675781,237.3332977294922,0.9999940991401672,380.5519104003906,242.37747192382812,0.9999996423721313,640.926513671875,217.4319305419922,0.9999977350234985,647.8492431640625,202.84848022460938,0.9999768733978271,642.347412109375,190.35171508789062,0.9978929758071899,651.0977172851562,189.48104858398438,0.7304666638374329,657.7959594726562,197.0028839111328,0.6459602117538452,660.1787109375,204.62942504882812,0.831972599029541,655.248046875,212.30886840820312,0.6662019491195679,640.2841186523438,286.96630859375,0.9999997019767761,647.3311767578125,299.5932312011719,0.9999986886978149,643.3915405273438,310.4476013183594,0.9749603867530823,651.4296264648438,309.6211853027344,0.9942768812179565,654.9129638671875,304.8117370605469,0.9989560842514038,655.3524780273438,297.5144958496094,0.999056875705719,649.991943359375,294.18670654296875,0.996788740158081,517.589111328125,285.9953918457031,0.999998927116394,503.12640380859375,288.8904113769531,0.999998927116394,577.9691772460938,211.5397491455078,0.00391051173210144,516.2843017578125,293.42926025390625,0.10821473598480225,513.7246704101562,299.2953796386719,0.9997991323471069,502.8551940917969,303.005126953125,0.9999808073043823,488.2109680175781,290.5049133300781,0.9999980330467224,562.5527954101562,231.1239776611328,0.999998927116394,572.7019653320312,215.50347900390625,0.9999986886978149,577.9522094726562,224.35336303710938,0.9999973773956299,585.8746948242188,216.60574340820312,0.9999169111251831,585.3677978515625,207.03208923339844,0.9999680519104004,578.36376953125,202.0640869140625,0.999981701374054,562.7994384765625,203.9375762939453,0.9999735355377197
263,728.8421020507812,268.2150573730469,0.9999998807907104,650.355224609375,252.66033935546875,0.9999989867210388,648.9544067382812,267.7457275390625,0.9999994039535522,652.2155151367188,238.2953338623047,0.999993085861206,533.6847534179688,242.90866088867188,1.0,524.0166015625,261.17498779296875,0.9999998807907104,597.9287109375,258.154052734375,0.9999996423721313,528.9755859375,250.2534637451172,1.0,462.1103820800781,237.4348602294922,0.9999916553497314,379.6708068847656,242.3118438720703,0.9999995231628418,650.747802734375,215.70545959472656,0.9999170899391174,663.3989868164062,205.88551330566406,0.9999924898147583,663.0537719726562,193.07742309570312,0.9954370856285095,671.0325317382812,194.5650177001953,0.947939932346344,673.8876953125,199.80340576171875,0.7202914953231812,673.758056640625,204.46697998046875,0.7881274223327637,672.9104614257812,211.9240264892578,0.6797876358032227,639.5773315429688,286.2820129394531,0.9999995231628418,647.0599365234375,298.53594970703125,0.9999991655349731,643.3170776367188,310.08642578125,0.985663652420044,651.2393188476562,309.3815002441406,0.997806191444397,655.4253540039062,304.6916809082031,0.9995895028114319,655.3978271484375,296.7738342285156,0.9997261762619019,649.9641723632812,293.30108642578125,0.9993175864219666,517.385009765625,285.7433776855469,0.9999992847442627,503.06060791015625,288.5635681152344,0.9999987483024597,577.9923706054688,211.27005004882812,0.006416350603103638,516.0571899414062,293.78802490234375,0.06083512306213379,513.1827392578125,299.63665771484375,0.9995602369308472,502.4820251464844,303.0714416503906,0.9999785423278809,487.8823547363281,290.42535400390625,0.9999984502792358,562.2776489257812,230.80445861816406,0.9999986886978149,572.1233520507812,214.9571990966797,0.9999983310699463,577.7318725585938,223.97218322753906,0.9999958872795105,585.5040893554688,215.55889892578125,0.9999164342880249,587.0364990234375,206.7334442138672,0.9999709725379944,578.3704223632812,201.68081665039062,0.9999793767929077,562.3065795898438,203.67481994628906,0.9999745488166809
264,730.7821044921875,266.61907958984375,0.9999997615814209,651.9615478515625,251.12501525878906,0.9999954700469971,649.4038696289062,266.5396728515625,0.9999980926513672,653.5718383789062,237.8309783935547,0.9999550580978394,534.7622680664062,243.0679931640625,1.0,525.62109375,261.5870666503906,0.9999998807907104,598.8203125,257.6042785644531,0.9999992847442627,530.370849609375,250.46067810058594,1.0,463.26434326171875,237.57408142089844,0.9999889135360718,380.1603088378906,242.09043884277344,0.9999992847442627,663.714111328125,213.17022705078125,0.9998421669006348,681.554443359375,206.4489288330078,0.9999630451202393,684.161376953125,190.77117919921875,0.9948937892913818,690.68408203125,191.5019989013672,0.9744633436203003,694.0924072265625,194.94642639160156,0.7913703918457031,692.9142456054688,201.8182373046875,0.7151122093200684,689.1959838867188,212.95851135253906,0.014079809188842773,639.42236328125,285.2450256347656,0.9999989867210388,647.5455932617188,298.3055419921875,0.9999984502792358,642.8137817382812,310.41241455078125,0.9696458578109741,651.2369384765625,310.05718994140625,0.9938144683837891,655.2880249023438,304.9072265625,0.9994121789932251,655.27001953125,296.4554748535156,0.9996602535247803,650.0431518554688,293.01812744140625,0.9996629953384399,517.4782104492188,285.8899230957031,0.9999991655349731,502.5286865234375,288.4093017578125,0.9999984502792358,577.8630981445312,211.20628356933594,0.006200879812240601,515.0433349609375,292.89434814453125,0.043947041034698486,512.7538452148438,298.7162780761719,0.9995884895324707,501.9933776855469,303.2723083496094,0.9999839067459106,487.3370056152344,290.34881591796875,0.9999974966049194,562.7463989257812,230.20709228515625,0.9999995827674866,571.9313354492188,214.5723419189453,0.9999983310699463,577.5031127929688,222.86972045898438,0.9999954700469971,585.2312622070312,215.53204345703125,0.9999352693557739,586.8706665039062,206.60374450683594,0.9999669790267944,578.2100219726562,201.7901611328125,0.9999728798866272,562.1185302734375,203.74017333984375,0.9999732971191406
265,731.434326171875,265.2611083984375,0.9999998211860657,653.1676025390625,252.3211669921875,0.9999894499778748,649.7001953125,266.8712463378906,0.9999960660934448,652.9760131835938,240.4357147216797,0.9999909400939941,535.4736938476562,243.37930297851562,0.9999998807907104,526.1908569335938,261.67138671875,0.9999998211860657,599.9994506835938,256.6148986816406,0.9999966025352478,530.9931640625,250.83497619628906,1.0,464.0851135253906,237.71151733398438,0.9999841451644897,380.521728515625,242.12205505371094,0.9999994039535522,671.67578125,217.3224334716797,0.9998973608016968,691.9310302734375,210.14273071289062,0.999920129776001,689.946044921875,195.90138244628906,0.7549192309379578,697.14013671875,196.75115966796875,0.8078563213348389,701.46240234375,199.90817260742188,0.8781575560569763,700.5492553710938,209.30921936035156,0.8697753548622131,697.2110595703125,220.0275421142578,0.5816168785095215,639.5823364257812,285.0133361816406,0.9999992251396179,648.0311279296875,298.7415771484375,0.9999983310699463,643.240478515625,310.6587219238281,0.9628056287765503,651.652099609375,310.3819580078125,0.9920389652252197,655.7755737304688,305.11444091796875,0.9995580911636353,655.8233032226562,296.8326721191406,0.9998087882995605,650.5677490234375,293.4815979003906,0.9997462630271912,518.21435546875,285.47991943359375,0.9999990463256836,502.3923034667969,288.42462158203125,0.9999983310699463,577.8047485351562,211.1905517578125,0.008178949356079102,515.173828125,293.1894226074219,0.1098962128162384,512.2584838867188,299.7982177734375,0.9995977878570557,501.9376525878906,303.1720275878906,0.9999841451644897,487.8766174316406,290.5270080566406,0.9999976754188538,563.3444213867188,229.99888610839844,0.9999997019767761,572.4029541015625,214.29544067382812,0.9999979734420776,577.9844970703125,222.4196014404297,0.9999964833259583,585.7743530273438,215.0773162841797,0.9999097585678101,585.6019287109375,206.73776245117188,0.9999592304229736,578.0888061523438,201.54762268066406,0.9999857544898987,562.0223388671875,203.6702117919922,0.9999691843986511
266,732.7030639648438,264.6890869140625,0.9999998211860657,653.3418579101562,252.38002014160156,0.9999915361404419,650.716552734375,265.9564514160156,0.9999951124191284,654.9771728515625,242.07411193847656,0.9999983310699463,535.9725341796875,243.3711395263672,0.9999999403953552,526.6449584960938,261.1283264160156,0.9999998807907104,602.3138427734375,256.2575988769531,0.999990701675415,531.6372680664062,250.63150024414062,1.0,462.9299621582031,237.82472229003906,0.999992847442627,380.8482360839844,241.96780395507812,0.9999991655349731,673.6099243164062,219.1439971923828,0.9999854564666748,693.8861694335938,213.44834899902344,0.9999972581863403,695.0128784179688,200.03323364257812,0.9998773336410522,702.8900756835938,201.68600463867188,0.9999607801437378,705.5872802734375,208.4895477294922,0.999969482421875,703.3169555664062,213.77723693847656,0.9998739957809448,698.9556274414062,221.4837188720703,0.9959535598754883,639.7025146484375,284.463623046875,0.9999988079071045,648.4562377929688,298.3648376464844,0.9999985098838806,642.566162109375,310.0229797363281,0.9816091060638428,651.578125,310.290771484375,0.9966204166412354,656.0413818359375,305.51531982421875,0.9997364282608032,656.5807495117188,297.0530090332031,0.9999173879623413,651.092041015625,293.3096618652344,0.9998916387557983,519.07373046875,284.3230285644531,0.9999984502792358,503.1545104980469,288.8982849121094,0.9999988079071045,577.9390258789062,211.21046447753906,0.009829699993133545,515.9764404296875,292.8570556640625,0.2751564681529999,513.9854736328125,300.1697082519531,0.9997863173484802,502.8272399902344,303.9993591308594,0.999970555305481,488.40838623046875,290.4224548339844,0.9999978542327881,563.56494140625,230.0452117919922,0.9999997019767761,572.154541015625,214.71316528320312,0.9999980330467224,577.79931640625,222.94973754882812,0.9999964237213135,585.7353515625,215.46612548828125,0.9999223351478577,585.551513671875,206.80003356933594,0.9999629259109497,577.9207153320312,201.6628875732422,0.9999872446060181,562.10888671875,203.74530029296875,0.9999678134918213
267,733.9027099609375,264.0404052734375,0.9999999403953552,653.7332763671875,252.27296447753906,0.999991238117218,650.977783203125,266.0677185058594,0.9999915361404419,655.5056762695312,241.70310974121094,0.9999984502792358,536.6541137695312,243.58273315429688,0.9999998807907104,527.6715698242188,261.2925720214844,0.9999998807907104,603.1171264648438,255.4498748779297,0.9999911189079285,532.4429321289062,250.82078552246094,1.0,463.2038879394531,238.20852661132812,0.9999927282333374,381.7273254394531,241.5032196044922,0.999998927116394,673.4715576171875,219.42068481445312,0.9999886155128479,694.3751831054688,213.27206420898438,0.9999974966049194,695.1571044921875,199.98269653320312,0.9999573230743408,703.9745483398438,201.75332641601562,0.9999866485595703,706.61474609375,208.51791381835938,0.9999947547912598,704.0862426757812,214.1032257080078,0.9999807476997375,699.3779907226562,221.6656951904297,0.9986091256141663,639.7958984375,284.3310852050781,0.9999985694885254,648.3084716796875,298.4837951660156,0.9999986886978149,640.0160522460938,309.6856689453125,0.98198002576828,651.1539916992188,310.1310729980469,0.994683563709259,654.7706909179688,306.07769775390625,0.9996331930160522,656.7021484375,297.40789794921875,0.999828577041626,651.2410278320312,293.5506896972656,0.9997932314872742,518.9856567382812,284.0055847167969,0.9999985694885254,502.8369140625,288.9080810546875,0.9999991655349731,696.4989013671875,203.56915283203125,0.014320135116577148,515.36767578125,292.82513427734375,0.31578385829925537,513.4943237304688,300.13494873046875,0.9997941255569458,503.2637939453125,302.7815856933594,0.9999737739562988,488.14984130859375,290.2438659667969,0.9999977350234985,563.7744750976562,229.85333251953125,0.9999997615814209,572.202880859375,214.74745178222656,0.9999983310699463,577.7969360351562,222.80514526367188,0.9999969005584717,584.0967407226562,215.88185119628906,0.9999202489852905,585.5955200195312,206.8511962890625,0.9999667406082153,578.0899658203125,201.70474243164062,0.9999881386756897,562.4138793945312,203.65992736816406,0.999972939491272
268,734.2988891601562,264.46038818359375,0.9999998807907104,654.6896362304688,253.0611114501953,0.9999850988388062,650.8907470703125,266.6427917480469,0.9999860525131226,655.0568237304688,241.66029357910156,0.9999979138374329,537.8677978515625,243.46035766601562,0.9999999403953552,528.6337280273438,261.9332580566406,0.9999998807907104,603.414306640625,254.62362670898438,0.9999950528144836,533.2779541015625,251.3760528564453,1.0,463.5828857421875,238.4467315673828,0.9999936819076538,381.8217468261719,241.57012939453125,0.9999991655349731,673.002685546875,219.67303466796875,0.9999874234199524,694.2467651367188,213.41754150390625,0.9999953508377075,694.8897705078125,200.0359344482422,0.9999327063560486,702.33203125,202.49766540527344,0.9999872446060181,706.8135986328125,208.86819458007812,0.9999958276748657,703.9428100585938,214.35728454589844,0.9999812245368958,698.9249877929688,221.69776916503906,0.9987545609474182,639.594970703125,284.240966796875,0.9999982118606567,647.96142578125,298.05572509765625,0.9999986886978149,639.8027954101562,309.3293151855469,0.9771519899368286,650.869873046875,309.86944580078125,0.9963455200195312,654.471923828125,305.7225646972656,0.9997222423553467,656.3811645507812,296.9408264160156,0.9998383522033691,650.8731079101562,293.21856689453125,0.9998303651809692,518.6345825195312,284.6767578125,0.9999991059303284,502.2942810058594,288.49652099609375,0.9999992847442627,695.0459594726562,203.712158203125,0.048492878675460815,514.7067260742188,293.3344421386719,0.09841662645339966,512.4552001953125,300.2507629394531,0.9994991421699524,502.6483459472656,302.4295959472656,0.9999738931655884,487.4796447753906,290.12994384765625,0.9999979734420776,564.3890991210938,229.9276580810547,0.9999996423721313,572.2101440429688,214.84286499023438,0.9999982118606567,577.6845092773438,222.7901611328125,0.9999953508377075,585.6848754882812,215.76162719726562,0.999925971031189,586.8401489257812,206.23095703125,0.9999568462371826,578.0178833007812,201.84445190429688,0.9999834895133972,562.1900634765625,203.9502410888672,0.9999707341194153
269,734.9132690429688,264.8421936035156,0.9999998211860657,653.1199951171875,251.94815063476562,0.9999942779541016,650.65087890625,266.4913024902344,0.9999904632568359,655.0706176757812,241.39585876464844,0.9999985694885254,537.7258911132812,243.8888702392578,0.9999998807907104,528.6918334960938,261.708740234375,0.9999999403953552,603.3728637695312,254.46507263183594,0.9999938011169434,533.5906372070312,251.2911376953125,1.0,463.683349609375,238.24661254882812,0.9999936819076538,381.0442199707031,241.346435546875,0.9999991655349731,672.9290771484375,219.02684020996094,0.9999945759773254,694.2196655273438,214.20315551757812,0.9999985694885254,694.2213134765625,200.52720642089844,0.999975323677063,702.175537109375,202.18064880371094,0.9999936819076538,706.560546875,208.88455200195312,0.9999985694885254,703.3419189453125,214.6175079345703,0.9999926090240479,698.0830078125,221.82403564453125,0.9996864199638367,639.3560180664062,284.2222900390625,0.9999980330467224,648.2906494140625,298.4205627441406,0.9999987483024597,640.00830078125,309.37298583984375,0.9789289236068726,650.8575439453125,309.90252685546875,0.9966892004013062,654.5383911132812,305.9478759765625,0.9997729063034058,656.52685546875,297.2933349609375,0.9998946189880371,650.9654541015625,293.24462890625,0.9998571872711182,518.8468627929688,284.1596374511719,0.9999990463256836,503.1261291503906,288.9408264160156,0.9999992847442627,694.5150146484375,203.21322631835938,0.10616350173950195,515.425048828125,293.70697021484375,0.21905839443206787,512.8285522460938,300.8271179199219,0.9994802474975586,502.79547119140625,302.3751220703125,0.9999631643295288,488.1597595214844,289.8693542480469,0.9999980926513672,564.504150390625,229.85824584960938,0.9999997019767761,572.261474609375,214.74818420410156,0.9999983906745911,577.9967651367188,222.7261505126953,0.9999958276748657,585.832275390625,215.6204376220703,0.9999307990074158,584.3500366210938,207.14669799804688,0.9999639987945557,578.1559448242188,201.74659729003906,0.9999871253967285,562.398193359375,203.8871612548828,0.99997478723526
270,735.0845336914062,264.76422119140625,0.9999998807907104,654.1146240234375,251.82972717285156,0.9999969005584717,651.351318359375,266.63043212890625,0.9999921321868896,656.5700073242188,240.59312438964844,0.9999990463256836,538.0195922851562,243.42236328125,0.9999998211860657,529.0958251953125,261.6026611328125,0.9999999403953552,604.234130859375,254.17237854003906,0.9999940395355225,533.68212890625,251.1411895751953,1.0,464.78240966796875,238.34017944335938,0.9999880790710449,381.49127197265625,241.32711791992188,0.9999991655349731,672.7256469726562,218.7149658203125,0.9999974966049194,693.9298095703125,214.15069580078125,0.9999990463256836,693.9408569335938,200.59921264648438,0.999980092048645,702.1029663085938,202.1857147216797,0.9999937415122986,706.52099609375,208.95166015625,0.9999986886978149,703.1608276367188,214.67813110351562,0.9999927282333374,697.697998046875,222.00177001953125,0.9994959831237793,639.7140502929688,284.3849792480469,0.9999984502792358,648.1641845703125,298.4268798828125,0.9999990463256836,640.0097045898438,309.29052734375,0.980549693107605,650.7565307617188,309.9383850097656,0.9971942901611328,654.532958984375,305.9587097167969,0.9998092651367188,656.7886962890625,297.2314453125,0.9999189376831055,651.1986083984375,293.056884765625,0.9998470544815063,519.0064086914062,284.2597961425781,0.9999991655349731,503.2825622558594,288.8302307128906,0.9999991655349731,694.0804443359375,203.19390869140625,0.10248130559921265,515.2202758789062,293.6646423339844,0.21856427192687988,512.5966186523438,300.66510009765625,0.9994109869003296,502.4579162597656,303.7051086425781,0.9999666810035706,488.4561767578125,289.490966796875,0.9999983906745911,564.6970825195312,229.9540557861328,0.9999996423721313,572.2051391601562,214.7898406982422,0.9999983906745911,577.958740234375,222.7216339111328,0.9999964237213135,584.3658447265625,215.07595825195312,0.9999449849128723,584.3853759765625,207.1585693359375,0.9999725222587585,578.1480712890625,201.79043579101562,0.9999884963035583,562.3418579101562,204.01673889160156,0.999976396560669
271,735.097900390625,265.2182312011719,0.9999998211860657,654.4707641601562,251.798095703125,0.9999985694885254,651.6436157226562,266.43255615234375,0.9999938607215881,656.9328002929688,240.51234436035156,0.9999992847442627,538.4420776367188,243.65048217773438,0.9999999403953552,529.3838500976562,262.0450134277344,0.9999999403953552,604.713623046875,253.68862915039062,0.999994158744812,534.1441040039062,251.3851776123047,0.9999999403953552,464.8777160644531,238.58920288085938,0.9999899864196777,381.6873779296875,240.99807739257812,0.9999991655349731,672.5884399414062,218.48431396484375,0.9999982714653015,693.8321533203125,214.1559600830078,0.9999994039535522,693.7721557617188,200.65789794921875,0.9999862909317017,703.1596069335938,201.6938018798828,0.9999951720237732,706.4857788085938,208.87405395507812,0.9999991655349731,703.0856323242188,214.85693359375,0.9999948143959045,697.3547973632812,222.13143920898438,0.9997597932815552,639.6649169921875,285.2572021484375,0.9999988079071045,648.243408203125,298.3892517089844,0.9999990463256836,640.060302734375,309.14251708984375,0.9764539003372192,650.663330078125,309.90386962890625,0.995523989200592,654.5795288085938,306.2523498535156,0.9998146295547485,657.1082763671875,297.4690856933594,0.9999169707298279,651.5608520507812,293.1881408691406,0.999849796295166,518.7242431640625,284.3782958984375,0.9999990463256836,503.2846984863281,288.9211730957031,0.9999992847442627,693.9766235351562,203.27711486816406,0.10420063138008118,514.9179077148438,293.8656921386719,0.16987672448158264,512.1827392578125,300.75714111328125,0.999192476272583,502.715576171875,302.4372863769531,0.9999665021896362,488.4371643066406,289.6142578125,0.9999985098838806,564.9978637695312,229.7755889892578,0.9999996423721313,572.2525024414062,214.66650390625,0.9999983906745911,578.04833984375,222.5618133544922,0.9999972581863403,584.4613647460938,214.91522216796875,0.99996018409729,584.5806884765625,206.94500732421875,0.9999801516532898,578.2332153320312,201.68557739257812,0.9999909400939941,562.3739624023438,204.0373992919922,0.999980092048645
272,735.2407836914062,264.30914306640625,1.0,654.6995849609375,251.59544372558594,0.999999463558197,652.0798950195312,266.04425048828125,0.9999957084655762,657.84814453125,240.2242889404297,0.9999996423721313,539.2737426757812,243.538818359375,0.9999998807907104,529.9481811523438,261.95391845703125,0.9999998807907104,605.0299072265625,253.02064514160156,0.999993085861206,535.0552978515625,251.34962463378906,1.0,465.1222839355469,238.78248596191406,0.9999860525131226,382.7388610839844,240.8121795654297,0.9999992847442627,672.8665161132812,217.99111938476562,0.9999990463256836,693.9385375976562,213.90538024902344,0.9999997615814209,693.93017578125,200.40188598632812,0.9999933242797852,701.9464721679688,201.8834686279297,0.9999967813491821,706.3893432617188,208.7021942138672,0.9999995231628418,702.96044921875,214.79000854492188,0.999997615814209,697.234619140625,222.07916259765625,0.9998410940170288,639.8424072265625,285.0989074707031,0.9999993443489075,648.0809326171875,298.5112609863281,0.9999990463256836,640.5296630859375,309.0776062011719,0.9730701446533203,650.7398071289062,309.4104919433594,0.9930514693260193,654.8125,306.27423095703125,0.9996483325958252,656.9743041992188,297.42669677734375,0.9998791217803955,651.873291015625,293.46551513671875,0.9997533559799194,518.4647216796875,284.7167663574219,0.999998927116394,503.13275146484375,288.9021301269531,0.9999992251396179,690.876953125,206.3740692138672,0.05111232399940491,514.6990966796875,293.8168029785156,0.12225213646888733,512.777587890625,299.86956787109375,0.9990777969360352,501.9996032714844,303.3061218261719,0.9999733567237854,488.5439758300781,289.02801513671875,0.9999982118606567,565.5381469726562,229.5966339111328,0.9999997615814209,572.3975830078125,214.48355102539062,0.9999983906745911,578.2372436523438,222.28814697265625,0.999998152256012,584.6275634765625,214.99307250976562,0.9999779462814331,584.7521362304688,206.88394165039062,0.999985933303833,578.3616333007812,201.6329345703125,0.9999943971633911,562.7894897460938,203.7634735107422,0.9999860525131226
273,736.302001953125,265.0078430175781,0.9999999403953552,655.4080200195312,251.46559143066406,0.9999997019767761,652.2540283203125,266.1571960449219,0.9999964237213135,658.1480102539062,239.73794555664062,0.9999996423721313,539.9249267578125,243.30908203125,0.9999998211860657,530.963623046875,262.1025390625,0.9999998211860657,605.5418090820312,252.69406127929688,0.9999940991401672,535.7839965820312,251.2464599609375,0.9999999403953552,465.5379943847656,238.98887634277344,0.9999937415122986,383.5478515625,240.47723388671875,0.9999996423721313,673.1892700195312,217.6914520263672,0.9999991655349731,693.9545288085938,213.87875366210938,0.9999998807907104,693.8782958984375,200.3290252685547,0.9999951720237732,701.8365478515625,201.83132934570312,0.9999973773956299,706.2849731445312,208.57266235351562,0.9999995827674866,702.8889770507812,214.86680603027344,0.9999979734420776,697.1334838867188,222.13011169433594,0.9998676180839539,639.6728515625,284.9324645996094,0.9999995231628418,647.240966796875,297.7973327636719,0.999998927116394,639.5452270507812,308.3020324707031,0.9880143404006958,649.4284057617188,309.1908264160156,0.9920247793197632,653.70751953125,305.8998107910156,0.9997375011444092,656.5111083984375,297.1981201171875,0.9998733997344971,651.6889038085938,292.7300109863281,0.9997672438621521,518.9776000976562,284.5660095214844,0.9999983310699463,503.2237854003906,288.8143615722656,0.9999992847442627,690.8119506835938,206.4267120361328,0.04033258557319641,515.0138549804688,293.487548828125,0.10361409187316895,512.904052734375,299.5406188964844,0.9992347955703735,502.061279296875,303.1204833984375,0.9999761581420898,488.3680114746094,288.7260437011719,0.9999977350234985,565.3834838867188,229.42320251464844,0.9999997615814209,572.2974853515625,214.6968231201172,0.9999979734420776,578.2660522460938,222.4832763671875,0.999997615814209,584.4411010742188,215.12017822265625,0.999972939491272,584.6477661132812,206.94776916503906,0.9999847412109375,578.1088256835938,201.74356079101562,0.999992847442627,562.5056762695312,204.09881591796875,0.999984622001648
274,737.39794921875,264.61944580078125,1.0,656.2936401367188,251.12403869628906,0.9999998211860657,652.63525390625,265.8866882324219,0.9999966025352478,660.59228515625,237.6857147216797,0.9999997615814209,540.018798828125,243.38058471679688,1.0,531.2901611328125,261.9790954589844,0.9999998807907104,605.4624633789062,252.3782501220703,0.9999963045120239,535.9326171875,251.3506622314453,0.9999999403953552,466.1765441894531,238.90870666503906,0.9999955892562866,385.2249450683594,240.75294494628906,0.9999999403953552,673.5075073242188,216.94631958007812,0.9999994039535522,694.0809326171875,213.88238525390625,0.9999998807907104,693.9852905273438,200.5575408935547,0.9999967813491821,701.9239501953125,202.13168334960938,0.9999984502792358,706.2307739257812,208.72593688964844,0.9999998211860657,702.8353881835938,215.19764709472656,0.9999984502792358,696.910888671875,222.0122833251953,0.9998620748519897,639.8284301757812,284.56622314453125,0.9999996423721313,647.0248413085938,297.5820617675781,0.9999990463256836,639.8101806640625,308.2033996582031,0.992506742477417,649.5471801757812,309.0414733886719,0.9943810701370239,653.695556640625,305.7897644042969,0.9997478723526001,656.7127685546875,296.84527587890625,0.9999368190765381,651.911376953125,292.4217834472656,0.9998064041137695,518.8101196289062,284.73583984375,0.9999986290931702,503.0522155761719,288.8070068359375,0.9999991655349731,691.0090942382812,206.58230590820312,0.02788543701171875,514.7518310546875,293.6809997558594,0.09403568506240845,512.3434448242188,299.35040283203125,0.9992719888687134,501.78399658203125,302.7586669921875,0.9999758005142212,488.30224609375,288.3994445800781,0.9999978542327881,565.5718994140625,229.32240295410156,0.9999996423721313,572.2028198242188,214.250732421875,0.9999970197677612,578.106689453125,222.22576904296875,0.999997079372406,584.44140625,215.91970825195312,0.9999547004699707,584.5447998046875,206.67071533203125,0.9999779462814331,578.1395874023438,201.5537567138672,0.9999903440475464,562.1220092773438,204.0170135498047,0.9999856948852539
275,738.704345703125,263.361572265625,1.0,657.5579223632812,250.33140563964844,0.9999998807907104,654.5665893554688,264.0815124511719,0.9999910593032837,661.1602783203125,236.7782440185547,0.9999997615814209,540.5323486328125,243.2066650390625,0.9999998807907104,532.110107421875,262.0281066894531,0.9999998807907104,606.3876342773438,252.0958709716797,0.9999944567680359,536.6641845703125,251.26087951660156,0.9999998807907104,466.3673400878906,239.01197814941406,0.9999964237213135,385.3554382324219,241.2399139404297,0.9999998807907104,673.0065307617188,216.45355224609375,0.9999985694885254,693.745361328125,214.2677001953125,0.9999998807907104,693.9061889648438,200.72225952148438,0.9999973773956299,702.7255249023438,202.2117462158203,0.9999983310699463,705.8771362304688,208.8985137939453,0.9999998211860657,702.6102294921875,215.26608276367188,0.9999982714653015,697.2505493164062,222.31451416015625,0.9998540878295898,640.3609008789062,284.6313171386719,0.9999995231628418,647.689208984375,297.8936462402344,0.9999991059303284,640.6113891601562,308.4156799316406,0.9859515428543091,650.0927734375,308.7532958984375,0.9861578941345215,653.97216796875,305.5176696777344,0.9994024038314819,656.861572265625,296.6527404785156,0.9998688101768494,652.1527099609375,292.3702392578125,0.9997379779815674,519.125,285.0273132324219,0.9999986886978149,502.734375,288.45947265625,0.9999995231628418,694.6926879882812,203.5504913330078,0.03521406650543213,514.4722900390625,293.94696044921875,0.09389415383338928,511.8258361816406,299.0676574707031,0.9995826482772827,501.376220703125,302.1685791015625,0.9999830722808838,487.95648193359375,288.3511047363281,0.9999977350234985,565.6498413085938,229.40968322753906,0.9999995231628418,572.1243896484375,214.3300018310547,0.9999964237213135,578.078125,222.25877380371094,0.9999964833259583,584.4396362304688,215.9980926513672,0.9999412894248962,584.5961303710938,206.79090881347656,0.9999758005142212,578.1605834960938,201.52310180664062,0.9999887943267822,562.264404296875,204.06503295898438,0.9999870657920837
276,738.9992065429688,262.222900390625,1.0,658.6115112304688,249.8590850830078,0.9999998807907104,655.94677734375,263.93017578125,0.9999943971633911,661.8960571289062,236.8760223388672,0.9999995827674866,541.8521118164062,243.0549774169922,0.9999997615814209,533.3436279296875,261.6939697265625,0.9999998807907104,606.7265625,252.0025177001953,0.9999921917915344,537.7163696289062,251.21737670898438,0.9999996423721313,467.7046203613281,238.9545440673828,0.9999963045120239,386.0842590332031,241.1532440185547,0.9999998807907104,672.076904296875,216.257568359375,0.9999983310699463,693.4329833984375,214.29702758789062,0.9999998807907104,693.4180297851562,200.7228546142578,0.9999966025352478,702.4480590820312,202.03610229492188,0.9999979734420776,705.9854125976562,208.72752380371094,0.9999997615814209,702.6127319335938,215.03135681152344,0.9999984502792358,697.0872192382812,222.34295654296875,0.999854326248169,641.1400146484375,284.3943786621094,0.9999995231628418,648.3914794921875,298.33612060546875,0.9999990463256836,641.1297607421875,308.3498229980469,0.9790041446685791,650.926513671875,308.8918151855469,0.9845523834228516,655.8860473632812,305.134765625,0.9992204904556274,657.4916381835938,296.6977233886719,0.999911367893219,652.8145751953125,292.85968017578125,0.9996860027313232,518.9404296875,283.2765808105469,0.9999985694885254,502.5970458984375,288.207275390625,0.9999994039535522,693.5128784179688,203.8151397705078,0.04830428957939148,514.50927734375,294.5571594238281,0.21126329898834229,511.6485595703125,299.5803527832031,0.9996106624603271,501.2427978515625,301.94305419921875,0.9999794363975525,488.00689697265625,288.210693359375,0.9999958872795105,566.0026245117188,229.18695068359375,0.9999997615814209,572.340087890625,215.61865234375,0.9999979138374329,577.9852294921875,221.7211151123047,0.9999978542327881,584.1821899414062,215.54742431640625,0.9999772906303406,584.940185546875,206.3727569580078,0.9999902844429016,578.215576171875,201.2415771484375,0.9999943971633911,562.5656127929688,203.38551330566406,0.9999899864196777
277,740.2813110351562,261.75439453125,1.0,660.0317993164062,250.37588500976562,0.9999998807907104,657.2742309570312,263.92498779296875,0.9999984502792358,662.8536376953125,237.23709106445312,0.9999995231628418,543.0604858398438,242.9865264892578,0.9999997615814209,534.4925537109375,262.00347900390625,0.9999998807907104,608.26416015625,251.12612915039062,0.9999970197677612,539.1895751953125,251.50125122070312,0.9999997019767761,468.27728271484375,238.57923889160156,0.999994158744812,386.9474182128906,241.61260986328125,0.9999999403953552,672.0054321289062,215.90478515625,0.9999985694885254,693.2706909179688,214.23460388183594,0.9999999403953552,693.2714233398438,201.0497589111328,0.9999982714653015,702.0899658203125,202.3153533935547,0.9999988079071045,705.6871337890625,208.75534057617188,0.9999997615814209,702.6270751953125,215.2281494140625,0.999998927116394,697.1653442382812,222.30462646484375,0.9998853206634521,641.9181518554688,284.1272277832031,0.9999995827674866,648.4223022460938,298.1535339355469,0.9999988079071045,641.744384765625,308.263916015625,0.9726494550704956,651.225830078125,308.7618713378906,0.9784667491912842,656.2527465820312,304.878662109375,0.9994017481803894,657.2874145507812,296.1972351074219,0.9999133348464966,652.6762084960938,292.8484191894531,0.9993473887443542,518.8099975585938,282.8144226074219,0.9999986290931702,502.3462219238281,287.82513427734375,0.9999989867210388,693.6034545898438,204.18324279785156,0.0223504900932312,511.5602111816406,293.718994140625,0.07009860873222351,510.6494445800781,299.1972351074219,0.9997420310974121,500.4134826660156,301.49212646484375,0.9999877214431763,487.75286865234375,287.8408203125,0.999994158744812,566.9519653320312,228.99148559570312,0.9999997615814209,572.3561401367188,215.33474731445312,0.9999971985816956,577.912841796875,221.33248901367188,0.9999977946281433,584.2015380859375,215.30899047851562,0.9999727010726929,584.85302734375,206.13865661621094,0.9999881386756897,578.212890625,201.13616943359375,0.9999948143959045,562.7215576171875,203.25372314453125,0.9999912977218628
278,741.2821044921875,261.6368103027344,1.0,660.8324584960938,250.33908081054688,1.0,658.2652587890625,263.7038879394531,0.9999991059303284,663.8033447265625,236.7515411376953,0.9999992847442627,544.3985595703125,242.3738555908203,0.9999997019767761,535.7193603515625,262.086669921875,0.9999997615814209,608.4017333984375,251.1025848388672,0.9999979734420776,540.3296508789062,251.50462341308594,0.9999997019767761,469.971435546875,238.5930633544922,0.9999821186065674,388.83477783203125,241.6253204345703,0.9999998807907104,672.0897216796875,215.38609313964844,0.9999982118606567,693.424560546875,214.05270385742188,1.0,693.2431640625,200.95701599121094,0.9999984502792358,702.220703125,202.23963928222656,0.9999986886978149,705.7274169921875,208.71417236328125,0.9999997615814209,702.5119018554688,215.16934204101562,0.9999985098838806,697.3785400390625,222.34693908691406,0.9997624158859253,642.5579833984375,284.3600158691406,0.9999997615814209,648.6986083984375,298.995361328125,0.9999992251396179,642.754150390625,309.1584167480469,0.9599806070327759,652.7228393554688,309.63311767578125,0.9659609198570251,657.4535522460938,304.9000549316406,0.998218834400177,658.2606811523438,296.5774841308594,0.9998185038566589,653.239501953125,293.3217468261719,0.9990860223770142,519.5652465820312,282.49847412109375,0.9999992847442627,502.5693664550781,287.7796936035156,0.9999986886978149,693.7199096679688,204.06356811523438,0.01792845129966736,511.6351623535156,294.1454772949219,0.13414594531059265,510.4269714355469,299.65185546875,0.9998343586921692,500.1778564453125,301.32391357421875,0.9999895691871643,487.7427978515625,287.5700988769531,0.9999903440475464,567.5277099609375,229.10086059570312,0.9999997019767761,572.4527587890625,215.64402770996094,0.9999976754188538,577.9226684570312,221.79798889160156,0.9999960660934448,584.720703125,215.5137176513672,0.9999704360961914,584.546630859375,206.3282928466797,0.9999896883964539,578.3795166015625,201.1593780517578,0.999995231628418,562.8133544921875,203.58233642578125,0.9999943971633911
279,742.3731689453125,261.40899658203125,1.0,662.3616943359375,249.985107421875,0.9999997615814209,660.1962890625,263.6891174316406,0.999994695186615,664.7350463867188,236.31617736816406,0.9999987483024597,545.6572875976562,242.10255432128906,0.9999998211860657,536.799072265625,262.0987243652344,0.9999997615814209,609.8721313476562,250.22085571289062,0.999997615814209,541.2874755859375,251.7501983642578,0.9999997615814209,469.81610107421875,238.34005737304688,0.9999885559082031,388.7089538574219,241.4143829345703,0.9999999403953552,671.67919921875,215.04783630371094,0.999996542930603,692.9929809570312,214.14208984375,0.9999998807907104,692.6456909179688,201.2477264404297,0.999997615814209,701.7774658203125,202.4285888671875,0.9999985694885254,705.477783203125,208.55238342285156,0.9999995231628418,702.5127563476562,214.9258575439453,0.9999978542327881,697.4531860351562,222.07679748535156,0.9997768402099609,643.5878295898438,284.22039794921875,0.9999995231628418,648.8181762695312,299.01708984375,0.999998927116394,643.1190185546875,309.4034423828125,0.9205095767974854,653.4948120117188,309.6108093261719,0.9547855854034424,657.6469116210938,304.63214111328125,0.9968903660774231,658.43798828125,296.74395751953125,0.9996559619903564,653.5518798828125,293.6866455078125,0.9970153570175171,519.7408447265625,282.7895812988281,0.9999992847442627,502.4425048828125,287.8533020019531,0.9999979734420776,692.275146484375,204.51673889160156,0.11351558566093445,513.5147705078125,295.6019592285156,0.08724558353424072,509.4156799316406,299.7044982910156,0.9997439384460449,499.607421875,300.9872741699219,0.9999860525131226,488.78680419921875,289.0203857421875,0.9999845027923584,568.6220092773438,228.31503295898438,0.9999997019767761,572.58740234375,214.99205017089844,0.9999991655349731,578.2863159179688,221.33261108398438,0.9999955892562866,584.4782104492188,214.17823791503906,0.9999804496765137,585.1187744140625,206.028076171875,0.9999943971633911,578.8895874023438,201.01222229003906,0.9999973773956299,563.5821533203125,202.57089233398438,0.9999936819076538
280,744.4471435546875,260.5827331542969,1.0,663.8406982421875,249.86016845703125,0.999998927116394,661.7843017578125,263.6990966796875,0.9999854564666748,666.5933227539062,236.27301025390625,0.9999980926513672,546.87841796875,241.4259796142578,0.9999998807907104,538.1936645507812,261.594482421875,0.9999995231628418,611.1201782226562,249.88633728027344,0.9999983310699463,542.6055908203125,251.46453857421875,0.9999996423721313,470.71807861328125,238.33546447753906,0.9999929666519165,389.39306640625,241.5060272216797,0.9999998807907104,671.9046020507812,214.6070556640625,0.9999947547912598,693.0206909179688,214.04637145996094,0.9999999403953552,692.8186645507812,201.29991149902344,0.9999977946281433,702.0206298828125,202.51365661621094,0.9999982714653015,705.3737182617188,208.5111083984375,0.9999994039535522,702.62109375,214.69480895996094,0.9999969005584717,697.720947265625,221.76510620117188,0.9997900128364563,644.0489501953125,283.8037109375,0.999998927116394,648.8361206054688,298.73406982421875,0.9999984502792358,642.5004272460938,309.4992370605469,0.9377745389938354,653.1376342773438,309.6902770996094,0.9738571643829346,656.8038940429688,305.0434265136719,0.9971756935119629,658.3491821289062,296.71075439453125,0.9996500015258789,653.2142944335938,293.8043518066406,0.997118353843689,521.2732543945312,282.10992431640625,0.9999985694885254,502.8957214355469,288.0584716796875,0.9999951720237732,692.8541870117188,204.37945556640625,0.09466978907585144,509.3507995605469,296.3607482910156,0.08733969926834106,508.5018615722656,299.9078369140625,0.9994703531265259,499.35723876953125,300.4454650878906,0.9999613761901855,489.5355224609375,289.0696716308594,0.999961793422699,569.2743530273438,227.9367218017578,0.9999996423721313,572.7435302734375,214.43585205078125,0.9999992847442627,578.3328857421875,221.09597778320312,0.9999967813491821,584.61181640625,213.99624633789062,0.9999832510948181,585.2376708984375,205.80014038085938,0.9999933242797852,578.8041381835938,200.79127502441406,0.999997615814209,563.8086547851562,202.2552947998047,0.999992847442627
281,745.5406494140625,259.3464050292969,1.0,664.71875,249.94775390625,0.9999978542327881,662.6265869140625,263.2876892089844,0.9999886751174927,668.0283813476562,236.20803833007812,0.9999978542327881,547.868896484375,241.44361877441406,0.9999998807907104,538.5469360351562,260.7426452636719,0.9999988079071045,610.9149169921875,249.9347686767578,0.9999977946281433,544.257568359375,250.146240234375,0.9999995231628418,472.44525146484375,237.94183349609375,0.9999930262565613,390.989501953125,241.50169372558594,0.9999998807907104,672.5614013671875,216.43093872070312,0.9999957084655762,693.628662109375,213.5143280029297,0.9999998807907104,693.0390625,201.027587890625,0.9999986886978149,702.1727294921875,202.3095245361328,0.9999983906745911,705.7416381835938,208.05844116210938,0.9999995231628418,703.2948608398438,214.42294311523438,0.9999985694885254,698.4418334960938,220.95162963867188,0.9998583793640137,644.7064208984375,283.6168518066406,0.9999987483024597,648.4900512695312,298.5271911621094,0.999998927116394,642.9644165039062,309.1192626953125,0.9310469627380371,653.3991088867188,309.1922607421875,0.9758714437484741,657.4279174804688,304.5013732910156,0.9970830678939819,658.1525268554688,296.68096923828125,0.9996199607849121,652.058349609375,293.0843505859375,0.9935811758041382,521.3296508789062,281.891357421875,0.9999976754188538,502.6058044433594,288.26123046875,0.9999896883964539,693.7361450195312,203.9860076904297,0.045056939125061035,508.689208984375,296.7002868652344,0.1387578248977661,507.4897766113281,299.9268798828125,0.9994337558746338,498.6354675292969,299.80889892578125,0.9999509453773499,489.1526794433594,289.06268310546875,0.9999502301216125,569.7977905273438,227.81617736816406,0.9999992847442627,572.5051879882812,214.30596923828125,0.9999991655349731,578.0765380859375,221.20704650878906,0.9999876022338867,584.2754516601562,214.19020080566406,0.9999691843986511,585.44873046875,205.91180419921875,0.9999926090240479,578.66357421875,201.0276641845703,0.9999975562095642,563.8453979492188,202.37599182128906,0.9999938607215881
282,746.5132446289062,258.7593688964844,1.0,665.840576171875,250.46463012695312,0.9999988079071045,663.3823852539062,263.1888732910156,0.9999944567680359,669.787353515625,235.65255737304688,0.9999983310699463,548.6906127929688,240.7444610595703,0.9999997615814209,540.5621948242188,260.12353515625,0.999998927116394,611.94970703125,249.16595458984375,0.9999982714653015,545.6848754882812,249.6151885986328,0.9999997615814209,473.2760009765625,237.37057495117188,0.9999796152114868,391.9982604980469,241.65711975097656,0.9999995827674866,672.62255859375,215.6455078125,0.9999975562095642,693.3663940429688,213.48129272460938,0.9999998807907104,692.90673828125,201.233642578125,0.9999994039535522,702.1166381835938,202.42245483398438,0.999998927116394,705.7120361328125,208.28781127929688,0.9999997615814209,703.2642211914062,214.89744567871094,0.9999991655349731,697.8348388671875,221.26036071777344,0.9999252557754517,645.6730346679688,283.279052734375,0.9999991059303284,648.4255981445312,298.278076171875,0.999998927116394,643.2242431640625,308.6172790527344,0.9458664655685425,653.5220336914062,308.41900634765625,0.98488450050354,657.8509521484375,304.5715637207031,0.9982759356498718,658.2201538085938,296.6676025390625,0.9996902942657471,652.5637817382812,292.6569519042969,0.9896328449249268,522.407958984375,281.4210510253906,0.9999966621398926,502.92205810546875,288.1617736816406,0.9999892711639404,498.1092834472656,282.7534484863281,0.019860684871673584,509.118408203125,297.0185546875,0.21560728549957275,506.699951171875,300.5267028808594,0.9992381930351257,498.37310791015625,299.547607421875,0.9999343156814575,489.6404724121094,288.5935974121094,0.9999096989631653,570.4194946289062,227.43687438964844,0.9999991655349731,572.2490844726562,213.94456481933594,0.9999990463256836,578.1156616210938,220.94790649414062,0.9999747276306152,584.5735473632812,214.16531372070312,0.9999669790267944,585.2450561523438,205.81689453125,0.9999918937683105,578.71142578125,200.82188415527344,0.9999971389770508,563.7933959960938,201.95571899414062,0.9999921321868896
283,747.30224609375,258.8298034667969,1.0,666.976318359375,250.32667541503906,0.999998927116394,664.7377319335938,263.3933410644531,0.999985933303833,670.5257568359375,234.748046875,0.9999988079071045,549.462646484375,240.19976806640625,0.9999995827674866,541.3998413085938,259.7467956542969,0.9999986886978149,612.6998901367188,248.8336181640625,0.9999985694885254,546.3088989257812,249.47813415527344,0.9999997615814209,474.1811218261719,237.65399169921875,0.9999856352806091,392.4193420410156,241.0238494873047,0.9999992847442627,672.5335083007812,215.3255157470703,0.9999972581863403,693.2550659179688,213.49781799316406,0.9999998807907104,692.9874877929688,201.2860565185547,0.9999994039535522,702.075927734375,202.5220489501953,0.9999988079071045,705.5302734375,208.36683654785156,0.9999997615814209,703.2064819335938,214.78903198242188,0.9999991655349731,697.67822265625,221.2960968017578,0.9999479651451111,645.9232788085938,283.6479797363281,0.9999986886978149,648.4526977539062,298.5186462402344,0.9999988079071045,643.41796875,308.6556396484375,0.9536707401275635,653.71435546875,308.465087890625,0.9797236919403076,657.98486328125,304.68670654296875,0.9963194131851196,658.3883056640625,296.90045166015625,0.9994440078735352,653.0092163085938,292.7702941894531,0.9797704219818115,523.2974243164062,281.47918701171875,0.9999972581863403,503.1722106933594,288.4477233886719,0.999985933303833,693.6947021484375,204.30877685546875,0.026988118886947632,509.5540771484375,297.11541748046875,0.09128594398498535,507.8177490234375,300.2106628417969,0.9988827109336853,499.00140380859375,300.02508544921875,0.9999037981033325,489.8361511230469,288.96575927734375,0.9999015927314758,571.1275024414062,227.02333068847656,0.9999997019767761,572.2691650390625,213.40744018554688,0.9999996423721313,578.3382568359375,220.55821228027344,0.9999711513519287,584.5494995117188,213.8524169921875,0.999990701675415,585.66015625,205.84024047851562,0.999996542930603,578.7491455078125,201.052978515625,0.9999985098838806,564.5761108398438,201.6834259033203,0.9999948740005493
284,748.2381591796875,258.16461181640625,1.0,667.9180297851562,250.01219177246094,0.9999975562095642,665.3716430664062,263.16595458984375,0.9999548196792603,671.4906005859375,234.6763458251953,0.9999991655349731,550.3877563476562,239.69215393066406,0.9999995827674866,542.4900512695312,259.086181640625,0.9999983906745911,614.3176879882812,248.27835083007812,0.9999974966049194,545.8065185546875,249.32943725585938,0.9999998807907104,475.0043640136719,237.94297790527344,0.9999915361404419,392.5491943359375,241.30038452148438,0.9999995231628418,672.2743530273438,215.24436950683594,0.9999964237213135,693.2175903320312,213.61431884765625,0.9999998211860657,692.966064453125,201.28013610839844,0.9999992847442627,702.1636352539062,202.54232788085938,0.9999986290931702,705.603515625,208.39520263671875,0.9999997615814209,703.3469848632812,214.7890625,0.9999991059303284,697.9481201171875,221.32662963867188,0.9999524354934692,646.5972290039062,282.8581848144531,0.9999969601631165,648.8314208984375,298.348388671875,0.999998927116394,643.2197875976562,308.0252990722656,0.9747905731201172,653.1685791015625,308.5684509277344,0.9797260761260986,658.0888671875,304.76898193359375,0.9968822598457336,658.8634033203125,296.88153076171875,0.9994285106658936,653.560546875,292.4884033203125,0.9766343832015991,525.3304443359375,280.8114929199219,0.999992847442627,503.8035583496094,288.23553466796875,0.9999818801879883,693.1810913085938,204.31309509277344,0.054213643074035645,510.9984130859375,296.50921630859375,0.12684035301208496,509.3635559082031,300.52374267578125,0.9990264177322388,500.03955078125,300.8358459472656,0.9998897314071655,489.8989562988281,289.47509765625,0.9998876452445984,571.7906494140625,226.7682342529297,0.9999996423721313,572.2207641601562,213.58641052246094,0.9999995827674866,578.3268432617188,220.68655395507812,0.9999710321426392,584.4251708984375,214.20362854003906,0.9999902844429016,585.4862060546875,206.16697692871094,0.9999958276748657,578.7071533203125,201.2401885986328,0.9999982118606567,564.6686401367188,201.5055389404297,0.9999946355819702
285,750.06103515625,257.8359069824219,1.0,668.5778198242188,249.94760131835938,0.999997615814209,667.6449584960938,263.0720520019531,0.9999605417251587,672.1808471679688,234.73410034179688,0.9999995231628418,550.587158203125,239.39630126953125,0.9999994039535522,544.0208740234375,259.9945373535156,0.9999988079071045,614.6514892578125,247.943603515625,0.9999964237213135,546.5178833007812,248.71084594726562,0.9999999403953552,474.79901123046875,237.48043823242188,0.999994158744812,393.186767578125,241.0241241455078,0.9999995231628418,672.3500366210938,215.22348022460938,0.9999969601631165,693.0950317382812,213.61029052734375,0.9999998807907104,692.968994140625,201.2587890625,0.9999994039535522,702.2958984375,202.6140594482422,0.9999984502792358,705.6004638671875,208.6666259765625,0.9999997615814209,703.2799072265625,214.75315856933594,0.999998927116394,697.7626342773438,221.17091369628906,0.9999547004699707,646.8402099609375,283.263916015625,0.9999974370002747,649.3522338867188,298.9597473144531,0.999998152256012,643.5418701171875,308.30328369140625,0.9346289038658142,653.5264282226562,308.5483703613281,0.9788474440574646,657.4227294921875,304.62652587890625,0.9967495203018188,659.3524780273438,297.41156005859375,0.9989951848983765,654.1052856445312,293.1176452636719,0.9732917547225952,526.3455200195312,277.8443298339844,0.9999868869781494,507.0016174316406,283.2537841796875,0.99996417760849,693.2431640625,203.98931884765625,0.052781492471694946,510.7076110839844,293.493408203125,0.2721571922302246,510.8668518066406,297.2569580078125,0.999069094657898,501.83673095703125,297.2370910644531,0.9999369382858276,493.21148681640625,284.0250244140625,0.9996687173843384,571.7728881835938,226.5056610107422,0.9999996423721313,572.323486328125,213.33303833007812,0.9999996423721313,578.29443359375,220.49205017089844,0.9999814033508301,584.0084838867188,214.1061553955078,0.9999883770942688,585.3063354492188,205.981201171875,0.9999967217445374,578.53759765625,201.1498565673828,0.9999985694885254,564.7607421875,201.2141571044922,0.9999952912330627
286,751.0916137695312,257.0925598144531,1.0,669.515869140625,250.4596405029297,0.9999984502792358,668.1890258789062,263.28271484375,0.9999784827232361,672.9219970703125,234.77162170410156,0.9999998211860657,551.1829223632812,238.89483642578125,0.9999997615814209,544.868408203125,260.0585021972656,0.9999998211860657,615.4562377929688,247.3080291748047,0.9999970197677612,547.1213989257812,248.31149291992188,1.0,477.5085144042969,236.74314880371094,0.9999932646751404,394.2520446777344,240.45204162597656,0.9999994039535522,672.5674438476562,214.98155212402344,0.9999967813491821,693.203369140625,213.57095336914062,0.9999999403953552,693.1788940429688,201.0453338623047,0.999999463558197,702.6602172851562,202.56846618652344,0.9999984502792358,705.7256469726562,208.91952514648438,0.9999997019767761,703.2543334960938,214.79769897460938,0.9999985694885254,697.6166381835938,221.13340759277344,0.9999628067016602,647.1058349609375,283.43768310546875,0.9999938011169434,649.2268676757812,298.8551330566406,0.999998152256012,643.5950317382812,308.0658264160156,0.9501926302909851,653.5816040039062,308.8436279296875,0.9763132333755493,657.7808837890625,304.81219482421875,0.9965400695800781,659.532958984375,297.8458251953125,0.9987154603004456,654.7702026367188,293.020751953125,0.9331111907958984,530.5460815429688,280.2389221191406,0.9999866485595703,510.3600158691406,279.63092041015625,0.9999626874923706,693.761962890625,203.8411407470703,0.03005734086036682,696.7523803710938,201.8821258544922,0.02943575382232666,515.5610961914062,291.0995788574219,0.3947466313838959,506.4934997558594,293.9935302734375,0.9984217882156372,497.0876159667969,282.753173828125,0.9999849796295166,572.618896484375,226.14019775390625,0.9999998211860657,571.9366455078125,213.0150604248047,0.9999998807907104,577.4432373046875,220.30291748046875,0.9997757077217102,585.119873046875,214.71749877929688,0.9999862313270569,585.417236328125,205.9254150390625,0.9999979734420776,578.557373046875,201.1681365966797,0.9999985694885254,565.3643188476562,201.0738067626953,0.9999948740005493
287,752.6396484375,256.6861572265625,1.0,670.648681640625,248.73008728027344,0.9999990463256836,669.9718017578125,263.08203125,0.999991774559021,675.3461303710938,234.52810668945312,0.9999999403953552,551.9089965820312,238.45989990234375,0.9999998807907104,545.6353759765625,259.6568908691406,1.0,617.0494384765625,247.00286865234375,0.9999969005584717,547.6586303710938,247.72457885742188,1.0,478.59271240234375,236.41957092285156,0.9999948740005493,395.50518798828125,239.83912658691406,0.9999995827674866,673.1560668945312,214.48435974121094,0.9999990463256836,693.3351440429688,213.55921936035156,0.9999999403953552,693.4215698242188,201.07339477539062,0.9999995231628418,702.3778076171875,202.67156982421875,0.999998927116394,705.93408203125,209.1085662841797,0.9999997615814209,703.4312133789062,214.8690948486328,0.9999990463256836,697.669189453125,220.7447967529297,0.9999837279319763,648.3037719726562,283.59368896484375,0.9999897480010986,650.185791015625,299.2651672363281,0.9999970197677612,643.7900390625,308.4742126464844,0.8569279909133911,653.3780517578125,309.1236877441406,0.9373309016227722,657.76953125,305.3536071777344,0.9949330687522888,660.04736328125,298.6991882324219,0.9982547760009766,656.1223754882812,293.4750061035156,0.9111273288726807,535.6668090820312,283.0277099609375,0.9999970197677612,514.0791015625,280.4163513183594,0.9999867677688599,694.5928955078125,203.5601043701172,0.020073026418685913,697.3341674804688,201.70484924316406,0.02812647819519043,520.064208984375,291.41717529296875,0.9462460279464722,511.0903625488281,295.5952453613281,0.9999080896377563,501.64385986328125,281.64593505859375,0.9999963641166687,573.5385131835938,226.52748107910156,0.9999998807907104,572.3426513671875,212.9197540283203,0.9999998807907104,577.9940185546875,220.01315307617188,0.9996236562728882,584.0599365234375,213.8355712890625,0.9999872446060181,585.5674438476562,205.6964111328125,0.9999984502792358,578.5377197265625,201.17344665527344,0.9999988079071045,565.7803344726562,201.2718048095703,0.9999961853027344
288,752.5877075195312,255.80242919921875,1.0,671.6360473632812,248.58514404296875,0.9999998211860657,670.6392211914062,263.2747497558594,0.9999980926513672,676.1365356445312,234.58351135253906,0.9999999403953552,552.5960693359375,238.56944274902344,1.0,547.4344482421875,261.1140441894531,1.0,617.4966430664062,246.46461486816406,0.9999982118606567,549.1287841796875,247.58749389648438,1.0,478.32049560546875,237.0643310546875,0.9999946355819702,396.1734619140625,239.23695373535156,0.9999992847442627,673.4998779296875,214.3132781982422,0.9999995231628418,693.3096923828125,213.3936004638672,1.0,693.6109008789062,200.88710021972656,0.9999997615814209,702.4537963867188,202.73568725585938,0.9999991059303284,705.8638916015625,209.16421508789062,0.9999998807907104,703.23095703125,214.85302734375,0.9999994039535522,697.3621215820312,220.5167694091797,0.9999871850013733,648.995849609375,283.15496826171875,0.9999881386756897,649.8980712890625,298.9270324707031,0.9999949932098389,643.4170532226562,308.0170593261719,0.9020754098892212,653.0872192382812,308.8162841796875,0.9597152471542358,657.4769897460938,305.4386291503906,0.9973936080932617,660.1258544921875,298.17987060546875,0.9992542266845703,655.7492065429688,293.2842712402344,0.9392987489700317,539.5841064453125,288.915283203125,0.9999980926513672,515.2667236328125,287.7991027832031,0.9999979734420776,690.4808349609375,206.51406860351562,0.007434725761413574,697.8367309570312,201.53160095214844,0.010138362646102905,521.9190673828125,298.62994384765625,0.9667211771011353,513.5802001953125,303.26397705078125,0.9997696280479431,504.8157043457031,291.9806823730469,0.9999784231185913,574.5400390625,225.87857055664062,0.9999996423721313,572.5765991210938,212.40740966796875,0.9999998211860657,578.1052856445312,219.47161865234375,0.9965087175369263,585.0675659179688,214.45834350585938,0.9999430179595947,585.6701049804688,205.26881408691406,0.9999978542327881,578.4359741210938,200.8668670654297,0.9999987483024597,565.6306762695312,200.47299194335938,0.9999929666519165
289,753.035400390625,255.3476104736328,1.0,672.8971557617188,248.59457397460938,0.9999998807907104,671.5455322265625,263.17791748046875,0.9999969601631165,677.0358276367188,234.29672241210938,1.0,553.0391845703125,238.103515625,0.9999998211860657,549.6965942382812,261.6354675292969,1.0,619.2646484375,246.18589782714844,0.9999996423721313,550.8978881835938,247.6157684326172,1.0,481.63983154296875,237.03285217285156,0.9999985694885254,398.123046875,238.67971801757812,0.9999986886978149,673.661865234375,214.33934020996094,0.9999995231628418,693.2225952148438,213.37786865234375,0.9999998807907104,693.4327392578125,200.8077392578125,0.9999997019767761,702.3642578125,202.60263061523438,0.9999986886978149,705.7152099609375,208.84576416015625,0.9999996423721313,703.3394165039062,214.5093536376953,0.9999992251396179,697.431396484375,220.15350341796875,0.9999848008155823,651.1869506835938,282.845703125,0.999984622001648,649.482177734375,298.90478515625,0.999994158744812,643.2933959960938,308.114013671875,0.8797092437744141,653.6229858398438,308.81951904296875,0.9615580439567566,657.811279296875,305.2813720703125,0.9967232346534729,660.1342163085938,298.12554931640625,0.9988076686859131,655.8897705078125,293.03924560546875,0.9129940271377563,555.0159301757812,292.06292724609375,0.9999915361404419,524.1141357421875,283.30609130859375,0.9972092509269714,690.4541015625,206.3441925048828,0.010306507349014282,697.6862182617188,201.2845458984375,0.014790534973144531,698.8594970703125,203.34283447265625,0.015190839767456055,521.38134765625,296.1932373046875,0.5985823273658752,514.0303344726562,288.68365478515625,0.9958024621009827,576.2998657226562,225.2646026611328,0.9999991655349731,572.3889770507812,212.54098510742188,0.9999998807907104,578.1942749023438,219.33950805664062,0.992588996887207,585.1517333984375,214.50572204589844,0.9999464750289917,585.5997924804688,205.13729858398438,0.9999973773956299,578.47314453125,201.098876953125,0.9999982118606567,565.7388916015625,200.52520751953125,0.9999922513961792
290,753.9338989257812,254.96273803710938,1.0,673.4337158203125,248.59764099121094,0.9999998807907104,671.917236328125,263.33251953125,0.9999966621398926,677.736572265625,234.50772094726562,0.9999999403953552,554.95068359375,238.51478576660156,0.9999998807907104,551.24169921875,260.7372131347656,1.0,619.8223266601562,245.4506378173828,0.9999996423721313,552.220703125,248.0962677001953,1.0,483.5911865234375,237.07591247558594,0.9999992251396179,400.8458251953125,235.16647338867188,0.9999997615814209,673.2054443359375,214.32591247558594,0.9999994039535522,693.2191162109375,213.60482788085938,0.9999998807907104,693.28515625,200.73880004882812,0.9999995231628418,702.3521118164062,202.4167938232422,0.9999983906745911,705.93310546875,208.80030822753906,0.9999995827674866,703.5593872070312,214.6274871826172,0.9999988079071045,697.7153930664062,220.2506103515625,0.9999635815620422,650.6405029296875,282.0874938964844,0.9999834299087524,648.6190795898438,299.11602783203125,0.9999918937683105,643.8223266601562,308.348876953125,0.8021754026412964,653.51318359375,309.12969970703125,0.9423835873603821,657.9566040039062,305.99407958984375,0.9952369332313538,661.045654296875,298.61651611328125,0.9979996085166931,657.54248046875,292.75225830078125,0.8908588886260986,560.2354736328125,289.9717102050781,0.9999978542327881,538.6600341796875,291.7752685546875,0.9998096823692322,690.3712158203125,206.15390014648438,0.02634766697883606,697.4267578125,201.12362670898438,0.04974767565727234,698.8801879882812,203.17495727539062,0.046790093183517456,536.4099731445312,305.5427551269531,0.8510669469833374,527.8174438476562,295.8792419433594,0.9997682571411133,577.6299438476562,225.25790405273438,0.9999971389770508,572.0896606445312,213.04611206054688,0.9999997615814209,578.281982421875,219.15711975097656,0.9653028249740601,583.659423828125,213.303955078125,0.9999463558197021,585.5773315429688,205.1590118408203,0.9999978542327881,578.3204345703125,201.12522888183594,0.9999988079071045,565.7482299804688,201.0056610107422,0.9999935626983643
291,755.3385620117188,254.4983673095703,1.0,675.2486572265625,249.12530517578125,1.0,671.1598510742188,262.344482421875,0.9999991655349731,679.4501953125,234.52001953125,0.9999999403953552,556.8046875,238.129150390625,0.9999999403953552,551.521728515625,259.75567626953125,1.0,622.0601196289062,245.4161834716797,0.9999997615814209,554.0436401367188,248.59786987304688,0.9999998807907104,484.3413391113281,236.9696807861328,0.9999990463256836,402.5869140625,233.75062561035156,0.9999997615814209,673.8436279296875,214.54296875,0.9999998807907104,693.1985473632812,213.74232482910156,1.0,693.3727416992188,200.90509033203125,0.9999997615814209,702.5780639648438,203.15081787109375,0.9999986886978149,705.3546752929688,208.92315673828125,0.9999997019767761,703.1828002929688,214.9108123779297,0.9999992251396179,697.4796142578125,219.90594482421875,0.9999924898147583,652.0529174804688,280.9571533203125,0.999988853931427,649.74072265625,299.3751220703125,0.9999867081642151,644.0887451171875,308.4280090332031,0.706738293170929,653.667236328125,308.519775390625,0.9463086724281311,657.6887817382812,305.492431640625,0.9954418540000916,660.779052734375,298.218017578125,0.9977238178253174,656.2166137695312,294.0710754394531,0.858291506767273,567.3510131835938,286.5120544433594,0.9999995231628418,552.8114624023438,295.29180908203125,0.9999971389770508,559.419921875,292.9936218261719,0.2193971872329712,565.0322875976562,300.0008239746094,0.9573454856872559,560.242431640625,307.0143127441406,0.9929980635643005,549.9158325195312,308.2508239746094,0.9997594952583313,539.3521728515625,295.9153137207031,0.9999980926513672,576.1183471679688,225.414306640625,0.999998152256012,572.004150390625,213.00802612304688,0.9999997615814209,578.52294921875,218.4628448486328,0.9759527444839478,584.7791137695312,213.38043212890625,0.9999832510948181,585.2316284179688,204.928466796875,0.9999986886978149,577.7601928710938,201.006103515625,0.9999989867210388,565.5773315429688,201.4285125732422,0.9999937415122986
292,755.9131469726562,253.965576171875,1.0,676.4334716796875,249.20953369140625,1.0,672.303955078125,262.29205322265625,0.9999994039535522,680.7470092773438,234.72442626953125,0.9999998807907104,558.281494140625,238.26190185546875,0.9999998807907104,553.8683471679688,259.80889892578125,0.9999998807907104,623.3859252929688,244.33465576171875,0.9999997615814209,555.6920776367188,248.8753204345703,1.0,484.9443664550781,236.49563598632812,0.9999991655349731,405.68499755859375,232.3666229248047,0.9999998807907104,673.7880859375,214.55636596679688,0.9999997615814209,693.2205810546875,213.83277893066406,1.0,693.4554443359375,200.9622344970703,0.9999997615814209,702.3312377929688,202.88687133789062,0.9999985694885254,705.2902221679688,209.09571838378906,0.9999996423721313,703.1268310546875,214.9466552734375,0.9999990463256836,697.6145629882812,220.11544799804688,0.9999932050704956,652.8467407226562,280.6130676269531,0.9999905824661255,648.5443115234375,299.50750732421875,0.9999509453773499,645.9987182617188,307.9294738769531,0.6101337671279907,653.692626953125,308.2331848144531,0.906995415687561,657.6268310546875,305.44244384765625,0.9891133308410645,661.14501953125,298.2954406738281,0.9970362186431885,657.8333740234375,292.8019104003906,0.8353861570358276,574.56298828125,281.6974792480469,0.9999586343765259,564.8153076171875,299.6007080078125,0.9999996423721313,571.0459594726562,295.8450012207031,0.9978685975074768,574.18994140625,303.0704345703125,0.9999409914016724,571.5045166015625,311.9063720703125,0.9985044002532959,561.7425537109375,315.164794921875,0.9862298965454102,548.6629638671875,302.1978454589844,0.9999994039535522,578.1092529296875,223.98643493652344,0.9999961256980896,571.6651000976562,213.26222229003906,0.9999998807907104,578.16455078125,218.6166534423828,0.9875774383544922,585.2036743164062,213.3932647705078,0.99998939037323,585.4039916992188,204.93377685546875,0.9999986886978149,578.0691528320312,200.97691345214844,0.9999989867210388,565.7909545898438,201.4087677001953,0.9999933838844299
293,756.414794921875,253.4554443359375,1.0,676.9805297851562,248.7706298828125,1.0,672.6243286132812,262.3052673339844,0.9999994039535522,680.9547729492188,234.4707489013672,0.9999997019767761,560.0931396484375,239.51551818847656,0.9999996423721313,557.0841064453125,260.39129638671875,0.9999999403953552,624.36767578125,244.29180908203125,0.9999999403953552,557.2991333007812,249.51690673828125,0.9999998211860657,486.4112548828125,236.60914611816406,0.9999990463256836,407.4506530761719,230.68960571289062,0.9999997615814209,673.61767578125,214.55178833007812,0.9999995231628418,693.2545166015625,213.73326110839844,0.9999998807907104,693.4313354492188,200.7965850830078,0.9999995231628418,702.5174560546875,202.79696655273438,0.9999982118606567,705.5623779296875,208.87918090820312,0.9999994039535522,703.4757080078125,214.57345581054688,0.9999982118606567,697.8729858398438,219.9025115966797,0.9999879598617554,653.38818359375,280.71246337890625,0.9999886751174927,648.9080810546875,299.8362121582031,0.9999439716339111,645.8584594726562,310.2354431152344,0.3206469416618347,653.7691650390625,308.5057373046875,0.804253101348877,657.8152465820312,305.7801513671875,0.9589985609054565,661.1900024414062,299.3181457519531,0.9824399948120117,658.035888671875,293.66485595703125,0.6779037117958069,580.3604125976562,280.7461853027344,0.9999879002571106,573.3947143554688,299.8868103027344,0.9999997019767761,583.5770874023438,296.06768798828125,0.9988784790039062,584.77197265625,304.18499755859375,0.9998801946640015,583.8310546875,312.06170654296875,0.9916561841964722,572.3309936523438,314.68756103515625,0.9857929944992065,557.7619018554688,303.4735107421875,0.9999986290931702,578.2017211914062,223.2637176513672,0.999995768070221,571.6981811523438,213.25979614257812,0.9999997615814209,578.4436645507812,218.0684051513672,0.9809284806251526,585.0599975585938,213.24380493164062,0.9999887943267822,585.288818359375,204.81655883789062,0.999998927116394,578.2725830078125,201.1342010498047,0.999998927116394,566.0203857421875,201.52723693847656,0.9999935626983643
294,757.0652465820312,253.1527099609375,1.0,678.21533203125,248.78701782226562,1.0,674.042236328125,262.1764831542969,0.9999995827674866,681.7013549804688,234.57762145996094,0.9999996423721313,560.7762451171875,238.9214630126953,0.9999992847442627,559.6751098632812,261.45526123046875,1.0,625.6137084960938,244.44631958007812,0.9999998807907104,559.7114868164062,249.80828857421875,0.9999997615814209,487.30194091796875,236.69204711914062,0.9999990463256836,407.8182373046875,229.91036987304688,0.9999997615814209,673.7683715820312,214.65928649902344,0.9999996423721313,693.2698974609375,213.9117431640625,0.9999998807907104,693.5009765625,200.8765106201172,0.9999996423721313,702.4442749023438,202.82223510742188,0.9999979734420776,705.276123046875,208.86129760742188,0.9999994039535522,703.3511352539062,214.85264587402344,0.9999986886978149,697.7781982421875,219.86331176757812,0.9999913573265076,654.7076416015625,280.286376953125,0.9999583959579468,649.4965209960938,301.1816711425781,0.9999111890792847,646.5330200195312,310.5893859863281,0.4919537305831909,654.5086059570312,309.56072998046875,0.929344892501831,656.2538452148438,305.7670593261719,0.9790780544281006,661.1119384765625,299.3763732910156,0.9886151552200317,657.6373901367188,294.186767578125,0.6364564895629883,585.6249389648438,279.9411926269531,0.99997478723526,583.4977416992188,301.992919921875,0.9999996423721313,592.4033813476562,297.2796325683594,0.991173267364502,594.2974853515625,302.7691650390625,0.9990447759628296,592.6803588867188,312.2280578613281,0.9778754711151123,582.5357666015625,312.94281005859375,0.991062581539154,568.903076171875,302.95892333984375,0.9999968409538269,579.190185546875,222.9456329345703,0.9999958276748657,572.0838012695312,212.6236114501953,0.9999998807907104,579.0121459960938,217.52548217773438,0.9722729921340942,584.6337280273438,212.33045959472656,0.9999865293502808,585.5905151367188,204.6909637451172,0.9999983906745911,578.4794921875,200.62246704101562,0.9999990463256836,566.4710083007812,200.75791931152344,0.9999916553497314
295,756.8786010742188,253.09939575195312,1.0,678.8861083984375,248.4076385498047,0.9999998807907104,674.7288818359375,262.1419372558594,0.9999992847442627,682.7687377929688,233.86627197265625,0.9999992847442627,561.0451049804688,238.87889099121094,0.9999989867210388,560.744873046875,261.2676086425781,1.0,626.4481811523438,243.68853759765625,1.0,560.5931396484375,250.1529998779297,0.9999997019767761,488.201171875,236.31155395507812,0.9999982118606567,407.8595886230469,229.54530334472656,0.9999998807907104,673.8313598632812,214.4110870361328,0.9999996423721313,693.337646484375,213.79855346679688,0.9999998807907104,693.5550537109375,200.78302001953125,0.9999996423721313,702.7327880859375,203.04116821289062,0.999997615814209,705.2386474609375,208.72715759277344,0.9999992847442627,703.4248046875,214.5851593017578,0.9999983310699463,698.079833984375,219.74737548828125,0.9999836087226868,655.52880859375,279.2101135253906,0.9999549388885498,651.4212036132812,300.7008361816406,0.9994525909423828,647.3526000976562,312.2458190917969,0.11334067583084106,654.9639282226562,309.6521301269531,0.7623748779296875,657.2716674804688,306.1216125488281,0.9424499869346619,660.8692626953125,300.22479248046875,0.9096145629882812,657.599609375,295.2209167480469,0.22548621892929077,585.4564208984375,277.07159423828125,0.9999606609344482,590.0843505859375,300.56585693359375,0.9999988079071045,599.4166259765625,295.4573669433594,0.9997476935386658,603.2872924804688,300.61529541015625,0.9999796152114868,600.2431030273438,308.9681091308594,0.9998517036437988,591.9077758789062,313.8002624511719,0.9995774030685425,574.082275390625,304.26422119140625,0.999996542930603,579.3994750976562,222.43777465820312,0.9999932050704956,572.1925659179688,212.70455932617188,0.9999998211860657,578.8323974609375,216.9166717529297,0.9713318347930908,584.0418090820312,211.83062744140625,0.9999663829803467,584.7207641601562,204.3617401123047,0.9999970197677612,577.4862060546875,200.72064208984375,0.9999984502792358,566.4979858398438,200.90281677246094,0.9999884366989136
296,758.091064453125,252.56048583984375,1.0,679.7598266601562,248.82199096679688,0.9999998807907104,675.3272705078125,261.563720703125,0.999999463558197,683.1842651367188,233.68174743652344,0.9999994039535522,558.9302368164062,238.07557678222656,0.9999988079071045,560.6881103515625,260.79095458984375,0.9999998807907104,626.4129638671875,242.80987548828125,0.9999998807907104,559.7874145507812,250.60745239257812,0.9999996423721313,488.88128662109375,235.65504455566406,0.9999955892562866,411.3370361328125,227.61572265625,0.9999999403953552,674.0042114257812,213.9132537841797,0.9999997615814209,693.3690185546875,213.5609130859375,1.0,693.6954956054688,200.59213256835938,0.9999997615814209,702.7638549804688,202.99583435058594,0.9999977350234985,704.9487915039062,208.71534729003906,0.9999994039535522,703.19677734375,214.4295654296875,0.9999979138374329,697.6016845703125,219.4234619140625,0.9999868273735046,656.5762939453125,278.6285095214844,0.9999834299087524,648.4219360351562,299.49755859375,0.9994198083877563,647.643310546875,308.60931396484375,0.4769386649131775,654.94677734375,308.0767822265625,0.9561440944671631,659.1357421875,306.0855407714844,0.9964728355407715,660.4814453125,297.5781555175781,0.9925968050956726,657.1312255859375,293.3650207519531,0.3252181112766266,585.8175659179688,275.8345947265625,0.9999436140060425,593.9441528320312,299.1554870605469,0.9999990463256836,601.7203369140625,294.186279296875,0.9998661875724792,605.3428955078125,299.7505798339844,0.9999854564666748,602.514892578125,308.6679992675781,0.9998900890350342,592.225341796875,312.6090087890625,0.9996426105499268,577.2322387695312,303.70355224609375,0.9999983906745911,577.7910766601562,222.72622680664062,0.9999964833259583,572.555419921875,212.5975341796875,0.9999997615814209,579.4689331054688,216.72216796875,0.923473596572876,584.3736572265625,211.64572143554688,0.9999701976776123,584.9617919921875,204.38168334960938,0.9999964237213135,577.4005126953125,200.75660705566406,0.9999982714653015,566.5243530273438,201.05665588378906,0.9999819993972778
297,758.63330078125,252.33950805664062,0.9999999403953552,680.0477294921875,248.6466522216797,0.9999998211860657,675.9017944335938,261.1580810546875,0.9999991059303284,683.7062377929688,233.6090545654297,0.9999995231628418,560.199462890625,237.23843383789062,0.9999998807907104,560.9935302734375,259.4434509277344,1.0,626.7506713867188,242.2749481201172,0.9999997615814209,560.4840698242188,249.30496215820312,0.9999998807907104,489.8458557128906,235.17112731933594,0.9999923706054688,412.0906677246094,226.77859497070312,0.9999998807907104,674.1553344726562,214.33700561523438,0.9999997615814209,693.1587524414062,213.64939880371094,1.0,693.5608520507812,200.6285400390625,0.9999996423721313,702.7083740234375,203.03773498535156,0.9999977350234985,704.8855590820312,209.07296752929688,0.9999992847442627,703.249755859375,214.5410919189453,0.9999974966049194,697.5697631835938,219.66087341308594,0.999977171421051,658.4024047851562,278.1521301269531,0.9999747276306152,649.4271850585938,298.6934509277344,0.9994615912437439,649.2090454101562,309.239990234375,0.4934062659740448,655.6201171875,307.94256591796875,0.939993143081665,660.1749267578125,306.155029296875,0.9973593950271606,661.5228881835938,297.61480712890625,0.9947810173034668,658.27099609375,293.5259704589844,0.5132182836532593,585.3215942382812,275.4049987792969,0.9999513030052185,593.801513671875,298.91070556640625,0.9999989867210388,601.67626953125,294.1336669921875,0.9998961687088013,605.2274780273438,299.76885986328125,0.9999849796295166,602.5517578125,308.17669677734375,0.9998967051506042,593.2149047851562,312.73529052734375,0.9996392726898193,576.9548950195312,303.57977294921875,0.9999985694885254,579.32080078125,220.45062255859375,0.9999982118606567,572.6295776367188,212.075439453125,0.9999992847442627,579.5523071289062,215.72915649414062,0.4494709074497223,582.7984619140625,210.41973876953125,0.9966180920600891,583.0194702148438,204.1229248046875,0.999808669090271,576.8114013671875,201.32571411132812,0.9999673366546631,566.90625,200.85696411132812,0.9998819231987
298,760.1025390625,251.60281372070312,0.9999998807907104,680.8756103515625,248.06858825683594,0.9999995827674866,677.379638671875,260.95703125,0.9999994039535522,683.9576416015625,232.99349975585938,0.9999994039535522,561.73095703125,236.58299255371094,0.9999998807907104,562.2291870117188,258.9917297363281,0.9999999403953552,628.0311279296875,242.60948181152344,0.9999998807907104,561.6614379882812,248.86241149902344,1.0,490.52276611328125,234.7978515625,0.9999932050704956,413.8010559082031,226.4856414794922,0.9999998807907104,674.3284301757812,214.24815368652344,0.9999997019767761,693.06494140625,213.54510498046875,0.9999998807907104,694.1044311523438,200.70179748535156,0.999999463558197,702.5675659179688,202.89114379882812,0.9999974966049194,704.683837890625,209.45233154296875,0.9999991655349731,702.84521484375,214.3070831298828,0.9999955892562866,697.3317260742188,219.6063690185547,0.9998924732208252,659.6774291992188,280.47802734375,0.9999912977218628,651.8173828125,299.3532409667969,0.9980071783065796,651.5826416015625,310.202880859375,0.09937024116516113,657.6066284179688,308.43304443359375,0.41098490357398987,661.173583984375,306.02313232421875,0.9178318381309509,660.1310424804688,296.7955017089844,0.6685949563980103,653.7455444335938,292.5391540527344,0.10587844252586365,585.6559448242188,274.74810791015625,0.9999760985374451,593.4052124023438,298.4037170410156,0.9999986886978149,601.1357421875,292.8579406738281,0.9999358654022217,604.9458618164062,299.2309875488281,0.999991774559021,602.7652587890625,307.5209045410156,0.9999412298202515,592.956787109375,312.4395446777344,0.9996733665466309,576.7914428710938,302.92718505859375,0.9999989867210388,579.7869262695312,220.93319702148438,0.9999978542327881,572.593994140625,212.00509643554688,0.9999990463256836,580.3409423828125,215.9149627685547,0.5377054214477539,582.970703125,210.17845153808594,0.9977412223815918,582.5125122070312,203.89051818847656,0.9998177886009216,576.386474609375,201.5576171875,0.9999637007713318,566.9630126953125,200.87405395507812,0.9998430013656616
299,761.518798828125,249.7733154296875,0.9999998807907104,680.7960815429688,247.38882446289062,0.9999995231628418,678.30810546875,260.6404113769531,0.9999990463256836,684.2245483398438,232.36923217773438,0.999999463558197,562.4061279296875,236.70314025878906,0.9999997615814209,562.992431640625,259.0340270996094,1.0,628.9482421875,242.58982849121094,0.9999997615814209,562.7059936523438,249.22976684570312,1.0,492.6397705078125,234.37107849121094,0.9999957084655762,414.17120361328125,225.73106384277344,0.9999998807907104,674.4696044921875,214.2628631591797,0.9999997615814209,692.9229125976562,213.67225646972656,1.0,694.1593017578125,200.66229248046875,0.999999463558197,702.5985107421875,203.19154357910156,0.9999979734420776,704.3320922851562,209.78363037109375,0.9999995231628418,702.4871215820312,214.5143280029297,0.9999963641166687,696.9017944335938,219.77308654785156,0.9999204874038696,659.7993774414062,280.9722900390625,0.999997615814209,655.4105224609375,298.9564514160156,0.9998918771743774,654.1451416015625,308.5283508300781,0.4040827751159668,660.8545532226562,306.6617736816406,0.45376816391944885,664.5346069335938,304.85125732421875,0.8515199422836304,665.341552734375,299.0725402832031,0.5184210538864136,662.1480102539062,294.4840393066406,0.20335078239440918,585.7548217773438,274.5859069824219,0.999974250793457,592.7564086914062,297.76544189453125,0.999997079372406,600.5927734375,292.2664794921875,0.9998774528503418,604.1834106445312,298.59228515625,0.9999895691871643,601.4282836914062,306.1984558105469,0.9998801350593567,591.91015625,311.8678894042969,0.9997437596321106,576.2550048828125,302.5373840332031,0.9999972581863403,579.595947265625,220.26881408691406,0.999991774559021,572.2893676757812,211.9534454345703,0.9999988079071045,579.922119140625,215.48130798339844,0.4996018707752228,582.9849853515625,210.0459747314453,0.9930514693260193,582.4307250976562,203.9435577392578,0.99950110912323,576.4927978515625,201.66506958007812,0.9999314546585083,567.4559936523438,200.52613830566406,0.9998177289962769
300,762.1920776367188,249.09071350097656,0.9999998807907104,683.153564453125,247.57395935058594,0.9999998211860657,681.6988525390625,260.39208984375,0.9999988079071045,685.3960571289062,232.16171264648438,0.9999996423721313,563.0149536132812,236.59901428222656,0.9999998807907104,564.2036743164062,258.81964111328125,0.9999999403953552,629.9126586914062,242.32354736328125,0.999999463558197,563.5223999023438,248.70877075195312,1.0,494.238525390625,233.17971801757812,0.9999982118606567,417.5107116699219,224.8756561279297,1.0,674.8198852539062,214.3978729248047,0.9999997615814209,692.9533081054688,213.89002990722656,1.0,694.1922607421875,200.8552703857422,0.999999463558197,702.2799072265625,203.28958129882812,0.9999979734420776,703.9884643554688,209.77146911621094,0.9999996423721313,702.3289184570312,214.5986328125,0.9999967217445374,696.9198608398438,220.3126220703125,0.9998458623886108,661.3192138671875,280.19146728515625,0.9999969005584717,655.994140625,298.9179992675781,0.9998870491981506,655.1494140625,308.64111328125,0.5341271758079529,661.3283081054688,308.10418701171875,0.7873120307922363,665.1480102539062,305.216064453125,0.9757000803947449,666.4379272460938,296.7477722167969,0.9060653448104858,663.1444702148438,292.2977600097656,0.5392096042633057,586.74755859375,274.67767333984375,0.9999856948852539,593.036865234375,298.5184020996094,0.9999986886978149,600.2569580078125,292.951904296875,0.9998809099197388,604.19970703125,300.0569763183594,0.9999918937683105,602.0813598632812,307.39630126953125,0.9999241828918457,592.65966796875,312.1182861328125,0.9997875690460205,576.3306274414062,303.4430236816406,0.999998927116394,580.0856323242188,217.7431182861328,0.9999884963035583,571.6392822265625,211.67184448242188,0.9999943375587463,580.0597534179688,214.43470764160156,0.04863753914833069,581.6130981445312,208.9434814453125,0.8808861970901489,580.149658203125,203.37742614746094,0.9924860000610352,574.3038330078125,201.8865509033203,0.998733639717102,566.726318359375,201.26222229003906,0.99915611743927
301,764.4163208007812,248.78536987304688,0.9999999403953552,685.4057006835938,247.974853515625,0.9999998211860657,684.0843505859375,260.5479431152344,0.9999997615814209,687.0931396484375,231.9011993408203,0.9999998807907104,564.7273559570312,236.46136474609375,0.9999998807907104,565.0814819335938,258.3895263671875,1.0,631.9089965820312,242.9757537841797,0.999999463558197,564.681396484375,247.9694061279297,1.0,495.9084777832031,232.65924072265625,0.9999985694885254,419.50244140625,224.69668579101562,1.0,675.6995239257812,214.81381225585938,0.9999997615814209,693.237548828125,213.70994567871094,1.0,694.248779296875,200.91476440429688,0.9999995231628418,702.2827758789062,203.4449005126953,0.9999986290931702,703.6906127929688,209.9373016357422,0.9999997615814209,702.0211791992188,214.7645263671875,0.9999973177909851,696.7092895507812,220.1444091796875,0.9998264908790588,664.4124755859375,277.5197448730469,0.9999945163726807,658.9248046875,298.2008056640625,0.990912914276123,658.3751831054688,306.5530700683594,0.027586400508880615,664.6340942382812,303.13037109375,0.005396753549575806,667.7666015625,305.67730712890625,0.010796397924423218,670.4063720703125,297.8506774902344,0.02829420566558838,669.993408203125,295.4686279296875,0.011420398950576782,587.861328125,274.88409423828125,0.9999927878379822,592.6452026367188,298.1700744628906,0.9999983906745911,599.6693115234375,292.14935302734375,0.9998692870140076,603.048583984375,299.10845947265625,0.9999933242797852,600.8402099609375,305.67926025390625,0.9999707937240601,592.0882568359375,311.9173278808594,0.9998906850814819,576.290283203125,303.131103515625,0.9999992251396179,581.3436889648438,216.97900390625,0.9999909400939941,571.9413452148438,211.84063720703125,0.9999915361404419,581.4564208984375,214.43511962890625,0.019211560487747192,583.2356567382812,208.70887756347656,0.7118684649467468,579.9407348632812,203.60646057128906,0.9705498814582825,572.58447265625,203.31211853027344,0.997069776058197,567.8726806640625,202.1581573486328,0.9984608888626099
302,764.9479370117188,248.78048706054688,0.9999999403953552,685.9229736328125,247.68539428710938,0.9999999403953552,684.4606323242188,260.5434265136719,0.9999997615814209,686.9954833984375,231.86074829101562,0.9999998807907104,566.6564331054688,236.3975067138672,0.9999997615814209,566.9151000976562,258.21417236328125,1.0,632.5321044921875,243.3599853515625,0.9999997615814209,566.1994018554688,247.67214965820312,1.0,497.84130859375,232.7809600830078,0.9999995231628418,420.21295166015625,224.77584838867188,1.0,675.7362060546875,214.93028259277344,0.9999997615814209,693.1116333007812,213.64341735839844,1.0,694.1217651367188,201.17518615722656,0.9999991655349731,702.2689819335938,203.57553100585938,0.9999979734420776,703.5288696289062,209.99571228027344,0.9999995827674866,702.8182983398438,214.60183715820312,0.999994695186615,696.303955078125,219.73635864257812,0.9998432993888855,667.0364990234375,277.2850341796875,0.9999803900718689,660.671630859375,297.0874938964844,0.9528449773788452,659.9531860351562,307.27490234375,0.0008091330528259277,666.6122436523438,300.1737060546875,0.00027868151664733887,669.4493408203125,300.10711669921875,0.002811133861541748,672.1905517578125,297.2997741699219,0.0037242472171783447,673.2479248046875,294.8968505859375,0.0034727156162261963,589.3585205078125,274.7311706542969,0.9999874830245972,592.4254760742188,297.33770751953125,0.9999970197677612,599.7954711914062,291.6044006347656,0.9998633861541748,603.0774536132812,298.471923828125,0.9999951124191284,600.1825561523438,305.0236511230469,0.9999786019325256,591.583251953125,310.5177001953125,0.9999408721923828,576.6115112304688,301.3609924316406,0.9999990463256836,582.4354858398438,217.73428344726562,0.9999786615371704,572.5797119140625,211.50039672851562,0.9999951124191284,581.8673706054688,214.7900390625,0.015802323818206787,584.1370239257812,210.08204650878906,0.8450930118560791,580.79443359375,203.7705078125,0.9911676645278931,573.8405151367188,203.30328369140625,0.9995498061180115,569.053955078125,201.9584503173828,0.99964439868927
303,766.3418579101562,248.15896606445312,1.0,686.6978759765625,246.9972381591797,0.9999999403953552,684.9389038085938,260.34765625,0.9999997615814209,687.4305419921875,231.41204833984375,0.9999997615814209,567.9546508789062,236.3063201904297,0.999999463558197,567.2547607421875,257.73797607421875,1.0,633.6693115234375,242.9343719482422,0.9999997019767761,567.2400512695312,247.30331420898438,1.0,499.2696838378906,232.16505432128906,0.9999997615814209,421.6719665527344,225.1376495361328,1.0,676.015625,214.88954162597656,0.9999995231628418,693.1755981445312,213.4188232421875,1.0,694.1130981445312,201.13442993164062,0.999998927116394,702.250244140625,203.25909423828125,0.999997615814209,703.6114501953125,209.5393829345703,0.9999995231628418,702.1825561523438,214.20797729492188,0.9999953508377075,696.529541015625,219.36959838867188,0.9998365640640259,670.5760498046875,276.5226745605469,0.999910295009613,664.2273559570312,296.0574645996094,0.9966834783554077,661.2775268554688,305.5480651855469,0.010981053113937378,669.7860107421875,305.5367431640625,0.006248891353607178,674.5457153320312,303.08905029296875,0.12353342771530151,675.5452270507812,295.0425109863281,0.36625462770462036,670.5850219726562,292.04443359375,0.09093523025512695,590.3756713867188,274.80377197265625,0.9999793767929077,592.0939331054688,296.5041809082031,0.9999942183494568,600.9508056640625,290.3828430175781,0.999812126159668,602.43310546875,297.4948425292969,0.9999959468841553,599.5955200195312,304.0242614746094,0.9999847412109375,591.0679321289062,309.4678649902344,0.9999525547027588,576.5535278320312,300.5956115722656,0.9999985694885254,583.65673828125,217.4114227294922,0.9999461770057678,573.4060668945312,211.4674835205078,0.9999866485595703,581.9676513671875,213.27151489257812,0.009286195039749146,582.68994140625,208.81736755371094,0.7743611335754395,581.2401123046875,203.30662536621094,0.9848136305809021,574.1608276367188,203.3014373779297,0.9991779923439026,569.80419921875,202.2889404296875,0.9989691376686096
304,767.9449462890625,247.25218200683594,1.0,686.2507934570312,246.52841186523438,1.0,686.332275390625,260.5262145996094,0.9999998807907104,689.032470703125,231.7340850830078,0.9999998807907104,567.7619018554688,236.51490783691406,0.9999994039535522,567.54296875,257.7135314941406,0.9999999403953552,634.8668823242188,243.75506591796875,0.9999998807907104,567.7821655273438,247.13595581054688,1.0,500.3035888671875,231.94776916503906,0.9999997615814209,422.6119689941406,226.37840270996094,1.0,676.237060546875,215.4228057861328,0.9999990463256836,693.0084228515625,213.62216186523438,1.0,694.2171630859375,201.3125,0.9999985694885254,702.2418212890625,203.55003356933594,0.9999980330467224,703.3171997070312,209.93580627441406,0.9999996423721313,702.6875610351562,214.58056640625,0.9999963641166687,696.09228515625,219.7063751220703,0.9998801350593567,674.4049072265625,276.4508972167969,0.9999856948852539,667.1807861328125,295.5399169921875,0.9922747015953064,663.2198486328125,304.084716796875,0.0020087361335754395,673.5511474609375,303.28472900390625,0.0007955431938171387,677.2598876953125,300.7482604980469,0.1952272653579712,676.8386840820312,294.4415283203125,0.19563859701156616,676.6572875976562,289.84503173828125,0.05703297257423401,590.1785278320312,275.2724914550781,0.999976396560669,592.2335205078125,296.3675842285156,0.9999935626983643,601.0423583984375,290.2333679199219,0.9997406005859375,602.7882690429688,297.4024658203125,0.9999958872795105,599.383544921875,304.1210632324219,0.9999703168869019,591.013427734375,309.34942626953125,0.999914288520813,576.9627075195312,300.4149169921875,0.9999980926513672,584.0930786132812,215.94271850585938,0.999911904335022,573.708984375,211.9205322265625,0.99996417760849,582.7608642578125,215.53074645996094,0.0012074410915374756,584.48193359375,208.9208984375,0.22862085700035095,582.03857421875,204.1044464111328,0.8726367354393005,575.1964721679688,203.58094787597656,0.9971394538879395,570.016845703125,202.34425354003906,0.9977476596832275
305,770.1090698242188,246.8452606201172,1.0,688.4371337890625,247.80426025390625,1.0,686.95263671875,260.3199768066406,0.9999998807907104,689.7329711914062,231.83517456054688,0.9999999403953552,569.2855224609375,236.04803466796875,0.9999997019767761,568.90234375,256.8331604003906,0.9999998807907104,635.4811401367188,244.4140625,0.9999999403953552,569.1947631835938,246.2975311279297,1.0,502.3133239746094,231.558837890625,0.9999994039535522,424.3685302734375,226.7191925048828,1.0,676.3759765625,215.43759155273438,0.9999990463256836,692.99853515625,213.242431640625,0.9999998807907104,694.4268798828125,201.0772247314453,0.9999984502792358,702.3128051757812,203.5255584716797,0.9999976754188538,703.155517578125,209.66062927246094,0.9999995231628418,702.7855224609375,214.42002868652344,0.9999960064888,695.8487548828125,219.3389892578125,0.9998980164527893,676.7233276367188,277.1871643066406,0.9999898076057434,672.5916137695312,293.8633117675781,0.99748694896698,665.4970092773438,303.39154052734375,0.004811286926269531,676.0757446289062,302.3825378417969,0.0011348426342010498,679.3189697265625,299.9276428222656,0.04301178455352783,679.9302368164062,293.1430969238281,0.03936448693275452,680.4050903320312,288.97601318359375,0.0682222843170166,591.08154296875,274.678466796875,0.9999905824661255,591.675537109375,296.81640625,0.9999935626983643,600.3611450195312,289.98272705078125,0.999681830406189,602.6122436523438,296.7625732421875,0.9999966621398926,599.3088989257812,304.3617858886719,0.9999796152114868,590.3978881835938,309.2826843261719,0.9999563694000244,576.0448608398438,298.95458984375,0.9999982118606567,585.7260131835938,213.0265350341797,0.99994295835495,573.1094970703125,211.73899841308594,0.9999222755432129,583.0046997070312,214.66258239746094,0.0005654692649841309,584.095458984375,207.83184814453125,0.07468479871749878,581.12255859375,203.10914611816406,0.6054010391235352,575.5123901367188,204.40188598632812,0.9899222254753113,569.1253051757812,202.61477661132812,0.9951077699661255
306,771.430908203125,247.2877655029297,1.0,687.9905395507812,246.75537109375,1.0,687.1022338867188,259.5923156738281,1.0,690.7728881835938,231.76026916503906,0.9999998807907104,569.6712036132812,235.8146209716797,0.9999997615814209,569.2433471679688,257.0469970703125,0.9999998807907104,636.023681640625,245.0263671875,0.9999998807907104,568.9649047851562,246.31704711914062,0.9999999403953552,504.6395568847656,231.4307403564453,0.9999990463256836,424.6164855957031,226.63243103027344,1.0,677.4488525390625,214.28033447265625,0.9999985694885254,692.8692016601562,213.0525665283203,1.0,694.278564453125,201.04978942871094,0.9999985694885254,702.345703125,203.4871368408203,0.9999977946281433,702.9901123046875,209.7091827392578,0.9999994039535522,702.9573364257812,214.22462463378906,0.9999946355819702,696.0392456054688,219.26028442382812,0.9999277591705322,678.685546875,278.9908447265625,0.9999900460243225,674.7091064453125,293.0228576660156,0.9958704710006714,672.2261352539062,300.6578369140625,0.0006698966026306152,679.5582885742188,299.6595153808594,9.185075759887695e-05,683.6702270507812,297.37957763671875,0.004167497158050537,684.4285278320312,291.35089111328125,0.02068445086479187,681.7095947265625,288.1402587890625,0.10062256455421448,592.19970703125,274.57012939453125,0.9999910593032837,590.9494018554688,295.6966247558594,0.9999945163726807,600.0509033203125,290.0522766113281,0.9996639490127563,602.6727905273438,296.9131774902344,0.9999963045120239,598.9972534179688,304.728515625,0.9999836683273315,590.2239990234375,309.0962829589844,0.9999767541885376,576.2237548828125,299.178955078125,0.9999991655349731,586.461181640625,212.96702575683594,0.9999476075172424,573.438232421875,211.6399383544922,0.9997618198394775,676.7703247070312,285.617919921875,0.0003784298896789551,584.5257568359375,207.98858642578125,0.00822073221206665,581.8637084960938,203.34713745117188,0.2233973741531372,575.9456787109375,203.7340087890625,0.9667916297912598,569.0604248046875,201.8813934326172,0.9930294752120972
307,772.2720947265625,247.42076110839844,1.0,688.5907592773438,247.68118286132812,1.0,688.7114868164062,260.1839599609375,1.0,691.7273559570312,232.12933349609375,1.0,570.8374633789062,235.53233337402344,0.9999998807907104,570.2813110351562,256.92987060546875,0.9999997615814209,636.8193359375,246.03857421875,0.9999997615814209,569.860595703125,246.10873413085938,1.0,505.35595703125,231.10321044921875,0.9999995231628418,425.2960205078125,226.08950805664062,1.0,677.937255859375,215.3647003173828,0.9999989867210388,693.0135498046875,212.87110900878906,0.9999999403953552,694.6520385742188,200.8330535888672,0.9999983906745911,702.4339599609375,203.35951232910156,0.9999985098838806,702.8896484375,209.31272888183594,0.9999995827674866,702.9465942382812,214.10926818847656,0.9999960064888,696.2245483398438,218.6236572265625,0.9999150633811951,679.8170166015625,279.6992492675781,0.999992847442627,682.773681640625,290.9950256347656,0.997101902961731,593.8583984375,299.6642150878906,0.0006617307662963867,687.968994140625,296.3664855957031,0.00011017918586730957,689.379638671875,294.3699645996094,0.0017454326152801514,606.3753051757812,294.9176025390625,0.0017688274383544922,686.0283813476562,279.42718505859375,0.02522370219230652,593.4309692382812,274.2796936035156,0.9999949932098389,590.9603271484375,295.4015808105469,0.9999966621398926,599.7115478515625,289.7901611328125,0.9995232820510864,602.5900268554688,296.42510986328125,0.9999955892562866,599.273681640625,304.498779296875,0.9999879598617554,590.2892456054688,309.3551025390625,0.9999833106994629,576.129638671875,299.13397216796875,0.9999991655349731,585.7501831054688,210.72628784179688,0.9999747276306152,572.7996215820312,211.83926391601562,0.9991888999938965,628.386474609375,233.03611755371094,8.20159912109375e-05,582.2249145507812,209.59352111816406,0.0010816752910614014,581.11572265625,204.2017822265625,0.041692107915878296,575.4927978515625,203.02642822265625,0.843806266784668,568.5919799804688,201.1376495361328,0.9905662536621094
308,773.2363891601562,247.6650390625,1.0,688.8790893554688,248.46087646484375,1.0,689.5689697265625,261.01513671875,1.0,692.1464233398438,232.67762756347656,1.0,571.1041259765625,235.04335021972656,0.9999998807907104,570.4095458984375,256.488525390625,0.9999997615814209,637.560302734375,247.24696350097656,0.9999995827674866,570.0787963867188,245.71041870117188,1.0,505.4101257324219,231.00599670410156,0.9999996423721313,425.0190124511719,226.5013885498047,1.0,677.7695922851562,216.0359649658203,0.9999986886978149,692.7288818359375,212.87277221679688,1.0,694.603271484375,200.77572631835938,0.9999976754188538,702.3004760742188,203.28001403808594,0.9999980330467224,702.759033203125,209.36865234375,0.9999995231628418,702.9758911132812,213.9955596923828,0.9999954700469971,696.119140625,218.86831665039062,0.9998651742935181,680.53564453125,280.4164123535156,0.999984622001648,684.6423950195312,291.1698303222656,0.9941092729568481,593.3656005859375,298.6956787109375,0.0005197227001190186,598.525146484375,301.76422119140625,3.966689109802246e-05,609.04248046875,292.7503967285156,0.0011358559131622314,606.233154296875,294.4517517089844,0.002810567617416382,688.60107421875,279.7944641113281,0.009874433279037476,593.7973022460938,274.2845153808594,0.999997615814209,591.1732788085938,294.59942626953125,0.9999979734420776,599.3275756835938,289.7276611328125,0.9994586110115051,602.5682983398438,295.5809326171875,0.9999955892562866,599.668212890625,304.22271728515625,0.9999906420707703,590.2123413085938,309.2359924316406,0.9999904036521912,575.7606201171875,297.774169921875,0.9999995231628418,585.9869995117188,210.12130737304688,0.9999727010726929,572.8910522460938,211.60430908203125,0.9976884126663208,627.9669799804688,232.56365966796875,7.069110870361328e-05,581.7958984375,209.6916046142578,0.000711590051651001,580.853759765625,202.78619384765625,0.026115596294403076,575.9212036132812,202.5749053955078,0.7807220220565796,568.8644409179688,200.553955078125,0.9809918999671936
309,774.5946044921875,248.72015380859375,1.0,690.9478149414062,248.31907653808594,1.0,691.9717407226562,260.7335205078125,1.0,693.74072265625,233.073486328125,1.0,573.624267578125,235.30894470214844,0.9999998807907104,572.7220458984375,256.8232116699219,0.9999995827674866,639.178955078125,247.3238983154297,0.9999992847442627,572.2532958984375,246.0697479248047,1.0,507.4129333496094,230.84140014648438,0.9999997615814209,426.8857421875,226.63597106933594,0.9999999403953552,678.2738037109375,216.39727783203125,0.9999983310699463,692.5145874023438,212.90460205078125,0.9999999403953552,694.1964721679688,200.5976104736328,0.9999977350234985,701.7875366210938,203.18431091308594,0.9999969005584717,702.4525756835938,209.3834228515625,0.9999995231628418,702.9736938476562,214.07077026367188,0.9999961256980896,695.7838745117188,219.06861877441406,0.9999194741249084,682.8832397460938,279.45794677734375,0.9999949932098389,684.361572265625,290.82379150390625,0.9980086088180542,678.4061279296875,303.37548828125,0.0006705224514007568,688.093994140625,297.39483642578125,0.00015527009963989258,689.4603271484375,293.73687744140625,0.002811819314956665,606.510498046875,294.5490417480469,0.0018694698810577393,690.2128295898438,280.4700622558594,0.024201184511184692,595.1246337890625,275.24200439453125,0.9999980330467224,591.306640625,294.69390869140625,0.9999980330467224,599.0728149414062,289.7574768066406,0.9993603229522705,602.3927612304688,295.4965515136719,0.9999960660934448,599.7467651367188,303.76654052734375,0.9999927282333374,590.0271606445312,309.3891906738281,0.9999923706054688,575.6087646484375,297.745849609375,0.9999996423721313,586.8951416015625,210.30149841308594,0.9999628663063049,573.1101684570312,212.55258178710938,0.9951181411743164,627.8316650390625,231.70697021484375,0.00010472536087036133,584.8167724609375,308.26715087890625,0.0007860958576202393,581.4461059570312,204.3724822998047,0.018704384565353394,576.4891357421875,203.12075805664062,0.8279278874397278,568.8805541992188,200.92169189453125,0.9918732643127441
310,775.2481079101562,248.9313201904297,0.9999999403953552,692.8232421875,248.80752563476562,1.0,694.7639770507812,261.54022216796875,1.0,695.472412109375,233.34718322753906,1.0,575.0798950195312,235.6011505126953,0.9999997615814209,575.0449829101562,257.1255798339844,0.9999998807907104,640.1987915039062,248.41114807128906,0.9999995827674866,573.5132446289062,246.1446075439453,1.0,508.2153015136719,230.7388916015625,0.9999997615814209,429.6850891113281,226.16282653808594,0.9999998807907104,679.5068969726562,217.08676147460938,0.9999978542327881,692.5081176757812,212.74554443359375,1.0,694.549560546875,200.38198852539062,0.9999976754188538,701.8546142578125,203.29087829589844,0.9999983310699463,702.434814453125,209.55145263671875,0.9999997615814209,702.7752075195312,214.4137420654297,0.9999969005584717,695.8579711914062,219.00624084472656,0.9997907280921936,685.8207397460938,279.34466552734375,0.9999980926513672,691.5148315429688,285.62420654296875,0.9991734027862549,687.8303833007812,295.33551025390625,0.002720385789871216,694.3969116210938,292.6403503417969,0.002216905355453491,609.4649047851562,292.20703125,0.0009942948818206787,607.5460205078125,294.56365966796875,0.0019667446613311768,608.2508544921875,285.7768249511719,0.009874671697616577,595.9222412109375,275.9137268066406,0.9999977350234985,592.427490234375,296.113037109375,0.9999966025352478,599.3320922851562,289.991455078125,0.9991093277931213,602.9859619140625,295.3471374511719,0.9999963045120239,600.0543823242188,303.3918151855469,0.9999938011169434,590.3384399414062,309.51898193359375,0.9999918937683105,576.0357055664062,298.6180419921875,0.9999995231628418,588.2224731445312,210.29734802246094,0.9999620914459229,573.8089599609375,212.67286682128906,0.9904727935791016,628.0072631835938,231.31764221191406,4.5686960220336914e-05,585.0856323242188,308.2662048339844,0.0010989904403686523,582.23681640625,202.76345825195312,0.009227633476257324,577.3751831054688,203.0416259765625,0.6933544874191284,566.892822265625,202.84983825683594,0.9915449619293213
311,775.8118896484375,248.52301025390625,0.9999999403953552,694.5133666992188,249.2464599609375,1.0,696.5580444335938,262.2100830078125,1.0,696.43359375,233.81851196289062,1.0,576.5188598632812,237.07528686523438,0.9999999403953552,576.1925048828125,257.31805419921875,1.0,641.7576293945312,249.6256103515625,0.9999996423721313,575.2546997070312,246.83871459960938,1.0,509.76275634765625,230.7557830810547,0.9999997615814209,430.8394470214844,225.72010803222656,1.0,680.3270874023438,217.64149475097656,0.9999963045120239,692.39404296875,212.5812225341797,1.0,694.7615966796875,200.3581085205078,0.9999966621398926,701.7014770507812,203.40304565429688,0.9999988079071045,702.3355712890625,209.92054748535156,0.9999998211860657,702.5546875,214.6314697265625,0.9999961256980896,695.9163208007812,219.20382690429688,0.9990360140800476,687.788818359375,279.9527282714844,0.9999943971633911,693.030517578125,286.17218017578125,0.9976934194564819,688.1683959960938,295.6654052734375,0.0055350661277771,694.9720458984375,294.2183837890625,0.0006046295166015625,609.3743286132812,292.3232421875,0.001026153564453125,607.9273071289062,294.51849365234375,0.0032355189323425293,608.2008666992188,285.56121826171875,0.013328343629837036,597.2109985351562,276.5376281738281,0.9999978542327881,592.4026489257812,296.0884704589844,0.9999969005584717,599.1643676757812,289.973388671875,0.9987087249755859,603.0072021484375,295.3937683105469,0.9999955892562866,599.9413452148438,303.3668518066406,0.999992847442627,590.36865234375,309.7400817871094,0.9999915957450867,576.4049072265625,298.9600830078125,0.9999995827674866,588.2409057617188,209.84498596191406,0.9999784231185913,574.482666015625,212.06590270996094,0.9946184158325195,689.9625854492188,285.6284484863281,0.0001436173915863037,585.2716674804688,308.1541748046875,0.0010966658592224121,583.0440673828125,202.61434936523438,0.019595831632614136,578.2840576171875,202.69725036621094,0.6999320983886719,567.4813232421875,202.09536743164062,0.9897890686988831
312,777.9299926757812,248.938232421875,0.9999998807907104,696.0511474609375,249.27215576171875,0.9999998807907104,698.5869140625,262.7725830078125,1.0,697.1367797851562,234.5270233154297,1.0,579.0632934570312,236.77340698242188,0.9999998807907104,577.5384521484375,257.6622314453125,1.0,643.75537109375,250.6533203125,0.9999991655349731,577.0674438476562,247.15403747558594,1.0,510.64398193359375,230.7223358154297,0.9999997019767761,431.3812255859375,225.61866760253906,0.9999998807907104,680.8804321289062,217.95175170898438,0.9999958276748657,692.6040649414062,212.63949584960938,1.0,695.0604248046875,200.3682861328125,0.9999951124191284,701.7330322265625,203.49691772460938,0.999998927116394,702.388916015625,209.9217071533203,0.9999998807907104,702.5667724609375,214.8385467529297,0.9999935626983643,696.3154907226562,219.4105682373047,0.9982210397720337,689.9087524414062,279.47198486328125,0.9999964237213135,698.2285766601562,284.408203125,0.9985722303390503,691.3562622070312,295.5804138183594,0.0033527016639709473,700.2073364257812,293.67376708984375,0.0009256899356842041,609.4489135742188,293.530029296875,0.0005222558975219727,608.1267700195312,295.64544677734375,0.002860426902770996,608.2874755859375,286.6105651855469,0.022801101207733154,598.2719116210938,277.1692199707031,0.9999985694885254,592.2780151367188,296.9939880371094,0.999997079372406,599.3992919921875,290.7790832519531,0.9990882873535156,603.1182861328125,296.4833068847656,0.9999969005584717,600.3583374023438,304.5345764160156,0.9999905824661255,590.5914306640625,310.8879089355469,0.999984622001648,577.2405395507812,299.83282470703125,0.9999995231628418,588.4410400390625,210.16604614257812,0.9999799728393555,574.5208129882812,211.6668243408203,0.9930768013000488,630.11181640625,253.25721740722656,3.30805778503418e-05,585.7677612304688,309.37945556640625,0.0014148056507110596,583.4461669921875,202.68020629882812,0.0022327005863189697,576.9445190429688,203.8032989501953,0.606317400932312,568.1805419921875,201.5517578125,0.9598613977432251
313,779.860107421875,248.30523681640625,0.9999998807907104,698.9276733398438,249.03684997558594,0.9999998807907104,702.9568481445312,262.52789306640625,1.0,698.6459350585938,233.79525756835938,0.9999998807907104,580.7852783203125,236.893798828125,0.9999999403953552,578.9473876953125,257.8808898925781,1.0,646.97705078125,250.599853515625,0.9999984502792358,578.9545288085938,247.19564819335938,1.0,511.0786437988281,230.3698272705078,0.9999997615814209,433.8013000488281,224.8466033935547,1.0,681.4618530273438,218.53436279296875,0.999995231628418,692.7845458984375,212.77545166015625,1.0,694.768310546875,200.38311767578125,0.9999948740005493,701.494140625,203.46446228027344,0.9999983310699463,702.4828491210938,209.42446899414062,0.9999997615814209,702.662841796875,214.6549530029297,0.9999905228614807,696.8399047851562,219.2477264404297,0.9968051910400391,695.1250610351562,279.2484130859375,0.9999982118606567,704.286865234375,284.06097412109375,0.999841570854187,702.6795043945312,295.2057800292969,0.7400640249252319,707.9835815429688,292.8703918457031,0.837547779083252,710.6929931640625,288.025390625,0.5827785730361938,712.2181396484375,284.1663513183594,0.0685572624206543,709.2264404296875,276.0241394042969,0.18580397963523865,599.37109375,277.4945373535156,0.9999988079071045,592.165771484375,296.7969970703125,0.9999982118606567,599.3150634765625,290.623779296875,0.9980196952819824,602.8397827148438,296.51544189453125,0.9999945163726807,600.2955932617188,304.63232421875,0.9999914169311523,590.490966796875,310.9496765136719,0.9999895691871643,577.4032592773438,299.1091003417969,0.9999997019767761,587.726806640625,210.25418090820312,0.9999883770942688,575.0090942382812,211.73692321777344,0.9975683689117432,702.4044189453125,282.65203857421875,0.0002891421318054199,585.391357421875,309.3526611328125,0.0009520649909973145,584.2987060546875,202.74806213378906,0.038248687982559204,576.4813232421875,202.79957580566406,0.9325636625289917,568.4619140625,201.56390380859375,0.994088351726532
314,781.8738403320312,248.3404541015625,0.9999998807907104,701.372314453125,248.5082244873047,0.9999996423721313,704.4042358398438,260.8224792480469,1.0,700.47900390625,232.19732666015625,0.9999997615814209,582.9457397460938,237.1957244873047,1.0,581.7743530273438,258.39202880859375,1.0,649.5296630859375,251.7190399169922,0.999997615814209,581.5576782226562,247.48622131347656,1.0,513.8114624023438,232.0045928955078,0.9999997615814209,435.42718505859375,226.51727294921875,1.0,682.0856323242188,219.00535583496094,0.9999969005584717,692.7077026367188,212.70989990234375,1.0,694.4424438476562,200.00424194335938,0.9999939203262329,702.398681640625,203.474365234375,0.9999973773956299,702.4326782226562,209.0160369873047,0.9999996423721313,702.5332641601562,214.24293518066406,0.9999903440475464,697.1127319335938,218.84063720703125,0.9954138994216919,701.0359497070312,277.7670593261719,0.9999990463256836,714.8934326171875,285.6910400390625,0.9999906420707703,713.7590942382812,296.636474609375,0.6459834575653076,718.612060546875,291.99298095703125,0.8794615268707275,721.5458374023438,288.0738220214844,0.8345510959625244,722.5523681640625,285.68804931640625,0.3549622595310211,718.6687622070312,279.0097961425781,0.6026102304458618,599.9624633789062,278.2021789550781,0.9999963641166687,592.0242309570312,297.0440673828125,0.9999978542327881,599.8355102539062,290.725341796875,0.9947057962417603,602.8275756835938,296.650634765625,0.9999916553497314,600.6982421875,304.47998046875,0.9999892115592957,591.26318359375,311.21868896484375,0.9999779462814331,577.7975463867188,299.5976867675781,0.9999997615814209,587.902099609375,209.98629760742188,0.9999890327453613,574.843017578125,211.770751953125,0.9982707500457764,714.0172119140625,282.7374267578125,0.0002893209457397461,585.9984130859375,309.6066589355469,0.0008866488933563232,583.6359252929688,204.6397705078125,0.03191700577735901,576.4644165039062,203.16807556152344,0.9487258791923523,568.2830200195312,201.8815155029297,0.9959638118743896
315,782.4599609375,248.03277587890625,0.9999997615814209,701.840576171875,247.2955780029297,0.9999982118606567,707.6998291015625,261.0408630371094,1.0,701.8710327148438,231.25604248046875,0.9999990463256836,583.7637329101562,237.67575073242188,0.9999999403953552,582.6987915039062,258.5184326171875,1.0,650.939208984375,251.9801788330078,0.9999989867210388,582.5992431640625,247.74151611328125,1.0,515.5650634765625,232.0082550048828,0.9999998807907104,436.24169921875,227.1029052734375,1.0,682.9610595703125,219.07249450683594,0.9999978542327881,693.3901977539062,212.779296875,1.0,694.3475341796875,199.8990936279297,0.9999924898147583,702.3685302734375,203.35787963867188,0.9999976754188538,702.9999389648438,208.89364624023438,0.9999998211860657,701.6767578125,214.32388305664062,0.9999901056289673,698.4998168945312,219.20298767089844,0.9910896420478821,707.8153076171875,278.82403564453125,0.9999998807907104,725.4765625,283.74090576171875,0.9999785423278809,723.5262451171875,293.7877502441406,0.9996552467346191,729.286865234375,293.3482666015625,0.9997885227203369,733.9739379882812,288.7719421386719,0.9991822838783264,733.7850952148438,282.79132080078125,0.9984751343727112,729.1412963867188,276.78253173828125,0.9994738101959229,601.5846557617188,280.3420104980469,0.9999959468841553,591.9712524414062,297.0805358886719,0.9999984502792358,599.8507080078125,290.58782958984375,0.9828769564628601,602.4501953125,297.1499938964844,0.9999856352806091,600.2395629882812,305.1843566894531,0.999990701675415,591.53662109375,311.15692138671875,0.9999836087226868,577.6071166992188,299.2027282714844,0.9999997019767761,587.9912719726562,210.78652954101562,0.9999923706054688,574.5645141601562,211.9741973876953,0.9990609884262085,720.3504638671875,284.4369201660156,0.00021594762802124023,585.914794921875,309.56195068359375,0.0005859732627868652,583.9468994140625,204.474609375,0.1382206380367279,577.3368530273438,202.77059936523438,0.9832385778427124,568.4609375,202.37582397460938,0.9980210065841675
316,784.489990234375,248.1031951904297,1.0,703.093017578125,248.04547119140625,0.9999985694885254,710.7974243164062,261.0850830078125,0.9999997019767761,703.2719116210938,231.8079833984375,0.9999985694885254,585.08984375,237.81796264648438,0.9999998211860657,584.173095703125,258.8171081542969,1.0,652.79150390625,253.00047302246094,0.9999996423721313,584.675048828125,247.78897094726562,1.0,516.9515991210938,232.00225830078125,0.9999998807907104,437.3255310058594,227.5712890625,1.0,683.5895385742188,218.7293701171875,0.9999924898147583,693.6717529296875,212.93112182617188,0.9999998807907104,694.4988403320312,199.77000427246094,0.9999902248382568,701.4005126953125,202.94281005859375,0.9999973773956299,703.311279296875,209.0395965576172,0.9999998211860657,702.0028076171875,214.4838409423828,0.9999872446060181,698.6912841796875,219.8242645263672,0.9686083793640137,713.87353515625,279.28369140625,0.9999964237213135,733.62451171875,281.8482666015625,0.9999966621398926,730.126953125,293.6182861328125,0.9998877048492432,738.0485229492188,291.72857666015625,0.9999583959579468,742.2904663085938,287.24029541015625,0.9998739957809448,742.220458984375,279.5347595214844,0.9995915293693542,736.7861938476562,274.0588073730469,0.9995008707046509,602.044921875,281.0314636230469,0.9999902248382568,592.0562744140625,297.35736083984375,0.9999983310699463,599.8404541015625,290.7447204589844,0.9760299921035767,602.957275390625,297.2865905761719,0.9999820590019226,600.5093994140625,304.48736572265625,0.9999904036521912,591.7653198242188,311.0211486816406,0.999979555606842,578.1270751953125,299.4290466308594,0.9999995827674866,588.603759765625,211.7805938720703,0.9999922513961792,573.9305419921875,211.4416961669922,0.9995039105415344,728.7937622070312,278.91943359375,0.0008936524391174316,586.0910034179688,309.6798095703125,0.0006020963191986084,584.4856567382812,205.43458557128906,0.2206944227218628,578.036865234375,203.225341796875,0.9887242317199707,568.4953002929688,202.54249572753906,0.9985499978065491
317,785.52001953125,248.47439575195312,1.0,704.2573852539062,247.55242919921875,0.9999982118606567,711.29150390625,261.3733215332031,0.9999944567680359,703.0537719726562,233.09104919433594,0.9999976754188538,586.5301513671875,238.3668212890625,0.9999998807907104,585.603759765625,259.36468505859375,0.9999998807907104,653.2899169921875,253.59776306152344,0.9999996423721313,585.6400756835938,248.51795959472656,1.0,518.7687377929688,232.37391662597656,0.9999994039535522,442.3069763183594,228.4369354248047,0.9999999403953552,684.0975341796875,219.6271514892578,0.999991774559021,693.6575927734375,213.199462890625,0.9999998807907104,694.198486328125,199.72381591796875,0.9999894499778748,702.112548828125,203.06253051757812,0.9999966025352478,703.2491455078125,208.65704345703125,0.9999996423721313,702.3101196289062,214.31307983398438,0.9999843835830688,699.1381225585938,219.88894653320312,0.9570494890213013,720.3531494140625,278.45782470703125,0.999997615814209,742.50146484375,281.37786865234375,0.9999974966049194,738.3677368164062,291.9042663574219,0.9999015927314758,745.1212768554688,291.4302062988281,0.99994957447052,749.6280517578125,286.7373046875,0.9993325471878052,749.239013671875,278.9827880859375,0.9997124075889587,744.0690307617188,273.86810302734375,0.999254584312439,603.0621948242188,281.601318359375,0.9999955892562866,591.8763427734375,296.7154235839844,0.9999986886978149,599.7697143554688,290.1463623046875,0.894317626953125,602.7620849609375,297.9615173339844,0.9999444484710693,599.6712646484375,304.6528625488281,0.9999872446060181,591.4234008789062,310.767822265625,0.9999848008155823,577.9068603515625,298.43621826171875,0.9999996423721313,590.0431518554688,210.28750610351562,0.9999969601631165,574.1079711914062,211.24862670898438,0.9997810125350952,736.3858642578125,284.17462158203125,0.001830756664276123,585.4957275390625,212.8336639404297,0.00088462233543396,584.6317138671875,205.34486389160156,0.35725030303001404,578.059814453125,203.3958740234375,0.9926052093505859,568.3038330078125,202.75146484375,0.9983623027801514
318,786.827392578125,248.18556213378906,1.0,705.43359375,246.68946838378906,0.9999982118606567,711.6319580078125,261.68829345703125,0.9999905824661255,703.2785034179688,234.00924682617188,0.9999974370002747,587.6546020507812,238.7705841064453,0.9999998807907104,586.16357421875,259.73345947265625,0.9999998807907104,653.5491333007812,254.586669921875,0.9999998211860657,586.6707153320312,248.8914794921875,1.0,520.6986083984375,232.23988342285156,0.9999985694885254,441.26629638671875,229.3997802734375,0.9999998807907104,684.525390625,220.20542907714844,0.9999938607215881,693.8232421875,213.4134979248047,1.0,694.3788452148438,199.9663543701172,0.999992847442627,701.1119995117188,202.7728271484375,0.9999979734420776,703.123046875,208.8796844482422,0.9999997615814209,702.71484375,214.7029571533203,0.9999807476997375,699.399169921875,219.99542236328125,0.8880363702774048,726.1536865234375,278.364501953125,0.9999992251396179,748.0556030273438,281.4636535644531,0.9999984502792358,745.4298706054688,292.83056640625,0.9999898076057434,752.8731689453125,290.3578186035156,0.9999971389770508,756.6177978515625,285.73773193359375,0.9999936819076538,755.265869140625,277.23291015625,0.9999957084655762,750.8514404296875,273.4700012207031,0.9999343156814575,603.2156372070312,282.29937744140625,0.9999973177909851,591.7354125976562,296.52630615234375,0.9999990463256836,599.451416015625,290.0105285644531,0.782201886177063,602.3809814453125,298.0052795410156,0.9999218583106995,599.6773681640625,304.3675537109375,0.9999829530715942,591.5711059570312,310.3098449707031,0.9999889135360718,578.2337646484375,297.84814453125,0.9999997019767761,590.685546875,210.62657165527344,0.9999989867210388,573.8727416992188,210.9571075439453,0.9999255537986755,737.9567260742188,282.3758544921875,0.003188878297805786,586.0025024414062,212.4063720703125,0.0007968246936798096,585.1010131835938,205.5110626220703,0.5411486625671387,578.6065673828125,203.41864013671875,0.9976078867912292,568.4732666015625,202.72129821777344,0.999229907989502
319,788.0258178710938,247.80226135253906,1.0,707.4791870117188,247.16966247558594,0.999998927116394,712.333740234375,262.8460998535156,0.9999959468841553,704.8322143554688,234.6654815673828,0.9999989867210388,589.7566528320312,239.11328125,0.9999998211860657,587.0548095703125,259.93255615234375,1.0,654.7606811523438,255.74014282226562,0.9999998807907104,587.75927734375,249.24281311035156,1.0,522.0482177734375,232.66647338867188,0.9999988079071045,443.907470703125,229.41201782226562,1.0,685.4090576171875,220.96844482421875,0.9999954104423523,693.747314453125,213.60787963867188,0.9999999403953552,694.1278076171875,199.9225616455078,0.9999943971633911,700.8473510742188,202.436279296875,0.9999982118606567,703.1007690429688,208.5249786376953,0.9999998807907104,703.022705078125,214.4468536376953,0.9999764561653137,699.8198852539062,219.9902801513672,0.7504563331604004,729.3477783203125,278.87725830078125,0.999995231628418,752.9601440429688,284.5242614746094,0.9999969005584717,751.5228881835938,294.7060546875,0.9997746348381042,758.9540405273438,292.1011047363281,0.9999232292175293,762.732421875,288.11456298828125,0.9993292093276978,762.8822631835938,278.2768859863281,0.9999334812164307,756.7570190429688,274.2971496582031,0.9999954700469971,603.7776489257812,283.01666259765625,0.9999979734420776,591.87451171875,296.49615478515625,0.9999988079071045,599.4874877929688,290.07037353515625,0.6235694885253906,602.4525756835938,298.09735107421875,0.9998663663864136,599.79052734375,304.0027160644531,0.9999786615371704,591.7115478515625,310.1361999511719,0.9999886155128479,578.6412353515625,297.77264404296875,0.9999996423721313,591.505615234375,211.38653564453125,0.9999988079071045,574.0547485351562,211.2753143310547,0.9999083876609802,750.1721801757812,287.5999450683594,0.0003012418746948242,697.7504272460938,209.193603515625,0.0004538297653198242,585.4072875976562,206.14157104492188,0.35164445638656616,578.7865600585938,204.0298614501953,0.9958246946334839,568.5076904296875,203.27737426757812,0.9993172883987427
320,789.1261596679688,247.68649291992188,1.0,708.5869750976562,248.15383911132812,0.9999994039535522,713.2060546875,263.5723876953125,0.9999938011169434,705.9526977539062,235.18373107910156,0.9999994039535522,590.4013061523438,240.19065856933594,0.9999997615814209,588.35302734375,260.4894104003906,1.0,655.7457275390625,256.5008239746094,0.9999998211860657,590.1239624023438,249.03126525878906,1.0,523.2514038085938,233.11964416503906,0.9999986886978149,446.277099609375,228.6526336669922,1.0,686.53173828125,221.5959014892578,0.9999966621398926,693.9240112304688,213.45001220703125,0.9999999403953552,694.0487060546875,200.02833557128906,0.9999966621398926,700.7735595703125,202.47305297851562,0.9999984502792358,703.2593994140625,208.6747589111328,0.9999998807907104,703.4013671875,214.81588745117188,0.9999736547470093,699.84375,220.22166442871094,0.6591688394546509,731.1867065429688,279.41595458984375,0.9999562501907349,754.6485595703125,285.20550537109375,0.999998927116394,753.153564453125,293.9364013671875,0.9999074935913086,760.7014770507812,292.68548583984375,0.9999006390571594,763.0620727539062,288.5765686035156,0.9996365308761597,765.44970703125,278.9170837402344,0.9999792575836182,758.1619262695312,274.72515869140625,0.9999984502792358,603.6954956054688,283.1820983886719,0.9999975562095642,591.8463134765625,297.1540222167969,0.9999985694885254,599.9044189453125,290.2745361328125,0.6193808317184448,602.40625,298.81219482421875,0.9998595714569092,599.908203125,304.5477294921875,0.999968945980072,591.729248046875,310.5156555175781,0.9999798536300659,579.0770263671875,298.4903259277344,0.9999997019767761,591.6478271484375,211.8235321044922,0.9999990463256836,573.8540649414062,211.5909423828125,0.9999463558197021,746.6181640625,284.6803894042969,0.0005977153778076172,754.3036499023438,290.9732666015625,0.0004246830940246582,585.537109375,206.75428771972656,0.3515348732471466,578.7815551757812,204.32058715820312,0.9958004355430603,568.318359375,203.75445556640625,0.9992663860321045
321,791.16162109375,248.6220703125,0.9999999403953552,709.5743408203125,248.4007568359375,0.9999988675117493,713.9418334960938,263.86676025390625,0.9999853372573853,706.7354125976562,236.10536193847656,0.9999994039535522,591.36572265625,240.327392578125,0.9999999403953552,589.4457397460938,260.6983947753906,0.9999999403953552,655.1381225585938,258.63104248046875,1.0,591.1288452148438,249.2669219970703,0.9999998807907104,524.4097290039062,233.56546020507812,0.9999986290931702,448.05499267578125,227.272705078125,0.9999999403953552,687.20166015625,222.14688110351562,0.9999958872795105,694.0986938476562,213.63356018066406,1.0,694.2972412109375,200.03851318359375,0.9999964833259583,700.9691162109375,202.42996215820312,0.999998927116394,703.29736328125,208.68260192871094,0.9999998807907104,703.562744140625,214.9872283935547,0.9999791383743286,699.875,220.44491577148438,0.5892055034637451,732.509033203125,279.9551086425781,0.9998288154602051,755.1582641601562,285.8561706542969,0.9999979734420776,753.869873046875,294.4603576660156,0.9997392892837524,761.1293334960938,293.4410095214844,0.9998692274093628,763.1791381835938,289.2811279296875,0.9997156858444214,765.9913330078125,279.91265869140625,0.9999375343322754,758.4887084960938,275.8275451660156,0.9999969005584717,604.2105712890625,283.9548034667969,0.9999982118606567,591.7367553710938,296.6977233886719,0.9999984502792358,599.70654296875,290.53253173828125,0.5674440264701843,602.22802734375,299.0345153808594,0.9996931552886963,599.7113647460938,304.8108825683594,0.9999697208404541,591.526611328125,310.4407653808594,0.9999840259552002,578.8597412109375,297.705078125,0.9999996423721313,591.7827758789062,211.21762084960938,0.9999990463256836,573.5602416992188,211.59217834472656,0.999925971031189,747.17626953125,285.0718078613281,0.001799255609512329,755.2059936523438,291.3027648925781,0.0011431574821472168,585.2626342773438,206.75436401367188,0.21283337473869324,577.3048095703125,203.67193603515625,0.9913723468780518,568.3939208984375,203.69998168945312,0.9986860752105713
322,791.516845703125,248.86810302734375,0.9999999403953552,709.9910888671875,249.2514190673828,0.9999991655349731,713.831298828125,264.19146728515625,0.999977707862854,707.3201293945312,236.9405059814453,0.9999992847442627,591.9861450195312,241.0597686767578,1.0,590.2023315429688,261.5091247558594,1.0,656.162841796875,259.8203430175781,1.0,590.73486328125,250.0550079345703,0.9999999403953552,523.4887084960938,233.33981323242188,0.9999984502792358,447.6253662109375,226.87356567382812,0.9999999403953552,687.944580078125,222.76747131347656,0.9999970197677612,694.062255859375,213.79759216308594,1.0,693.96044921875,199.8398895263672,0.9999974370002747,700.8281860351562,202.162353515625,0.9999985694885254,703.1985473632812,208.4575958251953,0.9999999403953552,703.6806030273438,215.07688903808594,0.9999834299087524,700.0048217773438,220.52137756347656,0.6077880263328552,733.4676513671875,280.1429748535156,0.9996922016143799,755.7372436523438,285.94915771484375,0.9999973773956299,753.660888671875,294.0426940917969,0.9996585249900818,761.0862426757812,293.7833557128906,0.9998517036437988,763.0289306640625,289.66241455078125,0.9997926950454712,766.4046020507812,280.6507873535156,0.9999157190322876,759.3991088867188,276.1141052246094,0.9999955296516418,604.328369140625,284.54681396484375,0.9999989867210388,591.5672607421875,296.91058349609375,0.9999984502792358,599.78564453125,290.5161437988281,0.4275229573249817,601.9462280273438,299.19854736328125,0.9992547035217285,599.62158203125,304.87200927734375,0.999960720539093,591.4830932617188,310.5153503417969,0.9999810457229614,578.869384765625,297.98114013671875,0.9999996423721313,592.668701171875,213.96408081054688,0.9999990463256836,574.0072021484375,211.9323272705078,0.9999781847000122,747.70947265625,285.4109802246094,0.0013597607612609863,587.33447265625,212.9260711669922,0.0010789930820465088,586.1654052734375,207.89036560058594,0.7198695540428162,579.4818115234375,205.00035095214844,0.9984424114227295,569.385009765625,203.93833923339844,0.9993115663528442
323,792.3740844726562,249.1237030029297,0.9999995231628418,710.286376953125,249.45745849609375,0.9999982714653015,714.1406860351562,264.58056640625,0.999962568283081,707.7726440429688,237.44024658203125,0.999998927116394,592.6605224609375,241.10916137695312,1.0,590.7647094726562,261.81085205078125,1.0,656.9721069335938,260.50067138671875,1.0,591.498779296875,250.2342987060547,1.0,523.778564453125,233.37173461914062,0.9999986886978149,447.6051940917969,227.2041015625,1.0,688.63134765625,223.40267944335938,0.9999949932098389,693.9677124023438,214.1641387939453,1.0,693.663818359375,199.98599243164062,0.9999969005584717,700.897216796875,201.9181671142578,0.9999983310699463,703.1632080078125,208.57391357421875,0.9999999403953552,703.708251953125,215.29342651367188,0.9999818205833435,700.2560424804688,220.79226684570312,0.5928075909614563,733.7237548828125,280.37713623046875,0.999687135219574,755.7501220703125,286.4526062011719,0.9999970197677612,753.9736938476562,294.8039245605469,0.9996820688247681,761.1807250976562,294.0203857421875,0.9998868703842163,763.14013671875,289.3408203125,0.9998759031295776,765.5487060546875,281.65283203125,0.9999349117279053,758.7366333007812,276.2400817871094,0.9999966621398926,605.0100708007812,285.5564880371094,0.9999991059303284,591.3255004882812,296.3501281738281,0.9999985694885254,599.3031005859375,290.4522399902344,0.09784796833992004,601.9766235351562,297.180419921875,0.9971333742141724,599.8516845703125,304.68194580078125,0.9999629259109497,591.5543212890625,310.50311279296875,0.9999836087226868,578.7562866210938,297.92974853515625,0.9999995827674866,592.993896484375,214.1605987548828,0.9999992251396179,573.700927734375,212.0112762451172,0.9999812841415405,747.3974609375,285.9436950683594,0.0038612782955169678,755.5269775390625,292.3863220214844,0.002529650926589966,586.1236572265625,208.13088989257812,0.6430096626281738,579.62060546875,205.0270233154297,0.997875452041626,569.125732421875,204.08529663085938,0.9990394711494446
324,792.935302734375,249.520751953125,0.9999992251396179,711.7067260742188,249.8504638671875,0.9999964237213135,715.4265747070312,265.1725769042969,0.999925971031189,708.2146606445312,237.98941040039062,0.999998927116394,593.2233276367188,241.66334533691406,1.0,591.096435546875,262.6288757324219,1.0,658.3642578125,260.86798095703125,1.0,592.09765625,250.8509979248047,1.0,522.4479370117188,233.30833435058594,0.9999984502792358,448.37823486328125,227.16668701171875,1.0,689.4512329101562,222.7381134033203,0.9999933242797852,693.7797241210938,214.38758850097656,0.9999998807907104,693.17626953125,199.83067321777344,0.9999949932098389,701.6351318359375,201.4456329345703,0.9999968409538269,703.0482177734375,208.53314208984375,0.9999997615814209,703.6981201171875,214.98910522460938,0.9999582767486572,700.4044189453125,220.86732482910156,0.46911367774009705,733.482666015625,281.41680908203125,0.9997658729553223,755.4531860351562,286.8736267089844,0.9999969005584717,754.27783203125,295.41119384765625,0.9994845390319824,761.3749389648438,294.309326171875,0.9997881650924683,763.018310546875,289.2427062988281,0.9998476505279541,765.001953125,281.89947509765625,0.999934196472168,757.927734375,276.73321533203125,0.9999974966049194,605.1039428710938,286.62469482421875,0.9999994039535522,590.7526245117188,295.9457702636719,0.9999983310699463,595.2833862304688,291.3868713378906,0.05375152826309204,601.3746337890625,299.3400573730469,0.9903586506843567,599.5435791015625,304.927978515625,0.999967098236084,591.2993774414062,310.66839599609375,0.9999887943267822,578.4955444335938,297.8832092285156,0.9999995827674866,592.93359375,214.19393920898438,0.999998927116394,573.7644653320312,212.03863525390625,0.9999778866767883,749.2898559570312,286.5544738769531,0.02286103367805481,755.284423828125,292.5622253417969,0.012481510639190674,585.9725952148438,208.05386352539062,0.4672333002090454,577.9765625,203.25477600097656,0.995634913444519,569.0054931640625,204.1689910888672,0.9988212585449219
325,793.3433837890625,250.52850341796875,0.9999992251396179,712.1321411132812,250.34861755371094,0.9999979734420776,716.0307006835938,265.1036376953125,0.9999509453773499,708.067138671875,238.40797424316406,0.9999992251396179,593.754150390625,242.29396057128906,1.0,591.7205200195312,263.14373779296875,1.0,657.8433227539062,261.3522644042969,0.9999999403953552,592.69140625,251.5309295654297,1.0,523.5328369140625,234.2272186279297,0.9999980330467224,450.36138916015625,227.2689666748047,1.0,689.4970092773438,223.38937377929688,0.9999977350234985,693.7320556640625,214.64320373535156,0.9999999403953552,692.638427734375,200.03167724609375,0.9999961853027344,700.9810791015625,201.3671417236328,0.9999977350234985,702.5957641601562,208.03390502929688,0.9999996423721313,703.5824584960938,214.80838012695312,0.9999739527702332,700.4923095703125,220.98812866210938,0.6881604194641113,732.7130126953125,281.85394287109375,0.999890923500061,755.1589965820312,286.8887939453125,0.999997615814209,754.1038818359375,295.8715515136719,0.9997105598449707,761.5372924804688,293.9622497558594,0.9998352527618408,763.3682861328125,288.71160888671875,0.9998993873596191,764.3554077148438,281.5325622558594,0.9999593496322632,757.2590942382812,276.7204284667969,0.9999991655349731,605.3857421875,287.06414794921875,0.9999991655349731,591.0052490234375,296.2733154296875,0.9999973773956299,595.420654296875,291.9725036621094,0.0373268723487854,601.2149658203125,297.6212158203125,0.9828592538833618,599.5833740234375,304.929443359375,0.999971866607666,591.5733032226562,310.6143493652344,0.9999896287918091,578.5984497070312,297.93487548828125,0.9999995231628418,593.2158203125,214.5763702392578,0.9999992847442627,574.2527465820312,212.3094482421875,0.9999809861183167,748.8618774414062,286.1600341796875,0.19967347383499146,755.2872924804688,292.6309814453125,0.039322495460510254,586.5087890625,208.0956268310547,0.6310926079750061,579.3515014648438,204.4912872314453,0.9975568652153015,569.2426147460938,204.17880249023438,0.9992105960845947
326,793.6005859375,250.9293212890625,0.9999991655349731,712.6364135742188,251.13304138183594,0.9999964833259583,717.2555541992188,266.0436096191406,0.9998867511749268,707.9805297851562,239.07061767578125,0.999998927116394,594.55810546875,243.27603149414062,1.0,593.12646484375,263.740966796875,1.0,658.3104858398438,262.0476989746094,0.9999998807907104,593.718994140625,252.553955078125,1.0,525.1399536132812,234.73147583007812,0.9999948143959045,451.6219482421875,226.99160766601562,1.0,689.3062133789062,223.67486572265625,0.9999978542327881,693.7799072265625,215.0345458984375,1.0,692.34326171875,199.99783325195312,0.9999969005584717,700.8162841796875,201.3976287841797,0.9999979734420776,702.4788208007812,207.83798217773438,0.9999996423721313,703.5928344726562,214.71743774414062,0.9999783635139465,701.0054321289062,221.04769897460938,0.7915281057357788,733.0875854492188,282.0743408203125,0.9999076128005981,754.369384765625,287.4967346191406,0.9999966621398926,753.5693969726562,296.5962219238281,0.9998869895935059,761.4175415039062,294.27105712890625,0.9999321103096008,762.9786376953125,288.7702331542969,0.9999211430549622,763.0721435546875,280.8762512207031,0.9999204277992249,756.0905151367188,277.3742980957031,0.9999980926513672,605.4796752929688,287.6070251464844,0.9999990463256836,591.423583984375,295.93255615234375,0.9999967813491821,595.0787353515625,291.5053405761719,0.0203416645526886,601.669921875,299.3529052734375,0.967296838760376,600.278076171875,304.5992126464844,0.9999696612358093,592.12646484375,310.54571533203125,0.9999886155128479,578.602294921875,298.0249938964844,0.999999463558197,593.3921508789062,215.4996337890625,0.9999996423721313,574.9528198242188,212.38319396972656,0.9999915957450867,748.4107666015625,286.9053955078125,0.38566863536834717,754.5960083007812,292.8116455078125,0.03214794397354126,587.347412109375,207.94302368164062,0.9234107732772827,579.8294067382812,203.6921844482422,0.9997563362121582,569.6190795898438,204.3079376220703,0.99979168176651
327,793.7890625,251.3797607421875,0.9999992251396179,713.4678344726562,252.0210723876953,0.9999960660934448,719.0693359375,265.61016845703125,0.9999431371688843,708.9740600585938,239.2724151611328,0.999998152256012,595.048095703125,243.30288696289062,1.0,593.3096923828125,263.9031982421875,1.0,659.9747924804688,262.501953125,1.0,594.1282348632812,252.84713745117188,1.0,525.2035522460938,234.89743041992188,0.9999958276748657,451.916259765625,226.9154815673828,1.0,690.1050415039062,223.77890014648438,0.999997615814209,693.945068359375,214.95428466796875,1.0,692.4591064453125,199.79714965820312,0.9999966621398926,700.989990234375,201.00790405273438,0.999997615814209,702.3660888671875,207.683349609375,0.9999995827674866,703.6573486328125,214.52854919433594,0.9999732375144958,701.3582153320312,220.86178588867188,0.6427114605903625,733.2757568359375,283.0591735839844,0.999963641166687,754.2445068359375,287.12298583984375,0.9999979734420776,753.6539916992188,296.3773193359375,0.9999487400054932,761.490966796875,293.9134216308594,0.9999618530273438,763.0400390625,288.2268371582031,0.9999387264251709,763.0491333007812,280.40240478515625,0.99995356798172,755.699462890625,277.0716552734375,0.9999983310699463,606.1109008789062,288.1800231933594,0.9999994039535522,591.5982055664062,295.3008117675781,0.9999973773956299,595.0936279296875,291.20208740234375,0.016668349504470825,601.9801635742188,299.2863464355469,0.9426071047782898,600.5966796875,304.9245910644531,0.9999566078186035,592.1587524414062,310.9078674316406,0.9999852180480957,578.4882202148438,298.38330078125,0.9999995231628418,593.5825805664062,215.77838134765625,0.9999995231628418,574.7169799804688,212.67738342285156,0.9999908208847046,748.53369140625,286.70098876953125,0.2787896990776062,754.713134765625,292.8171081542969,0.022329062223434448,587.0599365234375,208.64404296875,0.9129757881164551,579.5921630859375,204.26614379882812,0.9996255040168762,569.5260620117188,204.6710968017578,0.9997814893722534
328,793.7833251953125,250.95611572265625,0.9999988675117493,713.8759155273438,252.19488525390625,0.999990701675415,719.948486328125,265.5343322753906,0.9999469518661499,709.2073974609375,239.39706420898438,0.9999978542327881,595.5841674804688,243.30198669433594,1.0,594.1256713867188,264.25579833984375,1.0,660.599365234375,263.183349609375,1.0,594.7496948242188,253.01934814453125,1.0,526.912353515625,235.10011291503906,0.9999953508377075,452.1853332519531,226.85108947753906,1.0,690.6576538085938,224.10165405273438,0.9999966621398926,693.7125854492188,215.2501220703125,0.9999998807907104,692.02587890625,199.92062377929688,0.9999954104423523,700.6614990234375,200.9794464111328,0.9999971389770508,702.2186889648438,207.65516662597656,0.9999992847442627,703.5147705078125,214.38284301757812,0.9999545812606812,701.747802734375,220.76400756835938,0.5200167894363403,733.730712890625,283.5795593261719,0.9999489188194275,754.0984497070312,286.9856872558594,0.9999982714653015,753.5634765625,296.51751708984375,0.9999539852142334,761.3890380859375,294.0881652832031,0.9999753832817078,763.1613159179688,288.2125549316406,0.9999668598175049,762.9769897460938,280.3662109375,0.9999675750732422,755.9334716796875,277.3231201171875,0.9999988079071045,606.1486206054688,289.10601806640625,0.9999989867210388,591.5488891601562,295.27593994140625,0.9999958276748657,594.6920166015625,291.1953430175781,0.0030003786087036133,602.9537353515625,297.01165771484375,0.6320105791091919,600.8515014648438,305.0685729980469,0.999862790107727,592.3216552734375,311.09063720703125,0.9999792575836182,578.5465087890625,298.8311767578125,0.9999992251396179,593.8966064453125,216.03782653808594,0.9999994039535522,574.67138671875,212.6686553955078,0.9999939203262329,748.05517578125,286.76519775390625,0.18118196725845337,754.2711181640625,293.1517333984375,0.021602720022201538,586.9723510742188,208.28614807128906,0.9131771922111511,579.7539672851562,203.85426330566406,0.9995907545089722,568.8968505859375,204.45709228515625,0.9997060298919678
329,794.3894653320312,251.60971069335938,0.9999992847442627,714.2501831054688,252.1787567138672,0.9999945163726807,720.0292358398438,265.8311462402344,0.999982476234436,709.83935546875,239.81224060058594,0.9999988079071045,596.4533081054688,244.42433166503906,1.0,595.0432739257812,265.2294006347656,1.0,660.5355224609375,263.7913818359375,0.9999999403953552,595.4755249023438,254.13856506347656,1.0,527.9146728515625,235.8517608642578,0.9999983310699463,451.55126953125,226.6169891357422,1.0,691.3353881835938,224.81552124023438,0.999997615814209,693.6527709960938,215.4412841796875,0.9999998807907104,691.8065185546875,199.85897827148438,0.9999954104423523,700.5961303710938,200.96820068359375,0.9999967217445374,702.3069458007812,207.61642456054688,0.9999991059303284,703.658447265625,214.65394592285156,0.9999507665634155,701.5394897460938,221.17056274414062,0.45440056920051575,733.5834350585938,283.42645263671875,0.9999611973762512,753.6863403320312,286.9842224121094,0.9999985098838806,753.3052978515625,296.7174987792969,0.9999707341194153,761.1776123046875,294.4405212402344,0.9999864101409912,763.0621948242188,288.1424560546875,0.9999780654907227,762.414794921875,279.946533203125,0.9999521970748901,755.6365966796875,277.33447265625,0.9999986886978149,606.3427124023438,290.8758850097656,0.9999989867210388,591.5050659179688,295.05517578125,0.999993622303009,691.148681640625,206.39344787597656,0.0018922686576843262,603.4149169921875,297.6080322265625,0.20216739177703857,600.8764038085938,305.4627380371094,0.999732494354248,592.0819702148438,311.103515625,0.9999651312828064,578.8067626953125,298.78240966796875,0.999998927116394,593.02978515625,217.05543518066406,0.9999996423721313,574.4364013671875,212.54908752441406,0.9999963045120239,748.1353149414062,287.0146789550781,0.1560857892036438,754.1869506835938,292.97003173828125,0.011364400386810303,586.9334716796875,207.59706115722656,0.9784287214279175,579.4553833007812,203.29798889160156,0.999924898147583,569.8264770507812,203.9032440185547,0.9998795986175537
330,795.0670166015625,251.4749298095703,0.9999992847442627,715.8416748046875,252.4423828125,0.9999911785125732,721.6492919921875,265.6807861328125,0.9999841451644897,710.864013671875,239.8274383544922,0.9999977350234985,597.330810546875,245.09686279296875,1.0,595.4300537109375,265.8379211425781,1.0,661.6077270507812,264.1553955078125,0.9999998807907104,596.2195434570312,254.7947540283203,1.0,528.3840942382812,236.4193878173828,0.9999985694885254,451.5906982421875,226.88278198242188,1.0,692.0321044921875,224.93199157714844,0.9999961853027344,693.6246337890625,215.369140625,0.9999999403953552,691.5859985351562,199.77719116210938,0.9999947547912598,700.4320068359375,201.94680786132812,0.9999969005584717,702.2321166992188,207.51734924316406,0.9999985098838806,703.4317626953125,214.29058837890625,0.9998964071273804,701.7357788085938,221.2965087890625,0.31062495708465576,734.1325073242188,284.1772766113281,0.9999610185623169,753.6298217773438,286.7525939941406,0.9999988079071045,753.2782592773438,296.783447265625,0.9999608993530273,761.2205810546875,294.3516540527344,0.999987006187439,763.028076171875,287.6708984375,0.9999744892120361,762.1050415039062,279.9457092285156,0.9999556541442871,755.456787109375,277.01678466796875,0.9999983310699463,606.2117309570312,292.0855407714844,0.9999991655349731,592.7579956054688,294.71917724609375,0.9999881386756897,691.134521484375,206.21958923339844,0.002242535352706909,602.2154541015625,298.3720703125,0.05743563175201416,600.613525390625,305.81219482421875,0.9995906949043274,591.8316040039062,311.13531494140625,0.9999663829803467,578.559814453125,299.0939025878906,0.9999985694885254,593.4251708984375,217.4249267578125,0.9999997615814209,574.4332275390625,213.20928955078125,0.9999951124191284,748.0840454101562,286.93988037109375,0.3598001003265381,753.8711547851562,292.7594909667969,0.016698569059371948,586.2205810546875,207.38072204589844,0.9818386435508728,578.2843627929688,203.58619689941406,0.9999088048934937,568.5740356445312,204.65042114257812,0.999881386756897
331,795.4400024414062,251.3401336669922,0.9999994039535522,716.7831420898438,252.18283081054688,0.9999870657920837,722.4669189453125,265.3711242675781,0.9999829530715942,711.4501342773438,239.35739135742188,0.9999963641166687,598.3690795898438,245.0462188720703,1.0,596.2265014648438,265.7421875,1.0,662.4061889648438,263.92852783203125,0.9999997615814209,597.17431640625,254.67843627929688,1.0,529.38427734375,237.0629119873047,0.9999992847442627,451.0563049316406,227.26284790039062,1.0,692.790283203125,224.69931030273438,0.999993622303009,693.8817138671875,215.15365600585938,0.9999998211860657,691.5289306640625,199.71841430664062,0.9999914169311523,700.5894775390625,201.7576446533203,0.999995231628418,702.4673461914062,207.32997131347656,0.9999975562095642,703.81103515625,214.20672607421875,0.9998365044593811,701.9606323242188,221.1520233154297,0.21566244959831238,734.1544799804688,284.2987060546875,0.9999665021896362,753.5980834960938,287.0063781738281,0.9999985098838806,753.0184936523438,297.0160827636719,0.9999552369117737,760.9226684570312,294.69549560546875,0.9999862313270569,762.7722778320312,287.9083251953125,0.9999808073043823,761.8856811523438,279.8345947265625,0.9999541640281677,755.3641357421875,277.5578918457031,0.9999983310699463,605.7942504882812,291.7041931152344,0.9999970197677612,592.1433715820312,294.33697509765625,0.9999932050704956,691.1761474609375,206.04620361328125,0.002611696720123291,604.4866943359375,300.1403503417969,0.05772408843040466,600.2138061523438,305.32086181640625,0.9996424317359924,591.35400390625,310.5194091796875,0.9999693632125854,577.3529052734375,298.3081359863281,0.9999986886978149,593.4853515625,218.2252197265625,0.9999998807907104,573.9080200195312,213.41180419921875,0.999995231628418,747.9817504882812,287.2071838378906,0.4050467014312744,586.6077270507812,214.46417236328125,0.023035705089569092,585.6810913085938,206.89193725585938,0.9969565868377686,576.0325317382812,203.44520568847656,0.9999805688858032,567.8367309570312,205.21502685546875,0.9999588131904602
332,796.1603393554688,251.89674377441406,0.9999989867210388,717.9155883789062,251.63636779785156,0.9999874830245972,724.5611572265625,265.4066467285156,0.999970555305481,712.4581909179688,239.15353393554688,0.9999914169311523,598.8192138671875,245.09918212890625,1.0,596.413818359375,266.1531677246094,1.0,664.1050415039062,264.7312316894531,0.9999996423721313,597.6270751953125,255.02931213378906,1.0,529.8850708007812,237.34066772460938,0.9999992847442627,451.48095703125,227.0519561767578,1.0,693.189697265625,225.0418701171875,0.999989926815033,693.843017578125,215.12864685058594,0.9999997615814209,691.4837646484375,199.61529541015625,0.9999903440475464,700.6053466796875,201.6501922607422,0.9999948143959045,702.8578491210938,207.41998291015625,0.999997615814209,703.6389770507812,214.321533203125,0.9997674822807312,702.2915649414062,221.26318359375,0.1706918179988861,735.3801879882812,285.13751220703125,0.9999539256095886,753.4891967773438,286.97125244140625,0.9999977946281433,753.3721923828125,296.8612976074219,0.9999296069145203,761.1063842773438,294.35791015625,0.9999771118164062,762.8251953125,287.6440734863281,0.999968409538269,762.4696655273438,280.3625793457031,0.9999455213546753,755.5596313476562,277.8560485839844,0.9999970197677612,605.9464111328125,291.82623291015625,0.999998152256012,592.4868774414062,294.2891540527344,0.9999915957450867,691.2225341796875,206.00912475585938,0.0027676522731781006,604.2930908203125,297.5087585449219,0.03432628512382507,600.6947021484375,305.4037170410156,0.9993191957473755,591.6484375,310.6585388183594,0.9999594688415527,577.7260131835938,298.5516357421875,0.9999985694885254,594.4698486328125,218.82015991210938,1.0,574.7049560546875,213.1206512451172,0.9999969601631165,747.9925537109375,287.4042053222656,0.7298756837844849,753.6115112304688,292.6722106933594,0.06535691022872925,585.982177734375,205.98187255859375,0.997454822063446,576.4088134765625,202.69204711914062,0.9999872446060181,567.927978515625,204.97354125976562,0.9999654293060303
333,797.2711791992188,251.99639892578125,0.9999990463256836,718.330322265625,251.79779052734375,0.9999927878379822,725.3765258789062,265.1943359375,0.9999826550483704,712.7359619140625,239.4019012451172,0.9999933242797852,600.0538940429688,245.26473999023438,1.0,597.6561279296875,266.4481506347656,1.0,665.3363037109375,264.22137451171875,0.9999996423721313,598.948974609375,255.2276611328125,1.0,531.0610961914062,238.08065795898438,0.9999996423721313,452.72149658203125,227.24252319335938,0.9999999403953552,693.698486328125,225.00302124023438,0.99998939037323,693.9732666015625,215.15921020507812,0.9999998807907104,691.6026000976562,199.3274383544922,0.9999915957450867,700.705322265625,201.46237182617188,0.9999964237213135,702.9567260742188,207.09829711914062,0.9999976754188538,703.8928833007812,214.0543212890625,0.9998767375946045,702.3018188476562,221.20347595214844,0.2261454463005066,735.269287109375,284.82647705078125,0.9999568462371826,753.1500244140625,287.1891784667969,0.9999970197677612,753.0663452148438,297.0736389160156,0.9999240636825562,760.7047119140625,294.7964782714844,0.9999834299087524,762.6842041015625,287.9892272949219,0.9999858736991882,761.5971069335938,280.1980895996094,0.9999547004699707,755.1538696289062,278.40606689453125,0.9999967217445374,605.7272338867188,292.633544921875,0.9999980926513672,591.7929077148438,294.25079345703125,0.9999942779541016,691.4865112304688,205.71621704101562,0.0025017857551574707,602.5000610351562,298.0337219238281,0.011948913335800171,600.4147338867188,305.56036376953125,0.998846173286438,591.4935913085938,310.71051025390625,0.9999387264251709,577.2020263671875,298.98406982421875,0.9999983310699463,595.60986328125,219.1939239501953,1.0,575.542724609375,213.41961669921875,0.9999958276748657,747.4771118164062,287.43475341796875,0.610457181930542,587.7344360351562,213.66156005859375,0.07153573632240295,586.8833618164062,205.8041229248047,0.9985401034355164,576.8001098632812,202.51133728027344,0.9999932050704956,568.1303100585938,205.1602783203125,0.9999346733093262
334,797.4078979492188,251.8640899658203,0.9999991655349731,719.254638671875,251.70401000976562,0.999996542930603,726.0922241210938,265.2644958496094,0.9999881386756897,713.146728515625,238.859130859375,0.99998939037323,601.1963500976562,245.89041137695312,0.9999998807907104,598.5637817382812,266.9643859863281,1.0,665.7959594726562,264.1573181152344,0.9999997615814209,599.96630859375,255.96844482421875,1.0,531.1660766601562,238.53289794921875,0.9999994039535522,451.9506530761719,226.67471313476562,1.0,694.0845336914062,225.5023193359375,0.9999862909317017,693.9199829101562,214.94725036621094,0.9999997615814209,691.3895874023438,199.5226593017578,0.9999916553497314,700.6968994140625,201.60629272460938,0.9999961853027344,703.3745727539062,207.17205810546875,0.9999977350234985,704.1119384765625,214.2349853515625,0.9997456073760986,702.001953125,221.72451782226562,0.09229832887649536,735.1217651367188,284.7960510253906,0.9999581575393677,752.9144897460938,287.26348876953125,0.9999963641166687,752.5613403320312,297.25079345703125,0.9998935461044312,760.0137939453125,294.9715881347656,0.9999791383743286,762.0778198242188,288.2760009765625,0.9999856948852539,761.2271118164062,280.6247863769531,0.9999386072158813,755.064208984375,278.7095947265625,0.9999948740005493,605.8237915039062,292.8513488769531,0.9999978542327881,591.5127563476562,293.9767150878906,0.9999936819076538,691.5979614257812,205.7587890625,0.0037560760974884033,604.0084838867188,297.3495788574219,0.006076991558074951,600.4950561523438,304.05267333984375,0.9982187747955322,591.7070922851562,310.23492431640625,0.9999297857284546,577.4190673828125,298.8222351074219,0.999998152256012,596.7894287109375,220.0738525390625,0.9999998807907104,575.9898071289062,213.3702850341797,0.9999943971633911,747.358154296875,287.40948486328125,0.6156505942344666,588.28564453125,214.26431274414062,0.09143993258476257,586.8383178710938,204.72207641601562,0.9994698762893677,577.913330078125,202.42147827148438,0.9999964237213135,568.959228515625,205.40560913085938,0.999879002571106
335,798.42333984375,251.89068603515625,0.9999997615814209,719.9842529296875,251.3178253173828,0.9999979734420776,726.6636962890625,265.128662109375,0.9999866485595703,714.0442504882812,238.71865844726562,0.9999918937683105,602.2286376953125,245.24481201171875,0.9999998807907104,599.4339599609375,266.822021484375,0.9999999403953552,666.3045654296875,264.2221984863281,0.9999998807907104,601.2269287109375,255.27024841308594,0.9999999403953552,532.1061401367188,238.86326599121094,0.9999980926513672,452.0563659667969,227.3380584716797,1.0,694.9151000976562,225.6307830810547,0.9999693632125854,693.9927978515625,214.8096160888672,0.9999997019767761,691.2898559570312,199.56674194335938,0.9999887943267822,700.583251953125,201.52206420898438,0.9999953508377075,703.4506225585938,206.9971923828125,0.9999964237213135,704.362548828125,214.0814666748047,0.9994871616363525,701.92529296875,221.70587158203125,0.03241848945617676,735.49072265625,284.3288269042969,0.9999592304229736,753.1580810546875,287.25079345703125,0.9999960660934448,752.8555297851562,297.2712707519531,0.999906063079834,760.1602172851562,294.80474853515625,0.999986469745636,762.1796264648438,287.9134216308594,0.9999852180480957,761.0057983398438,280.2257385253906,0.9999423027038574,754.8843383789062,278.33251953125,0.9999936819076538,605.8162231445312,292.9392395019531,0.9999977350234985,591.0577392578125,294.076171875,0.999992847442627,691.4398193359375,205.71636962890625,0.0036153793334960938,696.7098999023438,199.77427673339844,0.0060724616050720215,599.9261474609375,304.136962890625,0.9975957274436951,591.5409545898438,310.3332824707031,0.9999037981033325,577.2083129882812,299.2010192871094,0.9999980926513672,597.5028076171875,219.72515869140625,0.9999997615814209,577.1673583984375,215.6688690185547,0.9999871850013733,747.44189453125,287.357421875,0.6681135892868042,588.1809692382812,215.53062438964844,0.04104021191596985,587.9722290039062,206.64170837402344,0.9990401268005371,579.3773803710938,204.22409057617188,0.9999964833259583,568.2194213867188,207.6528778076172,0.9999716281890869
336,799.7536010742188,251.55300903320312,0.9999998807907104,720.6908569335938,250.91014099121094,0.9999983310699463,727.0704956054688,264.9347229003906,0.9999821186065674,714.5226440429688,238.21185302734375,0.9999889731407166,603.6287231445312,244.99627685546875,0.9999999403953552,600.6102294921875,266.8354187011719,0.9999997019767761,667.46337890625,264.49871826171875,0.9999997615814209,602.5513305664062,254.83082580566406,1.0,532.0001220703125,239.74720764160156,0.9999982118606567,453.1936340332031,228.3990936279297,0.9999998807907104,695.0759887695312,225.68447875976562,0.9999523758888245,694.2092895507812,214.71401977539062,0.9999996423721313,691.2366943359375,199.53976440429688,0.99998939037323,700.5264282226562,201.50559997558594,0.9999957084655762,703.6321411132812,206.90928649902344,0.9999955892562866,704.3319702148438,214.17510986328125,0.9994300007820129,702.188720703125,221.59361267089844,0.024631798267364502,735.5457153320312,284.2915954589844,0.9999711513519287,753.4910278320312,287.2704162597656,0.9999976754188538,752.922119140625,297.3723449707031,0.9999300837516785,760.420654296875,294.77508544921875,0.999991774559021,762.5965576171875,287.8431396484375,0.9999879598617554,761.331298828125,280.2294921875,0.9999690651893616,754.8324584960938,278.0230712890625,0.9999979734420776,605.5100708007812,293.34942626953125,0.999996542930603,590.7864990234375,294.01556396484375,0.9999932646751404,691.5001220703125,205.7466583251953,0.004228025674819946,696.7678833007812,199.86727905273438,0.007183551788330078,600.2080078125,304.7713928222656,0.9938562512397766,591.57861328125,310.04925537109375,0.9998875856399536,577.0508422851562,299.0878601074219,0.9999976754188538,598.4985961914062,219.7475128173828,0.9999995231628418,576.8969116210938,216.3756561279297,0.999987006187439,747.3385620117188,287.474609375,0.5150195360183716,753.3172607421875,293.07659912109375,0.019338548183441162,588.7583618164062,208.2871551513672,0.9851614236831665,579.471923828125,206.69129943847656,0.9999691247940063,568.03857421875,208.9093475341797,0.9999732971191406
337,799.9634399414062,251.66539001464844,1.0,721.16357421875,250.603759765625,0.9999973773956299,727.5416870117188,264.80828857421875,0.9999570846557617,714.2914428710938,237.7926788330078,0.9999868869781494,603.7741088867188,245.40969848632812,1.0,600.5722045898438,267.13336181640625,0.9999997019767761,667.9580078125,264.9175720214844,1.0,602.5839233398438,255.43228149414062,1.0,532.3792114257812,240.3018035888672,0.9999986886978149,452.92010498046875,230.58470153808594,0.9999999403953552,695.218505859375,225.76229858398438,0.9999048709869385,694.0399780273438,214.7379913330078,0.9999996423721313,690.8053588867188,199.48373413085938,0.9999909400939941,700.3782348632812,201.3963623046875,0.9999961853027344,704.0586547851562,207.3137664794922,0.9999954700469971,704.2728881835938,214.16912841796875,0.999330997467041,702.3840942382812,221.5988311767578,0.023058414459228516,735.8153686523438,284.0307922363281,0.9999647736549377,753.5731811523438,287.1682434082031,0.9999973773956299,752.7680053710938,297.43719482421875,0.999907374382019,760.16943359375,294.6553649902344,0.9999909400939941,762.5556030273438,287.700439453125,0.9999874234199524,761.33984375,280.09423828125,0.9999760985374451,754.6721801757812,278.0352783203125,0.9999979734420776,605.353759765625,293.8746337890625,0.9999948740005493,590.5859375,293.27081298828125,0.9999951720237732,695.1622314453125,202.44158935546875,0.0071964263916015625,696.5247192382812,199.78041076660156,0.009947985410690308,599.8721923828125,304.8760986328125,0.9950275421142578,591.1928100585938,309.66839599609375,0.9999164342880249,576.6524047851562,298.2263488769531,0.999997615814209,600.6632080078125,219.78993225097656,0.9999988079071045,578.0728759765625,216.23257446289062,0.9999823570251465,747.2826538085938,287.4128723144531,0.5016981959342957,753.34228515625,293.0014953613281,0.024732381105422974,591.0631103515625,208.70626831054688,0.9502862691879272,581.13623046875,206.73532104492188,0.9998579025268555,569.27783203125,209.0633087158203,0.9999435544013977
338,800.8877563476562,251.54891967773438,0.9999998807907104,721.5740966796875,250.6324920654297,0.9999979734420776,728.3633422851562,264.640380859375,0.9999423623085022,715.2940673828125,237.99057006835938,0.9999889135360718,604.5176391601562,245.40171813964844,1.0,601.1904296875,267.0404968261719,0.9999997615814209,668.5104370117188,265.0084533691406,0.9999998807907104,602.89599609375,255.2914276123047,1.0,532.7427978515625,240.77015686035156,0.9999994039535522,454.6100769042969,234.47645568847656,0.9999992847442627,695.7921752929688,226.12440490722656,0.9998347759246826,694.03759765625,214.5264129638672,0.9999993443489075,690.6456909179688,199.5729217529297,0.9999896287918091,700.2457275390625,201.32916259765625,0.9999961853027344,704.0492553710938,207.17190551757812,0.9999949932098389,704.3550415039062,214.12490844726562,0.9987897872924805,702.5792236328125,221.43504333496094,0.01383712887763977,735.6483154296875,283.9108581542969,0.9999513626098633,753.7374267578125,287.311279296875,0.9999966025352478,752.7929077148438,297.5431213378906,0.9998960494995117,760.1278686523438,294.8580627441406,0.9999924898147583,762.5748291015625,287.90081787109375,0.9999901056289673,761.3779296875,280.267333984375,0.9999714493751526,754.512451171875,278.18817138671875,0.9999967813491821,605.48486328125,293.7096862792969,0.9999961853027344,590.685791015625,293.246337890625,0.9999954104423523,694.9248046875,202.74215698242188,0.012573182582855225,696.6010131835938,199.9514923095703,0.014504790306091309,600.2346801757812,303.35888671875,0.9963326454162598,591.4934692382812,309.5167236328125,0.999940037727356,576.5293579101562,298.3215026855469,0.9999985694885254,603.9443969726562,220.0384979248047,0.9999955892562866,582.161865234375,215.88084411621094,0.9999927282333374,747.4545288085938,287.34893798828125,0.6828184127807617,753.3636474609375,292.8712463378906,0.029379844665527344,593.931640625,209.01954650878906,0.8233038187026978,583.4940185546875,206.92889404296875,0.9993326663970947,573.7667236328125,209.05381774902344,0.999915361404419
339,803.9310913085938,251.2859649658203,1.0,722.2716674804688,250.57049560546875,0.999998927116394,728.5231323242188,264.6640625,0.9999475479125977,715.7842407226562,237.95608520507812,0.999990701675415,604.887939453125,246.36427307128906,0.9999999403953552,601.872314453125,266.9646301269531,0.9999998211860657,669.6117553710938,264.7020568847656,0.9999998807907104,603.2073974609375,255.56362915039062,0.9999999403953552,534.4061279296875,241.78787231445312,0.9999997019767761,462.1080627441406,235.5877685546875,0.9999973773956299,694.8839721679688,225.7423553466797,0.999728262424469,694.069580078125,214.3705596923828,0.9999992847442627,690.3895874023438,199.60609436035156,0.9999853372573853,700.2271728515625,201.26046752929688,0.9999955892562866,704.1862182617188,207.24630737304688,0.9999938011169434,704.4871826171875,214.19760131835938,0.9978668093681335,702.882568359375,221.4070587158203,0.005919218063354492,735.9877319335938,284.0625305175781,0.9999684691429138,753.8300170898438,287.26898193359375,0.9999964833259583,752.9160766601562,297.27142333984375,0.999936580657959,760.4524536132812,294.5430908203125,0.9999940395355225,762.502685546875,287.5323486328125,0.999983549118042,761.4566040039062,280.0551452636719,0.9999454021453857,754.168701171875,278.1875305175781,0.9999912977218628,605.223388671875,294.01776123046875,0.9999960660934448,590.8523559570312,293.35589599609375,0.9999935626983643,694.7096557617188,203.04916381835938,0.020975440740585327,696.7587890625,199.98696899414062,0.032947421073913574,600.7313842773438,304.044677734375,0.9978013038635254,591.400390625,309.104248046875,0.9999504089355469,576.402099609375,297.8568115234375,0.9999979734420776,610.2578125,220.82144165039062,0.9999963045120239,587.2115478515625,216.15806579589844,0.999968409538269,747.8413696289062,287.1817626953125,0.835645854473114,753.5219116210938,292.7137145996094,0.034221649169921875,599.68896484375,211.7760772705078,0.15806511044502258,591.0541381835938,209.1047821044922,0.9964613318443298,578.7608642578125,209.71054077148438,0.9999129772186279
340,806.1259155273438,250.4476776123047,0.9999996423721313,722.667724609375,250.38612365722656,0.9999985694885254,728.8964233398438,264.32427978515625,0.9999449253082275,715.6576538085938,237.96014404296875,0.9999887943267822,606.3381958007812,246.41177368164062,1.0,602.9200439453125,266.7337646484375,0.9999997019767761,669.8804931640625,264.99407958984375,0.9999999403953552,604.3822631835938,255.4925537109375,1.0,536.3670043945312,242.75711059570312,0.9999996423721313,459.7781066894531,239.7335205078125,0.999999463558197,695.2398071289062,225.6588897705078,0.999685525894165,693.8681640625,214.40272521972656,0.9999992847442627,689.9625854492188,199.62205505371094,0.999984622001648,699.9581298828125,201.00318908691406,0.9999966025352478,704.1143798828125,207.06552124023438,0.9999951720237732,704.3881225585938,214.09739685058594,0.9985569715499878,702.4539184570312,221.29852294921875,0.0065622031688690186,735.8541870117188,284.02716064453125,0.9999645948410034,753.807373046875,287.3147277832031,0.9999961853027344,752.7882690429688,297.4532165527344,0.9999042749404907,760.32568359375,294.7289733886719,0.9999918937683105,762.4485473632812,287.66461181640625,0.9999800324440002,761.532470703125,280.1023864746094,0.9999544620513916,754.2206420898438,278.2878112792969,0.9999903440475464,605.09619140625,294.052001953125,0.9999966621398926,591.0983276367188,293.077392578125,0.999993085861206,694.2537231445312,203.1490936279297,0.01282048225402832,696.4834594726562,200.00889587402344,0.01689252257347107,600.9060668945312,303.29742431640625,0.9972634315490723,591.8380737304688,309.2090759277344,0.9999546408653259,576.70556640625,297.3656005859375,0.9999984502792358,614.9340209960938,221.93072509765625,0.9999960660934448,593.20849609375,217.1292266845703,0.9999607801437378,747.7042236328125,287.3862609863281,0.8499354124069214,753.4052734375,292.7342529296875,0.04310476779937744,603.6663208007812,212.01419067382812,0.1667943298816681,597.29150390625,211.1022186279297,0.9976222515106201,585.5785522460938,210.27638244628906,0.9996588230133057
341,806.2567138671875,250.81381225585938,0.9999998211860657,723.1679077148438,250.32089233398438,0.9999984502792358,729.5360717773438,264.2464599609375,0.9999206066131592,715.7019653320312,237.97471618652344,0.9999901056289673,607.0391845703125,246.2618865966797,1.0,603.3040771484375,267.05902099609375,0.9999997615814209,670.3922729492188,264.7411804199219,1.0,604.412353515625,255.10385131835938,0.9999998807907104,537.6211547851562,243.2860870361328,0.9999998807907104,462.4881896972656,241.69984436035156,0.9999997615814209,696.5111694335938,226.5620880126953,0.9996664524078369,693.7234497070312,214.35549926757812,0.9999990463256836,689.9400024414062,199.5736083984375,0.999981164932251,700.0262451171875,200.8474884033203,0.9999957084655762,704.3055419921875,206.95391845703125,0.9999948740005493,704.4899291992188,214.13555908203125,0.9985178709030151,702.2960815429688,221.34584045410156,0.004379957914352417,736.0045776367188,284.407470703125,0.9999567270278931,753.6268310546875,287.38653564453125,0.9999939203262329,752.6077880859375,297.5572509765625,0.9998078346252441,759.9871826171875,294.9198303222656,0.9999856352806091,762.3180541992188,287.79736328125,0.9999704957008362,761.4405517578125,280.1863708496094,0.9999387264251709,753.8470458984375,278.0736083984375,0.9999864101409912,604.6396484375,294.0134582519531,0.9999964237213135,590.766357421875,292.4141540527344,0.9999954700469971,694.1727905273438,202.8608856201172,0.01411283016204834,696.49853515625,199.9010009765625,0.021566778421401978,601.367431640625,303.7139892578125,0.9962862730026245,591.51953125,308.71673583984375,0.9999626874923706,576.2852783203125,297.6924743652344,0.9999984502792358,617.0900268554688,223.93328857421875,0.9999926090240479,595.023193359375,215.54998779296875,0.9999827146530151,747.6819458007812,287.44183349609375,0.9227160215377808,753.226318359375,292.74591064453125,0.08603835105895996,604.0984497070312,210.65528869628906,0.13500559329986572,599.2369995117188,210.3255615234375,0.9945123791694641,588.0785522460938,208.94992065429688,0.9989323019981384
342,806.4644775390625,250.86534118652344,0.9999998807907104,723.4970092773438,250.40609741210938,0.9999985694885254,729.8067016601562,264.0578918457031,0.9999377727508545,715.9356689453125,238.28118896484375,0.9999911785125732,608.556884765625,246.0789031982422,1.0,604.020751953125,267.311767578125,0.9999998807907104,670.8358154296875,265.34381103515625,0.9999999403953552,606.0612182617188,255.83340454101562,1.0,538.0078735351562,243.763427734375,0.9999999403953552,460.676513671875,243.94268798828125,0.9999998807907104,696.7496948242188,226.65501403808594,0.9996535778045654,693.92041015625,214.21893310546875,0.999998927116394,690.0389404296875,199.41891479492188,0.9999889135360718,699.9815063476562,200.70643615722656,0.9999964833259583,704.345703125,206.8402862548828,0.9999960660934448,704.4811401367188,213.88034057617188,0.9989885091781616,702.3673706054688,221.07505798339844,0.004920005798339844,735.864501953125,284.3849182128906,0.999957799911499,753.5263061523438,287.4819030761719,0.9999932050704956,752.5803833007812,297.66302490234375,0.9998072981834412,759.9231567382812,294.9348449707031,0.9999855160713196,762.2609252929688,287.8397521972656,0.9999722242355347,761.3853759765625,280.24365234375,0.9999343156814575,753.7662353515625,278.24871826171875,0.9999879598617554,605.7088012695312,292.42193603515625,0.9999960064888,590.994873046875,292.09686279296875,0.9999971389770508,694.5692749023438,202.63616943359375,0.006796330213546753,696.7695922851562,199.8459930419922,0.011866480112075806,601.2006225585938,303.6960754394531,0.9987806081771851,590.9269409179688,308.2508239746094,0.999975323677063,576.079345703125,296.0819091796875,0.9999995231628418,620.4407348632812,223.80569458007812,0.9999973773956299,599.1728515625,213.28717041015625,0.9999976754188538,747.5369873046875,287.6698303222656,0.9248787760734558,753.1542358398438,292.8216247558594,0.0927797257900238,608.45263671875,206.23805236816406,0.49138298630714417,599.4058227539062,205.34011840820312,0.9963564872741699,592.5616455078125,209.10891723632812,0.9989019632339478
343,805.7274169921875,250.97381591796875,0.9999999403953552,723.40478515625,250.10037231445312,0.9999982714653015,729.6846923828125,263.72088623046875,0.9999449849128723,715.837158203125,238.2643280029297,0.9999915957450867,608.801513671875,246.75830078125,0.9999999403953552,604.5929565429688,267.6911926269531,0.9999998807907104,671.1161499023438,265.31158447265625,0.9999998807907104,606.6441040039062,256.18328857421875,1.0,537.8810424804688,243.8685760498047,0.9999998807907104,461.4713134765625,246.0254364013672,0.9999998211860657,695.6632690429688,225.38217163085938,0.9996984004974365,693.96630859375,214.30474853515625,0.9999991655349731,690.1784057617188,199.4508056640625,0.9999910593032837,700.03662109375,200.81704711914062,0.9999967217445374,704.4071655273438,206.8690948486328,0.9999971389770508,704.5244750976562,214.14093017578125,0.9995924234390259,702.2388916015625,221.27700805664062,0.008548825979232788,735.8843994140625,284.3771667480469,0.9999572038650513,753.2237548828125,287.3807373046875,0.9999940395355225,752.616455078125,297.4643249511719,0.9998811483383179,759.94775390625,294.7652282714844,0.999991238117218,762.394775390625,287.75579833984375,0.9999815225601196,761.1149291992188,280.189208984375,0.9999397397041321,753.4561767578125,278.43597412109375,0.9999897480010986,605.6725463867188,292.8095397949219,0.9999971389770508,590.651611328125,292.5648498535156,0.9999971389770508,694.820068359375,202.5709686279297,0.004171878099441528,696.9067993164062,199.8782501220703,0.008573651313781738,600.51708984375,304.0736999511719,0.9991546869277954,590.4818725585938,308.7094421386719,0.9999760985374451,575.784912109375,296.294921875,0.9999994039535522,624.1693725585938,225.85316467285156,0.9999996423721313,603.8340454101562,214.3036346435547,0.999998927116394,747.4910888671875,287.64923095703125,0.9153245687484741,753.20703125,292.9052734375,0.09230634570121765,611.6846923828125,205.75433349609375,0.752862811088562,603.993896484375,205.79661560058594,0.9919844269752502,596.4231567382812,210.20065307617188,0.9982360601425171
344,805.5487670898438,251.38555908203125,1.0,723.7929077148438,250.1536407470703,0.9999978542327881,730.2571411132812,263.79443359375,0.9999312162399292,716.0512084960938,238.00416564941406,0.9999898076057434,608.4052124023438,247.40478515625,1.0,604.3313598632812,267.4039611816406,0.9999998807907104,671.7530517578125,265.97161865234375,0.9999998807907104,606.9984741210938,255.73812866210938,1.0,536.6040649414062,244.35989379882812,0.9999997615814209,460.4934997558594,248.83682250976562,0.9999995231628418,697.4730834960938,226.00454711914062,0.9996377229690552,693.6097412109375,214.2158203125,0.999998927116394,690.1077270507812,199.2986602783203,0.9999909400939941,700.0949096679688,200.68704223632812,0.9999962449073792,704.6051635742188,206.87144470214844,0.9999963641166687,704.6932373046875,214.2523956298828,0.9994163513183594,702.3613891601562,221.22666931152344,0.007167339324951172,736.1822509765625,284.2873229980469,0.9999524354934692,753.2783203125,287.4201965332031,0.9999903440475464,752.6353759765625,297.5619812011719,0.9998601675033569,759.8211059570312,294.8331298828125,0.999991774559021,762.4415283203125,287.89532470703125,0.9999852180480957,761.1246337890625,280.3584899902344,0.9999374151229858,753.4147338867188,278.4420166015625,0.9999847412109375,604.890869140625,292.73614501953125,0.9999980926513672,590.7608032226562,292.5412902832031,0.9999973773956299,694.6849975585938,202.57672119140625,0.005698144435882568,697.0177001953125,199.64132690429688,0.010243803262710571,600.4509887695312,304.1033020019531,0.9991523623466492,590.0198974609375,308.4329528808594,0.9999772906303406,575.4507446289062,295.5976867675781,0.9999996423721313,630.1298828125,230.489013671875,0.9999999403953552,613.4857788085938,214.15457153320312,0.9999997019767761,747.4327392578125,287.6359558105469,0.9207029342651367,627.3517456054688,215.31739807128906,0.6197421550750732,625.0009155273438,206.47439575195312,0.9324917793273926,615.8793334960938,201.8025360107422,0.9797121286392212,603.1746826171875,207.71133422851562,0.9995168447494507
345,805.6552124023438,251.38462829589844,1.0,723.7111206054688,250.43023681640625,0.9999985694885254,730.25537109375,264.1243896484375,0.9999462962150574,716.3539428710938,238.14723205566406,0.9999920129776001,610.45458984375,246.9063262939453,1.0,604.724853515625,266.78070068359375,0.9999997019767761,671.746826171875,265.70916748046875,0.9999998807907104,606.7329711914062,255.1959991455078,1.0,536.4720458984375,244.47335815429688,0.9999997615814209,462.1811218261719,249.6138153076172,0.9999995231628418,695.8919677734375,225.69296264648438,0.9996532201766968,693.2975463867188,214.08499145507812,0.9999994039535522,689.7236938476562,199.4504852294922,0.9999938011169434,699.8859252929688,200.88729858398438,0.999994158744812,704.6703491210938,207.04275512695312,0.9999960660934448,704.5125122070312,214.54617309570312,0.9992104768753052,702.3016357421875,221.31109619140625,0.006168782711029053,735.9618530273438,284.3969421386719,0.9999505281448364,753.2055053710938,287.5328674316406,0.9999909400939941,752.519775390625,297.6210021972656,0.9998431205749512,759.6143798828125,294.89764404296875,0.9999902248382568,762.2371215820312,287.9572448730469,0.9999820590019226,760.94775390625,280.4709167480469,0.9999287128448486,753.1744384765625,278.427734375,0.9999830722808838,604.8532104492188,293.4080505371094,0.9999985098838806,590.9278564453125,292.3796081542969,0.9999980926513672,694.7767333984375,202.61300659179688,0.0016409754753112793,697.3414916992188,199.5846710205078,0.00555187463760376,600.4166870117188,304.03558349609375,0.9985455274581909,590.0009155273438,308.35626220703125,0.9999707937240601,575.4974975585938,295.7603454589844,0.9999995827674866,634.94677734375,230.63185119628906,0.9999997615814209,621.5487670898438,209.39305114746094,0.9999997615814209,631.23779296875,215.76519775390625,0.9412914514541626,635.50146484375,210.11903381347656,0.9999854564666748,633.1165161132812,200.33416748046875,0.9999904036521912,625.43603515625,194.97195434570312,0.999997079372406,609.4096069335938,202.8343963623047,0.9999932050704956
346,805.9491577148438,251.4294891357422,1.0,724.0153198242188,250.32286071777344,0.9999984502792358,730.4746704101562,264.0987548828125,0.9999547004699707,716.6019897460938,238.021728515625,0.9999931454658508,611.1016235351562,247.54444885253906,1.0,605.3713989257812,266.59637451171875,0.9999998807907104,672.6354370117188,265.35980224609375,0.9999998807907104,608.279296875,255.69454956054688,1.0,538.2281494140625,244.71182250976562,0.9999998807907104,462.2041015625,249.50828552246094,0.9999995231628418,697.4134521484375,227.263916015625,0.9997503757476807,693.1944580078125,213.7877655029297,0.9999997019767761,689.3436279296875,200.12844848632812,0.999995231628418,699.628662109375,201.1287384033203,0.9999911785125732,704.2119750976562,206.75588989257812,0.9999958276748657,704.2942504882812,214.67396545410156,0.9989243745803833,702.4385375976562,221.3992919921875,0.004109412431716919,735.98095703125,284.1748046875,0.9999421834945679,753.0284423828125,287.4837646484375,0.9999897480010986,752.5850830078125,297.5942077636719,0.9998470544815063,759.7051391601562,294.80133056640625,0.9999900460243225,762.3182373046875,287.8827819824219,0.9999805688858032,760.7804565429688,280.37640380859375,0.9999274611473083,752.9218139648438,278.3391418457031,0.9999845027923584,605.0657958984375,293.1714782714844,0.9999988079071045,591.0961303710938,291.94219970703125,0.999998152256012,694.1517944335938,203.55950927734375,0.00103759765625,694.8021240234375,199.20396423339844,0.006494611501693726,600.5204467773438,303.532958984375,0.9987837076187134,589.9578857421875,307.9393005371094,0.9999814033508301,575.401123046875,295.5030212402344,0.9999997615814209,636.8005981445312,233.4765625,0.9999998807907104,632.6178588867188,210.65711975097656,0.9999991655349731,642.2726440429688,217.11019897460938,0.9983733296394348,645.1450805664062,208.6913604736328,0.9964419603347778,640.3550415039062,198.768310546875,0.9998945593833923,635.14208984375,194.8187713623047,0.9999268054962158,619.4605712890625,203.72035217285156,0.9999039173126221
347,806.5624389648438,251.75314331054688,1.0,724.1649780273438,250.33248901367188,0.9999980926513672,730.8425903320312,264.3749694824219,0.9999690055847168,716.7758178710938,237.55889892578125,0.9999935626983643,612.3613891601562,247.91473388671875,1.0,605.8341064453125,266.7742004394531,0.9999997615814209,673.3858032226562,265.4637451171875,1.0,608.4614868164062,256.3480529785156,1.0,539.0018920898438,244.88978576660156,0.9999997615814209,461.811279296875,249.7745819091797,0.9999995827674866,696.9376831054688,226.7467041015625,0.9998762607574463,693.0764770507812,213.81625366210938,1.0,690.7621459960938,201.09445190429688,0.9999987483024597,700.0763549804688,201.3069305419922,0.9999955296516418,703.7789916992188,207.69412231445312,0.999998927116394,703.2639770507812,215.31771850585938,0.9987632036209106,701.87939453125,221.79931640625,0.001854628324508667,735.6910400390625,284.3330078125,0.9999576807022095,752.9628295898438,287.418212890625,0.9999905824661255,752.5985717773438,297.5867614746094,0.9997984170913696,759.6890869140625,294.734130859375,0.9999873042106628,762.3546142578125,287.77545166015625,0.999976396560669,760.8477783203125,280.28253173828125,0.9999281167984009,752.837158203125,278.4545593261719,0.9999881982803345,604.825439453125,292.4526062011719,0.9999989867210388,591.1882934570312,291.9864501953125,0.9999982118606567,695.3119506835938,203.5868682861328,0.0035522878170013428,601.2013549804688,295.5403137207031,0.014627277851104736,600.7149658203125,303.4330139160156,0.9989047050476074,590.27001953125,307.9562072753906,0.9999818801879883,575.5298461914062,295.0987854003906,0.9999997615814209,638.4078979492188,233.96116638183594,0.9999996423721313,645.581787109375,209.76190185546875,0.9999979734420776,653.342041015625,217.30357360839844,0.9984844923019409,654.8246459960938,210.85824584960938,0.9683331847190857,653.9755859375,198.566650390625,0.9775396585464478,645.439453125,195.6612548828125,0.9984827041625977,631.7105102539062,202.8426055908203,0.9989606738090515
348,806.571533203125,251.9267120361328,1.0,724.597900390625,250.36502075195312,0.9999982118606567,731.3287963867188,264.3480529785156,0.9999721050262451,717.1072998046875,237.40586853027344,0.999993622303009,613.6295776367188,247.9634552001953,0.9999999403953552,606.1857299804688,266.6068420410156,0.9999997615814209,675.1078491210938,264.7404479980469,1.0,609.6400146484375,255.6614532470703,1.0,540.7144775390625,245.2518768310547,0.9999995827674866,462.9870910644531,250.0542755126953,0.9999995231628418,698.06298828125,226.5383758544922,0.9999666810035706,693.5424194335938,214.34144592285156,0.9999998807907104,692.127197265625,201.95310974121094,0.9999977946281433,700.8533325195312,203.33273315429688,0.9999980926513672,702.9638671875,208.2879638671875,0.9999994039535522,702.553466796875,215.41871643066406,0.9984202980995178,701.3952026367188,221.3976593017578,0.001365572214126587,735.6912841796875,284.0329895019531,0.9999510049819946,753.0839233398438,287.2313232421875,0.9999898672103882,752.7435913085938,297.3228454589844,0.9997880458831787,759.7421875,294.4483337402344,0.9999868869781494,762.3843994140625,287.66107177734375,0.999971330165863,760.9337768554688,280.1534118652344,0.9999185800552368,753.0089721679688,278.30810546875,0.9999857544898987,604.791748046875,292.88861083984375,0.999999463558197,591.0029296875,291.99468994140625,0.9999988079071045,588.5162963867188,284.39117431640625,0.001822739839553833,601.5919189453125,296.17401123046875,0.008763879537582397,600.5828247070312,303.421142578125,0.9983299970626831,589.9224243164062,307.9476318359375,0.9999868869781494,575.0919189453125,294.6663513183594,0.9999998211860657,643.1527099609375,234.4070281982422,0.9999998807907104,655.413330078125,212.29019165039062,0.9999994039535522,661.9586181640625,224.1701202392578,0.9999802112579346,669.0844116210938,217.45555114746094,0.9999558925628662,668.9099731445312,206.88064575195312,0.999974250793457,661.2138671875,199.7082061767578,0.9999730587005615,641.9508666992188,206.60768127441406,0.99989914894104
349,806.8253173828125,252.3657989501953,1.0,724.877197265625,250.2851104736328,0.9999983906745911,731.634033203125,264.42376708984375,0.9999701976776123,717.3603515625,236.88433837890625,0.9999899864196777,614.7684326171875,248.59535217285156,0.9999995231628418,605.91064453125,266.98834228515625,0.9999997615814209,676.2939453125,264.7663269042969,1.0,610.7781982421875,256.36181640625,1.0,541.739501953125,245.55117797851562,0.9999995827674866,463.5103759765625,251.11764526367188,0.9999997615814209,698.6799926757812,226.48455810546875,0.9999676942825317,693.33984375,214.18679809570312,0.9999996423721313,691.93505859375,202.53453063964844,0.9999971389770508,700.5443115234375,202.6366729736328,0.9999978542327881,702.5204467773438,208.07147216796875,0.9999994039535522,702.6934814453125,214.99085998535156,0.9978921413421631,701.3050537109375,220.88133239746094,0.0006094872951507568,735.8452758789062,284.00103759765625,0.9999241828918457,753.0458374023438,287.1310119628906,0.9999890327453613,752.4286499023438,297.3154296875,0.9997882843017578,759.5308227539062,294.4656982421875,0.9999868273735046,762.3472900390625,287.69866943359375,0.9999697208404541,760.6713256835938,280.1185607910156,0.9998733401298523,752.926025390625,278.1882019042969,0.9999768733978271,605.0253295898438,292.26861572265625,0.9999997615814209,591.2265625,292.0889892578125,0.999998927116394,588.8435668945312,284.408203125,0.001459270715713501,601.6873168945312,296.0146484375,0.01774504780769348,600.4644165039062,303.1746520996094,0.9989995956420898,589.9829711914062,307.69866943359375,0.9999892711639404,575.2709350585938,294.33709716796875,0.9999998807907104,646.4916381835938,233.9182891845703,0.9999994039535522,662.031494140625,214.0536346435547,0.9999924898147583,667.073486328125,224.62416076660156,0.999940037727356,674.158935546875,216.299560546875,0.9975346922874451,674.8402099609375,207.33917236328125,0.998582124710083,667.3880615234375,201.56646728515625,0.9998711347579956,647.0340576171875,207.41741943359375,0.9996568560600281
