scorer,DLC_resnet50_Gecko04Mar25shuffle1_720000,DLC_resnet50_Gecko04Mar25shuffle1_720000,DLC_resnet50_Gecko04Mar25shuffle1_720000,DLC_resnet50_Gecko04Mar25shuffle1_720000,DLC_resnet50_Gecko04Mar25shuffle1_720000,DLC_resnet50_Gecko04Mar25shuffle1_720000,DLC_resnet50_Gecko04Mar25shuffle1_720000,DLC_resnet50_Gecko04Mar25shuffle1_720000,DLC_resnet50_Gecko04Mar25shuffle1_720000,DLC_resnet50_Gecko04Mar25shuffle1_720000,DLC_resnet50_Gecko04Mar25shuffle1_720000,DLC_resnet50_Gecko04Mar25shuffle1_720000,DLC_resnet50_Gecko04Mar25shuffle1_720000,DLC_resnet50_Gecko04Mar25shuffle1_720000,DLC_resnet50_Gecko04Mar25shuffle1_720000,DLC_resnet50_Gecko04Mar25shuffle1_720000,DLC_resnet50_Gecko04Mar25shuffle1_720000,DLC_resnet50_Gecko04Mar25shuffle1_720000,DLC_resnet50_Gecko04Mar25shuffle1_720000,DLC_resnet50_Gecko04Mar25shuffle1_720000,DLC_resnet50_Gecko04Mar25shuffle1_720000,DLC_resnet50_Gecko04Mar25shuffle1_720000,DLC_resnet50_Gecko04Mar25shuffle1_720000,DLC_resnet50_Gecko04Mar25shuffle1_720000,DLC_resnet50_Gecko04Mar25shuffle1_720000,DLC_resnet50_Gecko04Mar25shuffle1_720000,DLC_resnet50_Gecko04Mar25shuffle1_720000,DLC_resnet50_Gecko04Mar25shuffle1_720000,DLC_resnet50_Gecko04Mar25shuffle1_720000,DLC_resnet50_Gecko04Mar25shuffle1_720000,DLC_resnet50_Gecko04Mar25shuffle1_720000,DLC_resnet50_Gecko04Mar25shuffle1_720000,DLC_resnet50_Gecko04Mar25shuffle1_720000,DLC_resnet50_Gecko04Mar25shuffle1_720000,DLC_resnet50_Gecko04Mar25shuffle1_720000,DLC_resnet50_Gecko04Mar25shuffle1_720000,DLC_resnet50_Gecko04Mar25shuffle1_720000,DLC_resnet50_Gecko04Mar25shuffle1_720000,DLC_resnet50_Gecko04Mar25shuffle1_720000,DLC_resnet50_Gecko04Mar25shuffle1_720000,DLC_resnet50_Gecko04Mar25shuffle1_720000,DLC_resnet50_Gecko04Mar25shuffle1_720000,DLC_resnet50_Gecko04Mar25shuffle1_720000,DLC_resnet50_Gecko04Mar25shuffle1_720000,DLC_resnet50_Gecko04Mar25shuffle1_720000,DLC_resnet50_Gecko04Mar25shuffle1_720000,DLC_resnet50_Gecko04Mar25shuffle1_720000,DLC_resnet50_Gecko04Mar25shuffle1_720000,DLC_resnet50_Gecko04Mar25shuffle1_720000,DLC_resnet50_Gecko04Mar25shuffle1_720000,DLC_resnet50_Gecko04Mar25shuffle1_720000,DLC_resnet50_Gecko04Mar25shuffle1_720000,DLC_resnet50_Gecko04Mar25shuffle1_720000,DLC_resnet50_Gecko04Mar25shuffle1_720000,DLC_resnet50_Gecko04Mar25shuffle1_720000,DLC_resnet50_Gecko04Mar25shuffle1_720000,DLC_resnet50_Gecko04Mar25shuffle1_720000,DLC_resnet50_Gecko04Mar25shuffle1_720000,DLC_resnet50_Gecko04Mar25shuffle1_720000,DLC_resnet50_Gecko04Mar25shuffle1_720000,DLC_resnet50_Gecko04Mar25shuffle1_720000,DLC_resnet50_Gecko04Mar25shuffle1_720000,DLC_resnet50_Gecko04Mar25shuffle1_720000,DLC_resnet50_Gecko04Mar25shuffle1_720000,DLC_resnet50_Gecko04Mar25shuffle1_720000,DLC_resnet50_Gecko04Mar25shuffle1_720000,DLC_resnet50_Gecko04Mar25shuffle1_720000,DLC_resnet50_Gecko04Mar25shuffle1_720000,DLC_resnet50_Gecko04Mar25shuffle1_720000,DLC_resnet50_Gecko04Mar25shuffle1_720000,DLC_resnet50_Gecko04Mar25shuffle1_720000,DLC_resnet50_Gecko04Mar25shuffle1_720000,DLC_resnet50_Gecko04Mar25shuffle1_720000,DLC_resnet50_Gecko04Mar25shuffle1_720000,DLC_resnet50_Gecko04Mar25shuffle1_720000,DLC_resnet50_Gecko04Mar25shuffle1_720000,DLC_resnet50_Gecko04Mar25shuffle1_720000,DLC_resnet50_Gecko04Mar25shuffle1_720000,DLC_resnet50_Gecko04Mar25shuffle1_720000,DLC_resnet50_Gecko04Mar25shuffle1_720000,DLC_resnet50_Gecko04Mar25shuffle1_720000,DLC_resnet50_Gecko04Mar25shuffle1_720000,DLC_resnet50_Gecko04Mar25shuffle1_720000,DLC_resnet50_Gecko04Mar25shuffle1_720000,DLC_resnet50_Gecko04Mar25shuffle1_720000,DLC_resnet50_Gecko04Mar25shuffle1_720000,DLC_resnet50_Gecko04Mar25shuffle1_720000,DLC_resnet50_Gecko04Mar25shuffle1_720000,DLC_resnet50_Gecko04Mar25shuffle1_720000,DLC_resnet50_Gecko04Mar25shuffle1_720000,DLC_resnet50_Gecko04Mar25shuffle1_720000,DLC_resnet50_Gecko04Mar25shuffle1_720000,DLC_resnet50_Gecko04Mar25shuffle1_720000,DLC_resnet50_Gecko04Mar25shuffle1_720000,DLC_resnet50_Gecko04Mar25shuffle1_720000,DLC_resnet50_Gecko04Mar25shuffle1_720000,DLC_resnet50_Gecko04Mar25shuffle1_720000,DLC_resnet50_Gecko04Mar25shuffle1_720000,DLC_resnet50_Gecko04Mar25shuffle1_720000,DLC_resnet50_Gecko04Mar25shuffle1_720000,DLC_resnet50_Gecko04Mar25shuffle1_720000,DLC_resnet50_Gecko04Mar25shuffle1_720000,DLC_resnet50_Gecko04Mar25shuffle1_720000,DLC_resnet50_Gecko04Mar25shuffle1_720000,DLC_resnet50_Gecko04Mar25shuffle1_720000,DLC_resnet50_Gecko04Mar25shuffle1_720000,DLC_resnet50_Gecko04Mar25shuffle1_720000,DLC_resnet50_Gecko04Mar25shuffle1_720000,DLC_resnet50_Gecko04Mar25shuffle1_720000,DLC_resnet50_Gecko04Mar25shuffle1_720000,DLC_resnet50_Gecko04Mar25shuffle1_720000,DLC_resnet50_Gecko04Mar25shuffle1_720000,DLC_resnet50_Gecko04Mar25shuffle1_720000,DLC_resnet50_Gecko04Mar25shuffle1_720000
bodyparts,Nose,Nose,Nose,Shoulder,Shoulder,Shoulder,Shoulder_FR,Shoulder_FR,Shoulder_FR,Shoulder_FL,Shoulder_FL,Shoulder_FL,Shoulder_HL,Shoulder_HL,Shoulder_HL,Shoulder_HR,Shoulder_HR,Shoulder_HR,Spine,Spine,Spine,Hip,Hip,Hip,Tail_middle,Tail_middle,Tail_middle,Tail_tip,Tail_tip,Tail_tip,FL_knee,FL_knee,FL_knee,FL,FL,FL,FL_ti,FL_ti,FL_ti,FL_ti1,FL_ti1,FL_ti1,FL_tm,FL_tm,FL_tm,FL_to1,FL_to1,FL_to1,FL_to,FL_to,FL_to,FR_knee,FR_knee,FR_knee,FR,FR,FR,FR_ti,FR_ti,FR_ti,FR_ti1,FR_ti1,FR_ti1,FR_tm,FR_tm,FR_tm,FR_to1,FR_to1,FR_to1,FR_to,FR_to,FR_to,HR_knee,HR_knee,HR_knee,HR,HR,HR,HR_ti,HR_ti,HR_ti,HR_ti1,HR_ti1,HR_ti1,HR_tm,HR_tm,HR_tm,HR_to1,HR_to1,HR_to1,HR_to,HR_to,HR_to,HL_knee,HL_knee,HL_knee,HL,HL,HL,HL_ti,HL_ti,HL_ti,HL_ti1,HL_ti1,HL_ti1,HL_tm,HL_tm,HL_tm,HL_to1,HL_to1,HL_to1,HL_to,HL_to,HL_to
coords,x,y,likelihood,x,y,likelihood,x,y,likelihood,x,y,likelihood,x,y,likelihood,x,y,likelihood,x,y,likelihood,x,y,likelihood,x,y,likelihood,x,y,likelihood,x,y,likelihood,x,y,likelihood,x,y,likelihood,x,y,likelihood,x,y,likelihood,x,y,likelihood,x,y,likelihood,x,y,likelihood,x,y,likelihood,x,y,likelihood,x,y,likelihood,x,y,likelihood,x,y,likelihood,x,y,likelihood,x,y,likelihood,x,y,likelihood,x,y,likelihood,x,y,likelihood,x,y,likelihood,x,y,likelihood,x,y,likelihood,x,y,likelihood,x,y,likelihood,x,y,likelihood,x,y,likelihood,x,y,likelihood,x,y,likelihood,x,y,likelihood
0,525.6246948242188,243.32749938964844,1.0,619.506591796875,191.50839233398438,0.9999997615814209,606.6327514648438,179.20460510253906,0.9999985694885254,626.57861328125,203.10011291503906,0.999998927116394,731.1522827148438,173.29287719726562,0.9999999403953552,732.3402709960938,147.80746459960938,1.0,673.4091796875,168.03541564941406,0.9999999403953552,732.5792236328125,160.2699432373047,1.0,803.7544555664062,171.96490478515625,0.9999774694442749,879.883544921875,187.92874145507812,0.9999723434448242,646.1261596679688,206.48016357421875,0.9999911785125732,653.4553833007812,214.46751403808594,0.9999972581863403,666.2614135742188,214.4275665283203,0.9997152090072632,663.2018432617188,221.55105590820312,0.9993195533752441,655.9044189453125,225.81956481933594,0.9853245615959167,648.6387329101562,223.93185424804688,0.9162651896476746,644.4304809570312,215.77523803710938,0.3304980397224426,608.8969116210938,157.8043212890625,0.9999998211860657,591.0286865234375,156.73793029785156,0.9999997019767761,596.3457641601562,146.62908935546875,0.9999998807907104,587.1056518554688,145.8985595703125,0.9999994039535522,579.9818115234375,153.91265869140625,0.9999973773956299,583.2280883789062,165.6693115234375,0.9999935626983643,594.9803466796875,166.3537139892578,0.9999821782112122,743.1229248046875,127.00736999511719,0.9999954104423523,758.7850952148438,128.87930297851562,0.32129430770874023,653.80615234375,204.28306579589844,0.0004628598690032959,759.083984375,127.00420379638672,0.009562700986862183,764.8801879882812,123.91068267822266,0.9491950273513794,769.710205078125,126.83313751220703,0.895031213760376,993.52294921875,264.3486633300781,0.0005224943161010742,713.8186645507812,189.72523498535156,0.9999973773956299,732.4852905273438,196.6968536376953,0.9999995827674866,722.9390869140625,201.16612243652344,0.9987204670906067,731.2594604492188,206.5219268798828,0.9997848868370056,737.3999633789062,206.13693237304688,0.9932397603988647,743.6651611328125,199.92091369628906,0.9391428232192993,742.3477783203125,189.00506591796875,0.5036389231681824
1,525.4248657226562,242.65390014648438,1.0,617.6067504882812,191.2352752685547,0.9999995231628418,604.9140014648438,178.93690490722656,0.9999980926513672,624.875,202.8810577392578,0.9999988079071045,728.2594604492188,171.28729248046875,0.9999999403953552,730.7275390625,145.57821655273438,0.9999998807907104,672.1071166992188,167.08203125,0.9999998211860657,730.4532470703125,157.7123565673828,1.0,801.0993041992188,170.93870544433594,0.9999724626541138,878.0269775390625,186.32737731933594,0.9996356964111328,644.2767944335938,206.1348114013672,0.999993085861206,653.1144409179688,214.1922607421875,0.9999984502792358,665.790283203125,213.7928924560547,0.9998888373374939,663.098876953125,221.228271484375,0.9997869729995728,655.9892578125,225.70343017578125,0.9938141107559204,648.459716796875,224.39109802246094,0.9265648126602173,643.7273559570312,216.98928833007812,0.4530656933784485,606.9532470703125,157.61972045898438,0.9999994039535522,590.4091186523438,156.6383819580078,0.9999995231628418,595.9761962890625,146.64894104003906,0.9999998807907104,587.023681640625,146.1919708251953,0.9999992847442627,579.5905151367188,153.8429412841797,0.9999969601631165,583.828125,165.2821044921875,0.9999910593032837,594.4928588867188,166.15670776367188,0.9999616146087646,742.6251220703125,126.68524169921875,0.9999958872795105,760.2646484375,129.9029998779297,0.20290306210517883,650.0217895507812,176.60426330566406,0.0007108151912689209,759.0162963867188,126.19395446777344,0.007974207401275635,765.0394897460938,124.74877166748047,0.8198108077049255,769.7900390625,127.05992889404297,0.5438579320907593,769.1490478515625,131.41014099121094,0.00011217594146728516,711.4793090820312,186.63633728027344,0.9999979734420776,727.3861694335938,195.16494750976562,0.9999995231628418,718.8025512695312,200.2959747314453,0.9668318629264832,726.2863159179688,204.36016845703125,0.9999353885650635,732.898681640625,205.07984924316406,0.9994300603866577,736.4713745117188,198.82102966308594,0.9925427436828613,735.7538452148438,185.9432373046875,0.9394031763076782
2,524.1637573242188,241.84417724609375,1.0,617.1712646484375,191.0066375732422,0.9999994039535522,604.1424560546875,178.49774169921875,0.9999990463256836,624.4578247070312,203.16062927246094,0.9999990463256836,726.6783447265625,170.19375610351562,1.0,729.2176513671875,144.36474609375,0.9999998807907104,670.2724609375,166.25331115722656,0.9999999403953552,728.91455078125,157.40040588378906,0.9999998807907104,799.487060546875,170.6036376953125,0.999955415725708,875.607421875,187.0239715576172,0.9998329877853394,643.352783203125,206.01853942871094,0.9999929666519165,652.7805786132812,214.46701049804688,0.9999984502792358,665.0924072265625,213.52462768554688,0.9998748302459717,663.04150390625,220.8164520263672,0.9995403289794922,656.1639404296875,225.42645263671875,0.9743579030036926,648.7042236328125,224.8531494140625,0.8631342053413391,643.4618530273438,217.57711791992188,0.44677677750587463,605.5382080078125,157.0325927734375,0.9999988675117493,589.8194580078125,156.64517211914062,0.9999985694885254,594.8963623046875,146.8273468017578,0.9999998807907104,586.1710815429688,146.90322875976562,0.9999992847442627,579.1452026367188,154.3546142578125,0.9999975562095642,583.735595703125,165.19444274902344,0.9999929666519165,594.0256958007812,165.86370849609375,0.9999582767486572,743.0557861328125,125.67057800292969,0.9999943971633911,761.7601928710938,129.88949584960938,0.1769036054611206,649.8377075195312,176.5901336669922,0.0007190704345703125,760.0673217773438,125.10858917236328,0.0027925968170166016,766.0956420898438,125.1568374633789,0.68181973695755,771.5142211914062,126.36849212646484,0.27605992555618286,874.6004638671875,187.89682006835938,0.00010785460472106934,709.5906372070312,186.05795288085938,0.999998927116394,725.7097778320312,195.45677185058594,0.9999998807907104,717.4520263671875,200.83486938476562,0.9889327883720398,726.1096801757812,205.44247436523438,0.9999847412109375,733.1676635742188,205.07318115234375,0.9999282360076904,737.5065307617188,197.73623657226562,0.9993616342544556,734.95263671875,187.62313842773438,0.9877104759216309
3,522.5103759765625,241.3079376220703,1.0,615.7266235351562,190.8313446044922,0.9999994039535522,603.3461303710938,178.32676696777344,0.9999996423721313,623.2305297851562,203.171875,0.9999987483024597,724.2092895507812,170.10084533691406,1.0,727.5095825195312,144.2257843017578,1.0,667.894775390625,165.86183166503906,0.9999998807907104,726.6470336914062,157.23834228515625,1.0,799.3154296875,170.5694580078125,0.9999396800994873,873.4065551757812,187.0501251220703,0.9998153448104858,642.4208984375,205.88824462890625,0.9999930262565613,652.7064819335938,214.31227111816406,0.9999991655349731,665.0567626953125,213.36537170410156,0.9999322891235352,662.7350463867188,220.77552795410156,0.9997704029083252,656.0003051757812,225.21505737304688,0.9857162833213806,648.4619750976562,224.67523193359375,0.9017093181610107,643.2677001953125,217.82057189941406,0.4148596525192261,604.6740112304688,158.17160034179688,0.9999991059303284,589.743408203125,156.3166961669922,0.9999987483024597,595.0291748046875,146.93817138671875,0.9999998807907104,586.559814453125,146.7972869873047,0.9999992847442627,579.42724609375,153.83120727539062,0.9999974966049194,583.62841796875,164.33868408203125,0.999992847442627,593.5462646484375,165.27902221679688,0.9999651908874512,742.3980102539062,124.82068634033203,0.9999958276748657,761.1192016601562,129.0147247314453,0.09612861275672913,650.0489501953125,177.14720153808594,0.0005408227443695068,758.9085083007812,125.2723159790039,0.0012865662574768066,765.4880981445312,124.07958984375,0.5540873408317566,770.6884765625,125.44361877441406,0.37430688738822937,990.0149536132812,268.6376647949219,0.00021663308143615723,707.1222534179688,185.19232177734375,0.9999992847442627,724.9863891601562,194.50889587402344,0.9999998807907104,716.6121215820312,200.881591796875,0.9498823881149292,725.353271484375,205.39697265625,0.9999746680259705,733.3617553710938,204.86268615722656,0.9999071359634399,737.0009155273438,197.12673950195312,0.9991475343704224,734.0390625,186.85621643066406,0.958845853805542
4,521.2459716796875,241.1015167236328,1.0,615.4228515625,190.042236328125,0.9999996423721313,602.8721923828125,177.44129943847656,0.9999994039535522,623.1461791992188,201.8561553955078,0.9999984502792358,723.2739868164062,169.79730224609375,1.0,726.753173828125,143.91168212890625,0.9999998807907104,667.3077392578125,165.72418212890625,1.0,725.686767578125,157.17091369628906,1.0,798.1226806640625,171.0875701904297,0.9999472498893738,871.2727661132812,187.9226531982422,0.9999690055847168,641.7371215820312,205.66812133789062,0.9999878406524658,652.2265625,214.77996826171875,0.9999991059303284,664.5027465820312,213.8622283935547,0.999923586845398,662.2343139648438,221.05038452148438,0.9997496604919434,655.70751953125,225.487060546875,0.9829220771789551,647.81005859375,224.94432067871094,0.8965023756027222,641.7529907226562,215.9866485595703,0.5008052587509155,605.0482788085938,156.60769653320312,0.9999991655349731,589.699462890625,156.05369567871094,0.9999984502792358,595.3023681640625,146.7203369140625,0.9999998807907104,586.41552734375,146.42124938964844,0.9999990463256836,579.236083984375,153.73690795898438,0.9999977350234985,583.5508422851562,164.38475036621094,0.9999940395355225,593.6934204101562,165.19699096679688,0.9999630451202393,741.2609252929688,125.09019470214844,0.9999973773956299,759.2616577148438,128.01388549804688,0.2528865337371826,633.1346435546875,170.77589416503906,0.0004356801509857178,760.97216796875,122.3966293334961,0.0014728307723999023,764.4273681640625,123.2452392578125,0.49622440338134766,769.8330078125,124.99738311767578,0.25705260038375854,769.1842041015625,130.4188690185547,0.00011166930198669434,705.7969360351562,184.325439453125,0.9999996423721313,724.7098999023438,194.0234375,0.9999998807907104,715.199462890625,200.31790161132812,0.9690957069396973,725.5794677734375,204.75682067871094,0.9998495578765869,734.8178100585938,204.30801391601562,0.9989570379257202,737.9566650390625,195.73822021484375,0.9840645790100098,732.9481201171875,185.87457275390625,0.8767355680465698
5,518.8193359375,240.27200317382812,1.0,614.1436767578125,190.15977478027344,0.9999998807907104,602.07666015625,177.5854949951172,0.9999995827674866,621.3225708007812,201.64227294921875,0.9999986886978149,722.73095703125,169.43666076660156,1.0,726.24853515625,143.3190155029297,1.0,665.427001953125,165.6915740966797,0.9999998807907104,724.9483642578125,156.7831268310547,1.0,797.003173828125,172.5410919189453,0.9999529123306274,869.7850952148438,187.96420288085938,0.9999715089797974,640.2420043945312,205.82711791992188,0.9999562501907349,651.3575439453125,214.5220947265625,0.9999991655349731,663.8108520507812,213.80734252929688,0.9999648332595825,661.9469604492188,221.0150604248047,0.9998760223388672,655.5303955078125,225.7306365966797,0.990458607673645,647.3082275390625,225.01898193359375,0.9419569969177246,642.3040161132812,218.2548370361328,0.6346327066421509,604.5755615234375,156.71011352539062,0.9999988675117493,589.4468383789062,155.98501586914062,0.9999984502792358,595.2771606445312,146.5353546142578,0.9999998211860657,586.3062744140625,146.21853637695312,0.9999991655349731,578.9845581054688,153.65841674804688,0.9999980330467224,583.2868041992188,164.6392364501953,0.9999946355819702,593.3197021484375,165.66908264160156,0.9999428987503052,741.1438598632812,124.9637222290039,0.9999968409538269,759.7595825195312,128.22186279296875,0.20363515615463257,650.3533935546875,178.01705932617188,0.0006513893604278564,761.8895874023438,123.17327117919922,0.001455456018447876,764.0397338867188,123.46807098388672,0.37695953249931335,769.8713989257812,124.5867691040039,0.18906164169311523,769.377685546875,130.04710388183594,0.00010219216346740723,705.3768310546875,184.59637451171875,0.9999996423721313,725.490234375,193.938720703125,0.9999999403953552,716.89697265625,201.3594207763672,0.9954583644866943,727.3426513671875,205.25502014160156,0.9998831748962402,736.7756958007812,204.08506774902344,0.9979583024978638,741.9397583007812,193.60679626464844,0.9820078611373901,733.812744140625,185.4532470703125,0.9294441342353821
6,517.937744140625,239.206298828125,1.0,613.7251586914062,190.27395629882812,0.9999997615814209,601.38232421875,178.0325927734375,0.999999463558197,620.7491455078125,201.35748291015625,0.9999974966049194,721.8676147460938,169.90744018554688,1.0,725.73193359375,144.08474731445312,1.0,664.8309326171875,165.69557189941406,1.0,724.2059326171875,157.50384521484375,1.0,796.2295532226562,174.537353515625,0.9999164342880249,870.6256103515625,192.63427734375,0.9998660087585449,640.1654052734375,206.18771362304688,0.999923586845398,651.1685180664062,214.36685180664062,0.999998927116394,663.7540893554688,213.75555419921875,0.9999660849571228,662.0545043945312,220.60433959960938,0.9998931884765625,655.998291015625,225.4572296142578,0.9891613125801086,647.8364868164062,225.02777099609375,0.898474931716919,642.3455200195312,218.9749755859375,0.6222508549690247,604.3187866210938,156.97108459472656,0.9999986290931702,589.0877075195312,156.34107971191406,0.9999971389770508,595.0684814453125,146.92794799804688,0.9999998211860657,586.3817749023438,146.4801025390625,0.999998927116394,578.69921875,153.8527374267578,0.9999969601631165,582.9703369140625,165.14891052246094,0.9999915361404419,592.9722290039062,166.1115264892578,0.9997512102127075,740.7136840820312,125.42573547363281,0.9999969601631165,760.4219970703125,129.6804656982422,0.3162118196487427,650.2843627929688,177.8515167236328,0.000666886568069458,762.0846557617188,123.59819030761719,0.0012886226177215576,765.582275390625,124.129150390625,0.20865944027900696,770.4353637695312,125.10039520263672,0.06668174266815186,612.3453979492188,162.51470947265625,0.0001424849033355713,704.6543579101562,184.88255310058594,0.9999991655349731,725.5030517578125,193.82920837402344,0.9999998807907104,716.8802490234375,201.58349609375,0.9978396892547607,727.6980590820312,204.8894500732422,0.9998573064804077,737.2261352539062,203.78932189941406,0.9949572086334229,741.5936889648438,193.491943359375,0.975215494632721,733.13818359375,185.42481994628906,0.8564245700836182
7,516.6055908203125,238.99229431152344,1.0,613.7586059570312,189.62770080566406,0.9999998807907104,601.0909423828125,177.3421630859375,0.9999991059303284,620.191650390625,202.3084716796875,0.9999977946281433,721.1132202148438,170.26951599121094,1.0,725.3432006835938,144.73350524902344,1.0,665.3233032226562,165.77232360839844,1.0,723.6608276367188,158.14952087402344,1.0,796.8450317382812,176.00534057617188,0.9998201131820679,868.783203125,195.3211669921875,0.999958872795105,639.9842529296875,206.37319946289062,0.9999327063560486,651.3678588867188,214.33206176757812,0.9999986290931702,663.6229248046875,213.8076171875,0.9999821186065674,662.1245727539062,220.5629119873047,0.9999548196792603,655.4118041992188,225.5328369140625,0.992325484752655,648.5288696289062,225.2547149658203,0.8492679595947266,642.5046997070312,219.5695343017578,0.4473130404949188,604.394775390625,156.63133239746094,0.9999988079071045,589.0868530273438,156.3340606689453,0.9999974966049194,594.7161865234375,146.91293334960938,0.9999998807907104,586.3745727539062,146.5803985595703,0.9999988675117493,578.8943481445312,153.7584228515625,0.9999971389770508,582.9270629882812,165.05355834960938,0.9999921321868896,593.3075561523438,165.99949645996094,0.9997788667678833,740.6256103515625,125.80113220214844,0.9999978542327881,760.5448608398438,130.02474975585938,0.8129922151565552,649.93701171875,177.57664489746094,0.00032660365104675293,760.8545532226562,122.74821472167969,0.0056095123291015625,766.5323486328125,124.12682342529297,0.4896020293235779,770.93310546875,125.68956756591797,0.25391101837158203,769.8281860351562,131.4491424560547,0.00032013654708862305,704.3824462890625,185.23130798339844,0.9999976754188538,726.326171875,194.53150939941406,0.9999999403953552,717.6349487304688,202.2751007080078,0.9981169700622559,729.0103759765625,206.07412719726562,0.999838650226593,738.7695922851562,205.1304931640625,0.9911022186279297,743.5374755859375,194.30194091796875,0.9864110946655273,733.8399047851562,186.04531860351562,0.8631759285926819
8,515.051025390625,238.52835083007812,1.0,612.4916381835938,189.81651306152344,0.9999999403953552,600.0913696289062,178.21759033203125,0.9999992251396179,619.1640625,201.0638885498047,0.9999977350234985,720.787109375,170.44070434570312,1.0,725.0311279296875,145.43295288085938,1.0,664.6566162109375,165.6749267578125,1.0,723.3232421875,158.60150146484375,1.0,796.1856689453125,177.86395263671875,0.9998992085456848,865.0277709960938,196.7826690673828,0.9997596740722656,638.9154663085938,208.38514709472656,0.9999201893806458,649.7804565429688,214.83413696289062,0.9999932050704956,662.4844970703125,214.79226684570312,0.9993740320205688,660.499755859375,220.5852813720703,0.9939075708389282,654.9258422851562,224.33387756347656,0.2447357177734375,647.0489501953125,225.30650329589844,0.2622835040092468,640.8076782226562,219.56765747070312,0.14498445391654968,603.96337890625,157.34844970703125,0.999996542930603,588.7867431640625,156.48452758789062,0.9999969005584717,594.512939453125,147.29592895507812,0.9999997615814209,586.9661254882812,146.5337371826172,0.9999989867210388,578.9337768554688,153.21827697753906,0.9999967813491821,582.4599609375,164.62713623046875,0.9999757409095764,592.8890991210938,166.03172302246094,0.9968885183334351,739.6372680664062,127.19646453857422,0.9999969005584717,761.7138061523438,131.10592651367188,0.9651894569396973,650.0698852539062,177.57769775390625,0.0003300309181213379,763.2256469726562,122.29315948486328,0.026804357767105103,766.8460083007812,127.56448364257812,0.8116103410720825,771.8111572265625,127.26456451416016,0.37539124488830566,770.240478515625,132.33050537109375,0.0005695521831512451,703.91845703125,184.80670166015625,0.9999967813491821,725.3992919921875,194.15379333496094,0.9999999403953552,716.8941650390625,201.7587890625,0.9983252286911011,728.71923828125,206.37135314941406,0.9999184608459473,738.3682861328125,205.62649536132812,0.9956518411636353,742.27880859375,194.06179809570312,0.9970429539680481,733.0427856445312,185.9522705078125,0.944313108921051
9,513.4915771484375,237.02452087402344,1.0,612.317626953125,189.8956298828125,0.9999999403953552,599.987060546875,178.5496063232422,0.9999989867210388,618.7612915039062,201.0097198486328,0.9999979734420776,720.3098754882812,170.47039794921875,1.0,724.4212646484375,145.8531036376953,1.0,664.12060546875,166.1851806640625,1.0,722.68359375,158.8857421875,1.0,793.8746948242188,177.584228515625,0.9998774528503418,862.6810913085938,197.14707946777344,0.9996317028999329,639.5450439453125,209.37435913085938,0.9999079704284668,649.9832763671875,215.916015625,0.9999632835388184,662.810302734375,216.14369201660156,0.9849947094917297,660.4796142578125,221.1283721923828,0.8113976716995239,655.4578857421875,223.9091339111328,0.008046776056289673,647.5698852539062,226.2593536376953,0.019390016794204712,640.8741455078125,220.70751953125,0.016338646411895752,603.7864990234375,158.5023651123047,0.9999945759773254,588.947021484375,156.27220153808594,0.9999958276748657,594.5115966796875,147.32485961914062,0.9999992251396179,587.344970703125,146.6322021484375,0.9999983310699463,579.351806640625,152.42193603515625,0.9999955892562866,582.4270629882812,163.29412841796875,0.9998140335083008,592.6917114257812,165.19801330566406,0.9008556604385376,739.3377075195312,127.17451477050781,0.9999982714653015,760.9031982421875,131.0113983154297,0.9817417860031128,758.4810180664062,124.8226089477539,0.00040286779403686523,762.6843872070312,122.42508697509766,0.14892464876174927,766.7576293945312,127.69281768798828,0.9537662267684937,771.6198120117188,128.0480499267578,0.5698267221450806,769.9551391601562,132.5459747314453,0.0009441971778869629,704.2715454101562,185.79788208007812,0.9999959468841553,725.4300537109375,194.60153198242188,0.9999998807907104,717.5828857421875,201.77577209472656,0.9976253509521484,728.7651977539062,206.73953247070312,0.9998979568481445,738.3773193359375,206.39012145996094,0.9946014285087585,742.73779296875,193.99139404296875,0.9899561405181885,732.875244140625,186.28378295898438,0.7499961853027344
10,512.0371704101562,234.94126892089844,1.0,612.23193359375,190.32557678222656,0.9999999403953552,600.0921630859375,178.73524475097656,0.9999990463256836,618.8010864257812,201.66854858398438,0.9999967813491821,718.6517944335938,171.21339416503906,1.0,723.7301635742188,146.14752197265625,1.0,663.7156982421875,166.56170654296875,0.9999999403953552,722.025146484375,159.26602172851562,1.0,792.346435546875,177.572509765625,0.9998407959938049,862.1565551757812,194.99176025390625,0.9997994899749756,641.8628540039062,208.87908935546875,0.9998878240585327,651.3602905273438,216.4989776611328,0.9998193979263306,663.423583984375,216.09930419921875,0.9603217840194702,660.375,221.93052673339844,0.4899194538593292,657.3491821289062,223.92239379882812,0.0015799403190612793,646.4044189453125,226.42930603027344,0.005395621061325073,626.6725463867188,216.7318115234375,0.003199845552444458,603.5061645507812,158.42990112304688,0.9999945759773254,588.9805297851562,156.09750366210938,0.9999979138374329,595.1152954101562,147.1605224609375,0.9999995827674866,587.8882446289062,146.02609252929688,0.9999985694885254,579.456298828125,152.02537536621094,0.9999974370002747,582.4192504882812,163.41310119628906,0.9998663663864136,592.8366088867188,165.49618530273438,0.9693554043769836,739.01904296875,127.25403594970703,0.9999985098838806,761.8331909179688,130.79544067382812,0.9813816547393799,616.21826171875,165.70701599121094,0.0002955794334411621,761.8119506835938,121.78426361083984,0.11132901906967163,765.8667602539062,127.07482147216797,0.9522205591201782,771.0885009765625,127.72095489501953,0.7174072265625,769.4157104492188,132.22372436523438,0.0012847483158111572,703.9874267578125,186.28929138183594,0.9999940991401672,725.5215454101562,194.9880828857422,0.9999998807907104,717.770263671875,202.0303955078125,0.9951955080032349,728.3617553710938,207.38031005859375,0.9998989701271057,738.2837524414062,207.43080139160156,0.9962434768676758,742.9705200195312,194.50823974609375,0.9813634157180786,732.400390625,186.3808135986328,0.7206150889396667
11,510.9338073730469,234.148681640625,1.0,611.811279296875,190.15087890625,0.9999999403953552,599.6724243164062,178.6293182373047,0.9999991059303284,618.2153930664062,201.4302978515625,0.9999974370002747,720.2068481445312,171.03736877441406,1.0,724.434326171875,145.94215393066406,1.0,663.9044799804688,165.88442993164062,1.0,722.5341796875,159.0082244873047,1.0,791.6962890625,177.69287109375,0.9998055696487427,860.1068115234375,194.8393096923828,0.9990321397781372,640.7749633789062,209.03541564941406,0.999688982963562,650.5648803710938,216.6046600341797,0.999566912651062,662.9344482421875,216.9796142578125,0.8990667462348938,660.1494140625,221.7141571044922,0.2112310230731964,653.6589965820312,223.89739990234375,0.0004704594612121582,645.354248046875,225.15350341796875,0.007715851068496704,625.9185180664062,216.18727111816406,0.010935485363006592,603.190673828125,158.57203674316406,0.9999967217445374,588.7952880859375,156.0019073486328,0.999997615814209,594.9491577148438,146.9839630126953,0.999999463558197,587.7327880859375,145.7242889404297,0.9999985098838806,579.3287963867188,151.70729064941406,0.9999982118606567,582.3016357421875,162.87191772460938,0.9998769760131836,592.3812866210938,165.15380859375,0.975989818572998,739.10302734375,126.97272491455078,0.9999988079071045,760.3905639648438,130.36265563964844,0.9773335456848145,650.2234497070312,177.014892578125,0.00021830201148986816,762.1640625,121.821533203125,0.021577298641204834,765.6550903320312,126.84290313720703,0.7858923673629761,771.1084594726562,127.00384521484375,0.4736618101596832,769.6511840820312,131.8777313232422,0.0010599493980407715,703.982666015625,185.937255859375,0.9999966025352478,725.2451782226562,194.8798828125,0.9999998807907104,717.7027587890625,201.58544921875,0.9961370229721069,727.7396240234375,207.1322784423828,0.999918520450592,737.6741333007812,207.43057250976562,0.9967325925827026,742.9453125,194.56277465820312,0.9833881855010986,732.1756591796875,186.50997924804688,0.7638382911682129
12,511.1277160644531,233.00689697265625,1.0,610.7282104492188,189.6966552734375,0.9999999403953552,598.9164428710938,178.25790405273438,0.9999985694885254,616.7991943359375,201.2639923095703,0.9999969005584717,718.4751586914062,170.98898315429688,1.0,723.648193359375,145.99920654296875,1.0,663.36474609375,166.38014221191406,1.0,721.8651123046875,159.14193725585938,1.0,791.9239501953125,177.4370880126953,0.9997220039367676,858.3615112304688,194.81527709960938,0.9993197917938232,637.948974609375,210.7107696533203,0.9996099472045898,648.8937377929688,217.21725463867188,0.9988853335380554,661.9953002929688,217.81906127929688,0.6792643666267395,658.6105346679688,222.1493682861328,0.05617767572402954,508.85400390625,237.776123046875,0.00018396973609924316,643.4658203125,224.73158264160156,0.004191100597381592,624.914794921875,216.29864501953125,0.015237957239151001,603.0463256835938,158.64535522460938,0.9999967813491821,588.8096313476562,156.02645874023438,0.9999979734420776,595.0017700195312,147.0657958984375,0.999999463558197,587.7298583984375,145.7860870361328,0.9999986886978149,579.4523315429688,151.8169403076172,0.9999984502792358,582.4073486328125,162.85470581054688,0.999906599521637,592.3728637695312,165.36642456054688,0.9614837169647217,739.2745361328125,126.85348510742188,0.9999986886978149,761.6057739257812,130.41770935058594,0.9597694873809814,615.68603515625,165.827880859375,0.00021344423294067383,761.6640014648438,121.49755096435547,0.015808910131454468,765.40576171875,126.6915054321289,0.7857930660247803,770.9035034179688,126.9031982421875,0.4934215843677521,769.41650390625,131.81442260742188,0.0009382963180541992,704.0487670898438,186.2872314453125,0.9999942779541016,725.7116088867188,195.20489501953125,0.9999999403953552,718.3969116210938,201.92892456054688,0.9958704113960266,727.8717651367188,207.46551513671875,0.9999384880065918,737.6085205078125,207.95718383789062,0.9979459047317505,743.6006469726562,194.9927215576172,0.9709961414337158,732.5867919921875,186.08734130859375,0.6771580576896667
13,510.7215576171875,230.01458740234375,0.9999998807907104,610.1304321289062,189.97425842285156,0.9999998807907104,598.0994873046875,178.4379119873047,0.9999990463256836,616.3135375976562,201.3791046142578,0.9999973773956299,718.587646484375,171.02960205078125,1.0,722.4330444335938,145.4720916748047,1.0,662.8345336914062,166.65182495117188,0.9999998807907104,720.5477905273438,158.39088439941406,1.0,789.9413452148438,176.87493896484375,0.9999061822891235,857.8297729492188,194.76622009277344,0.9998279213905334,637.1372680664062,210.8489532470703,0.9996658563613892,647.9714965820312,217.46597290039062,0.9990503787994385,660.3494873046875,218.5677490234375,0.757416844367981,657.3603515625,222.1233673095703,0.07439330220222473,509.42303466796875,237.1634979248047,0.0002986490726470947,642.8108520507812,225.104736328125,0.00502738356590271,624.8629760742188,216.35243225097656,0.017531603574752808,602.73388671875,158.76376342773438,0.9999973177909851,589.070068359375,155.98004150390625,0.9999982714653015,595.1079711914062,147.08909606933594,0.9999996423721313,587.6871948242188,145.92185974121094,0.999998927116394,579.6129150390625,151.9403076171875,0.9999984502792358,582.56103515625,162.8097381591797,0.9999387264251709,592.291748046875,165.20498657226562,0.97100830078125,738.9800415039062,125.80386352539062,0.9999988079071045,760.818359375,129.72512817382812,0.8823857307434082,650.32275390625,176.92111206054688,0.00024372339248657227,760.5064697265625,122.40489959716797,0.0031897425651550293,765.0992431640625,126.33133697509766,0.346529483795166,770.218505859375,126.00057220458984,0.16959038376808167,769.504638671875,131.0419464111328,0.00037556886672973633,703.1854858398438,186.6452178955078,0.9999947547912598,724.8406372070312,194.0408935546875,0.9999999403953552,717.6723022460938,201.153564453125,0.9276201128959656,727.2000122070312,205.77047729492188,0.9997555017471313,736.3247680664062,205.4280242919922,0.9924131631851196,742.0226440429688,192.7413787841797,0.9684059619903564,731.43701171875,184.85911560058594,0.5129040479660034
14,509.1856689453125,228.56378173828125,1.0,609.5057373046875,190.07330322265625,0.9999998807907104,597.9885864257812,178.33738708496094,0.9999996423721313,615.3359985351562,201.68521118164062,0.999998927116394,717.9664306640625,170.76731872558594,1.0,721.14404296875,145.21995544433594,1.0,661.853271484375,166.56883239746094,0.9999998807907104,719.6220703125,158.1414031982422,1.0,789.521240234375,176.5800018310547,0.9999436140060425,857.2330322265625,196.3701934814453,0.999940037727356,635.9295654296875,210.628662109375,0.9984375238418579,643.8224487304688,218.38885498046875,0.7908668518066406,659.5133666992188,219.7706298828125,0.018215596675872803,653.86962890625,223.17257690429688,9.498000144958496e-05,509.2837219238281,236.59542846679688,0.00023826956748962402,621.1484985351562,217.01263427734375,0.003965467214584351,623.5716552734375,215.1095733642578,0.03642088174819946,602.477294921875,158.7947540283203,0.9999978542327881,589.0709228515625,156.17166137695312,0.9999983310699463,595.033203125,147.36131286621094,0.9999995827674866,587.7431030273438,145.99110412597656,0.999998927116394,579.6100463867188,152.0370330810547,0.999998152256012,582.6881103515625,162.7487030029297,0.9999387264251709,592.1759643554688,165.0155029296875,0.9728277921676636,739.3160400390625,125.81019592285156,0.9999980926513672,760.7586669921875,129.5030975341797,0.7051661014556885,616.597900390625,165.6044464111328,0.0003027915954589844,760.5993041992188,122.50634765625,0.0012590587139129639,764.536376953125,124.4767837524414,0.1403590738773346,770.1854858398438,125.29639434814453,0.07630467414855957,769.4086303710938,130.59515380859375,0.0002689957618713379,702.8512573242188,186.9628448486328,0.9999901056289673,724.9119262695312,193.40188598632812,0.9999998211860657,716.654541015625,199.77084350585938,0.9720463752746582,727.5641479492188,205.4842071533203,0.9996674060821533,736.809814453125,204.93605041503906,0.9916176795959473,742.6036987304688,192.26271057128906,0.9774260520935059,732.0397338867188,184.00621032714844,0.4868701696395874
15,507.38934326171875,226.83526611328125,1.0,607.5400390625,190.9590606689453,0.9999999403953552,596.196044921875,178.56202697753906,0.9999997615814209,614.1875,202.40476989746094,0.9999991655349731,717.9444580078125,170.56256103515625,1.0,721.0276489257812,145.1784210205078,0.9999998807907104,660.8345947265625,167.29075622558594,0.9999998807907104,719.4364013671875,157.5914764404297,0.9999999403953552,789.1847534179688,176.58206176757812,0.9999350309371948,856.6861572265625,197.29246520996094,0.9999668598175049,635.31884765625,211.03392028808594,0.9994286298751831,643.1434936523438,218.34564208984375,0.7893441915512085,656.4585571289062,220.11146545410156,0.04835247993469238,653.3440551757812,223.15338134765625,0.00044167041778564453,509.0653381347656,236.88870239257812,0.000516057014465332,621.6235961914062,216.92483520507812,0.0020313262939453125,623.7138061523438,215.3374786376953,0.01014825701713562,601.95849609375,158.68716430664062,0.9999988079071045,589.2523193359375,156.21798706054688,0.9999984502792358,595.4119873046875,147.36959838867188,0.9999996423721313,587.7186279296875,146.08795166015625,0.9999990463256836,579.4972534179688,151.8176727294922,0.9999986886978149,582.387451171875,162.70205688476562,0.9999287128448486,592.1932373046875,165.0455780029297,0.9075900912284851,739.39111328125,126.21179962158203,0.9999974966049194,760.7884521484375,129.82650756835938,0.5966290831565857,615.6791381835938,164.8771209716797,0.000550001859664917,760.5790405273438,122.95223999023438,0.001079171895980835,764.3566284179688,124.70833587646484,0.15006741881370544,769.7026977539062,125.07308959960938,0.06798124313354492,611.8397827148438,161.96890258789062,0.00016564130783081055,702.9664306640625,187.71754455566406,0.9999772310256958,724.8933715820312,193.73292541503906,0.9999999403953552,716.9396362304688,200.82852172851562,0.9951071739196777,727.17431640625,207.09515380859375,0.9998630285263062,737.1586303710938,205.0694122314453,0.9950388669967651,743.2514038085938,192.22518920898438,0.9943645000457764,732.5534057617188,183.7107696533203,0.7379501461982727
16,505.4307556152344,225.0382843017578,1.0,607.0602416992188,190.58750915527344,0.9999997019767761,594.7681274414062,178.18199157714844,0.9999996423721313,612.705322265625,202.9950408935547,0.9999996423721313,717.4794921875,170.86131286621094,1.0,718.4110107421875,145.64208984375,0.9999997615814209,659.8910522460938,167.96249389648438,1.0,718.2815551757812,158.34469604492188,1.0,788.40576171875,176.53042602539062,0.9999701976776123,855.4370727539062,196.69041442871094,0.9999724626541138,630.8099975585938,208.7362823486328,0.9998897314071655,635.7111206054688,216.07481384277344,0.9929373264312744,646.4786376953125,218.58148193359375,0.11981275677680969,640.3099975585938,222.42596435546875,0.008246004581451416,637.4058837890625,225.64242553710938,0.0009408295154571533,630.0244750976562,223.88348388671875,0.08657130599021912,623.6295776367188,212.76162719726562,0.04177665710449219,601.7328491210938,158.2682647705078,0.9999984502792358,589.5813598632812,155.66001892089844,0.9999983310699463,595.8733520507812,146.65750122070312,0.9999997615814209,587.8388061523438,145.77374267578125,0.9999991655349731,579.6864624023438,151.68946838378906,0.9999990463256836,582.3180541992188,162.52642822265625,0.9999358654022217,592.2933959960938,164.6716766357422,0.8874778747558594,737.9118041992188,126.40373992919922,0.9999954700469971,760.9182739257812,129.69403076171875,0.9052245020866394,615.5919189453125,164.87071228027344,0.0006969273090362549,760.875244140625,121.4641342163086,0.009447246789932251,764.668701171875,126.21571350097656,0.4348583221435547,769.7852783203125,125.30699157714844,0.21926763653755188,769.6007080078125,130.9214324951172,0.0003902316093444824,702.824951171875,188.58688354492188,0.9999860525131226,724.8286743164062,193.2739715576172,0.9999998807907104,716.6033325195312,199.79403686523438,0.9949641823768616,727.2164916992188,206.20767211914062,0.9999116063117981,737.4102172851562,203.06314086914062,0.9968045949935913,743.2315673828125,191.42161560058594,0.9955213069915771,732.53759765625,182.95884704589844,0.7788693904876709
17,503.5546875,224.3040008544922,1.0,605.0271606445312,190.99203491210938,0.9999995231628418,593.4532470703125,178.2530517578125,0.9999992251396179,609.331298828125,203.59185791015625,0.9999992251396179,717.6788330078125,170.86331176757812,1.0,718.49951171875,145.223876953125,0.9999997019767761,659.06494140625,168.41647338867188,0.9999999403953552,718.2763671875,158.31192016601562,1.0,788.3214721679688,176.6258087158203,0.9999568462371826,854.8302612304688,196.53854370117188,0.9999599456787109,624.6539306640625,209.6077880859375,0.9999978542327881,632.2296142578125,218.5426483154297,0.9999990463256836,642.6557006835938,219.51376342773438,0.9941580891609192,637.6883544921875,225.58042907714844,0.9573490619659424,629.982421875,227.94534301757812,0.6144924759864807,625.388427734375,226.2490234375,0.9596567153930664,620.9378662109375,218.10545349121094,0.23978111147880554,600.95556640625,158.045166015625,0.999997615814209,589.4260864257812,155.98130798339844,0.9999979734420776,595.662841796875,146.80210876464844,0.9999998211860657,587.5081176757812,145.875,0.9999992847442627,579.2890625,151.93212890625,0.999998927116394,582.075927734375,162.79408264160156,0.9999455213546753,592.1817626953125,165.0911865234375,0.8659998774528503,737.124755859375,127.32118225097656,0.9999964237213135,759.8637084960938,130.08055114746094,0.9258681535720825,615.2488403320312,165.04574584960938,0.0005082786083221436,759.29345703125,122.9085693359375,0.0035505294799804688,763.263916015625,124.46060180664062,0.21282905340194702,768.776611328125,125.6239242553711,0.05044206976890564,610.9453125,160.89720153808594,0.00023376941680908203,702.5172729492188,188.18258666992188,0.9999858736991882,724.02001953125,192.88685607910156,0.9999998807907104,715.9446411132812,199.8124237060547,0.9900561571121216,726.9398803710938,206.11131286621094,0.9999412298202515,737.0804443359375,202.55380249023438,0.9987987279891968,742.3574829101562,190.52752685546875,0.9976497888565063,731.7133178710938,182.2828369140625,0.857231080532074
18,503.2081604003906,222.0304718017578,1.0,603.6051025390625,190.5089874267578,0.9999997019767761,592.7820434570312,178.4521942138672,0.9999989867210388,606.6720581054688,205.40408325195312,0.9999985694885254,716.83447265625,171.57997131347656,1.0,717.1090087890625,145.83389282226562,0.9999997615814209,658.8386840820312,168.46942138671875,0.9999998807907104,718.2489624023438,158.47796630859375,0.9999999403953552,787.4749145507812,176.62648010253906,0.9999749064445496,853.8411254882812,197.2261505126953,0.9999651908874512,618.8269653320312,213.145751953125,0.9999999403953552,627.2225341796875,223.39183044433594,0.9999998807907104,639.6337890625,225.75267028808594,0.9995143413543701,637.8723754882812,230.28976440429688,0.9981698989868164,630.176513671875,234.91552734375,0.7037493586540222,623.9791870117188,233.7579345703125,0.861752986907959,618.2869873046875,225.5160675048828,0.470781147480011,601.0343627929688,158.18118286132812,0.9999978542327881,590.0858764648438,156.2496337890625,0.999998927116394,595.64111328125,147.11781311035156,0.9999997615814209,587.9746704101562,146.52728271484375,0.9999996423721313,580.374755859375,152.04562377929688,0.9999988079071045,582.5582275390625,162.35369873046875,0.9999017715454102,592.5023193359375,164.80458068847656,0.6729990243911743,736.3192138671875,128.05943298339844,0.9999973773956299,760.132568359375,131.37571716308594,0.9980642199516296,760.1781616210938,121.61836242675781,0.000898510217666626,760.8843383789062,122.75333404541016,0.2252819538116455,764.9882202148438,127.11408233642578,0.9456655383110046,769.6178588867188,128.7937774658203,0.5852508544921875,768.2183227539062,134.1822967529297,0.0005784332752227783,703.3497924804688,189.40113830566406,0.9999538064002991,724.5706176757812,193.17747497558594,0.9999998807907104,716.754638671875,199.84950256347656,0.9886717200279236,727.2647705078125,205.92054748535156,0.9999303817749023,737.2697143554688,202.3121337890625,0.9973012804985046,742.6879272460938,190.89312744140625,0.9943013787269592,732.2926635742188,182.22796630859375,0.6630630493164062
19,502.15020751953125,220.3926544189453,1.0,602.4928588867188,190.9215850830078,0.999999463558197,592.5578002929688,178.64364624023438,0.999999463558197,604.6370849609375,205.4406280517578,0.9999946355819702,715.607666015625,171.6918487548828,1.0,716.0764770507812,146.54188537597656,0.9999998211860657,657.9307861328125,168.20318603515625,0.9999999403953552,717.1640014648438,158.817138671875,1.0,786.36474609375,176.98226928710938,0.9999568462371826,854.662841796875,197.11233520507812,0.9998407959938049,617.588134765625,215.11395263671875,0.9999942779541016,620.2225952148438,226.63328552246094,0.9999871253967285,634.1467895507812,228.02914428710938,0.22243550419807434,632.2222900390625,231.2206573486328,0.002530336380004883,506.45147705078125,234.8732452392578,0.0007287561893463135,613.2926025390625,235.55728149414062,0.0038110017776489258,609.4043579101562,226.2212371826172,0.15956732630729675,600.9271850585938,158.58645629882812,0.9999991655349731,589.7577514648438,156.22682189941406,0.9999986886978149,595.8344116210938,147.15744018554688,0.9999997019767761,588.4747924804688,146.23928833007812,0.9999994039535522,580.6174926757812,151.5897216796875,0.9999986290931702,582.5712280273438,161.5821533203125,0.9998953342437744,591.8922119140625,164.53070068359375,0.7037769556045532,736.3264770507812,128.6055908203125,0.9999973773956299,760.4228515625,131.14468383789062,0.997952401638031,760.4510498046875,121.41646575927734,0.0005803704261779785,761.0384521484375,122.66567993164062,0.10930928587913513,764.6735229492188,126.6513671875,0.8489834070205688,769.8535766601562,126.96299743652344,0.40456342697143555,767.9951171875,133.75225830078125,0.0005362927913665771,702.8973388671875,189.62911987304688,0.9999753832817078,724.133056640625,192.5399169921875,0.9999998807907104,716.150390625,198.75,0.996377170085907,727.0855102539062,205.10826110839844,0.9999805688858032,737.0621948242188,201.09933471679688,0.9995126724243164,741.6922607421875,190.1060028076172,0.9991234540939331,731.67431640625,181.2605438232422,0.8646707534790039
20,499.5287170410156,219.66900634765625,1.0,600.8511962890625,191.4687042236328,0.9999991655349731,591.12353515625,178.8159637451172,0.9999995827674866,602.97412109375,207.275146484375,0.9999953508377075,715.5252075195312,171.61561584472656,0.9999999403953552,715.8927612304688,146.14019775390625,0.9999998211860657,657.1466064453125,168.6364288330078,0.9999998211860657,717.08984375,158.5867919921875,0.9999999403953552,785.2728271484375,177.2983856201172,0.9999171495437622,854.73388671875,197.5882110595703,0.999575674533844,614.1109619140625,217.98915100097656,0.9999804496765137,610.76953125,231.41334533691406,0.9999938011169434,623.0792846679688,231.711669921875,0.33499306440353394,619.9928588867188,235.60560607910156,0.0006275475025177002,495.4559020996094,221.9476318359375,0.0011649727821350098,602.1492919921875,238.49392700195312,0.054598480463027954,600.9105224609375,227.26666259765625,0.7904924154281616,600.49267578125,159.21925354003906,0.9999995231628418,590.0392456054688,156.43447875976562,0.9999991655349731,595.9762573242188,147.1615753173828,0.9999998211860657,588.7410888671875,146.41819763183594,0.9999996423721313,580.9210205078125,151.3738250732422,0.9999990463256836,582.37353515625,161.6328887939453,0.9998891353607178,591.849853515625,164.53094482421875,0.4767990708351135,735.317626953125,128.21543884277344,0.9999957084655762,759.5154418945312,130.75128173828125,0.9988483190536499,756.2616577148438,122.2087173461914,0.0007680952548980713,760.361083984375,122.24354553222656,0.12948942184448242,763.3644409179688,126.14649963378906,0.8768725395202637,769.0911254882812,126.60113525390625,0.6230969429016113,767.789794921875,133.4320831298828,0.0010379552841186523,703.0407104492188,189.69139099121094,0.9999858140945435,724.0665283203125,193.0199432373047,0.9999998807907104,715.823974609375,198.9441375732422,0.995272159576416,726.7156372070312,205.5292205810547,0.9999768733978271,737.1309814453125,201.886474609375,0.999043345451355,741.766357421875,190.16793823242188,0.9981935620307922,731.4388427734375,181.6324005126953,0.8265790939331055
21,498.38409423828125,218.48561096191406,1.0,599.8439331054688,190.94952392578125,0.9999992251396179,591.1754150390625,177.9432830810547,0.9999996423721313,601.7975463867188,206.94906616210938,0.9999970197677612,715.5033569335938,171.7765350341797,1.0,715.66796875,146.00314331054688,0.9999998807907104,657.2910766601562,169.431640625,0.9999997019767761,715.2603149414062,158.21609497070312,0.9999998807907104,784.2664794921875,177.61048889160156,0.999951958656311,854.1574096679688,197.84417724609375,0.998317301273346,609.023193359375,221.90101623535156,0.999990701675415,598.28466796875,236.4288787841797,0.9999995231628418,607.5786743164062,240.35250854492188,0.017190128564834595,600.9381103515625,240.81455993652344,0.0020247995853424072,594.3593139648438,243.16734313964844,0.09329113364219666,588.2420043945312,238.02101135253906,0.9625869989395142,592.2295532226562,228.11386108398438,0.9529551267623901,600.4024047851562,159.21649169921875,0.9999996423721313,589.9202880859375,156.07479858398438,0.9999990463256836,595.8667602539062,146.8199462890625,0.9999998211860657,588.6635131835938,146.2823486328125,0.9999996423721313,580.8404541015625,151.4714813232422,0.9999991655349731,582.3388671875,161.45028686523438,0.999915361404419,591.6771240234375,164.08900451660156,0.5996749997138977,735.1593627929688,128.44827270507812,0.9999970197677612,758.3163452148438,130.3817901611328,0.9997360706329346,755.048828125,122.0499038696289,0.0027684569358825684,759.445068359375,121.8836898803711,0.4480256736278534,762.9940185546875,126.06194305419922,0.98140549659729,768.0184326171875,126.82963562011719,0.860466480255127,767.2044677734375,133.35816955566406,0.002088189125061035,703.6193237304688,189.66322326660156,0.9999709129333496,724.4563598632812,193.38067626953125,0.9999998211860657,716.0147094726562,199.3950653076172,0.9964933395385742,727.25830078125,205.53890991210938,0.9999740719795227,737.6800537109375,201.82540893554688,0.998012900352478,741.7402954101562,190.0162353515625,0.9947644472122192,731.91748046875,181.9747314453125,0.6902910470962524
22,497.21026611328125,218.23606872558594,1.0,598.5510864257812,191.2194366455078,0.9999997615814209,590.17138671875,177.93460083007812,0.9999995231628418,600.390625,207.27024841308594,0.9999992847442627,715.4725341796875,172.00408935546875,1.0,715.4286499023438,145.97947692871094,0.9999998211860657,657.073486328125,170.36062622070312,0.9999995231628418,715.298828125,158.05726623535156,0.9999998807907104,783.5496215820312,177.34698486328125,0.9998831748962402,853.5349731445312,196.6355438232422,0.9975395202636719,603.970947265625,225.4300994873047,0.9999610185623169,592.5313110351562,239.27886962890625,0.9999990463256836,602.0499877929688,245.6019287109375,0.023377567529678345,596.1715698242188,246.013671875,0.0004146397113800049,585.2032470703125,244.91297912597656,0.014618545770645142,581.0187377929688,239.25814819335938,0.9781680107116699,587.524169921875,231.50450134277344,0.8225357532501221,600.5333862304688,159.98060607910156,0.9999997615814209,589.7822875976562,156.50732421875,0.9999982714653015,596.5776977539062,147.46994018554688,0.9999997615814209,589.4464111328125,145.9298095703125,0.9999994039535522,580.8482666015625,150.77166748046875,0.9999990463256836,581.2596435546875,160.83172607421875,0.9998347163200378,589.65185546875,165.4674835205078,0.41707730293273926,734.8519287109375,128.04531860351562,0.9999980330467224,756.5390625,129.491455078125,0.9997597336769104,752.958740234375,121.52539825439453,0.006681621074676514,759.5932006835938,121.0048828125,0.4400762915611267,761.6414794921875,124.63909149169922,0.9865915179252625,766.0894775390625,125.8156509399414,0.8431942462921143,766.2994995117188,132.8465118408203,0.001397252082824707,703.8090209960938,189.81317138671875,0.9999798536300659,724.9539794921875,193.3606414794922,0.9999997615814209,716.5006103515625,199.15977478027344,0.9868613481521606,727.0302124023438,205.18484497070312,0.9998589158058167,737.653076171875,201.9102783203125,0.991574764251709,741.7386474609375,189.95530700683594,0.9782092571258545,731.7551879882812,181.79559326171875,0.47356659173965454
23,495.4009704589844,216.65390014648438,0.9999997615814209,595.7374267578125,191.1763153076172,0.9999998211860657,587.4052124023438,177.83837890625,0.9999997615814209,596.4959106445312,208.6499786376953,0.9999997615814209,713.8551635742188,171.8843994140625,1.0,714.3753051757812,146.3771209716797,0.9999997615814209,655.7950439453125,171.7995147705078,0.9999995827674866,713.8074340820312,158.60986328125,0.9999998807907104,782.0526123046875,177.24404907226562,0.9998831748962402,851.5900268554688,196.8965301513672,0.9933702945709229,598.7908325195312,225.31365966796875,0.9999880790710449,584.1421508789062,242.1608428955078,1.0,596.3445434570312,247.4881591796875,0.9951339960098267,589.7484741210938,250.46524047851562,0.9689828753471375,578.4588012695312,249.75775146484375,0.9993776679039001,571.9195556640625,244.06723022460938,0.9999879002571106,576.0032348632812,231.82635498046875,0.9998897314071655,599.8760375976562,160.8326416015625,1.0,590.4389038085938,156.67962646484375,0.9999985694885254,597.2241821289062,147.6428985595703,0.9999997615814209,590.09619140625,145.9713897705078,0.9999992847442627,581.4636840820312,150.23043823242188,0.9999992847442627,581.1010131835938,159.9088897705078,0.9997510313987732,588.2252807617188,164.3501739501953,0.200417160987854,733.3406372070312,128.4438018798828,0.9999972581863403,754.6316528320312,129.25326538085938,0.9992110729217529,752.1056518554688,120.80125427246094,0.006951272487640381,757.9459838867188,120.69355010986328,0.1854042410850525,759.76025390625,125.26268005371094,0.9273131489753723,764.4515991210938,126.45097351074219,0.38482511043548584,764.85595703125,132.51943969726562,0.00033411383628845215,702.8214111328125,190.47540283203125,0.9999833106994629,724.093505859375,193.29164123535156,0.9999997615814209,715.7325439453125,198.6885528564453,0.9923269748687744,726.53564453125,204.90721130371094,0.9999889135360718,736.284423828125,202.16567993164062,0.9992268085479736,741.13623046875,190.6247100830078,0.9944824576377869,730.981689453125,182.24282836914062,0.7796127200126648
24,493.1242370605469,216.18960571289062,0.9999999403953552,593.0503540039062,191.99290466308594,0.9999997615814209,585.0842895507812,178.97552490234375,0.9999995231628418,593.4365234375,208.6801300048828,0.9999977350234985,712.5491943359375,173.32850646972656,1.0,712.669189453125,149.17196655273438,0.9999998807907104,654.2614135742188,172.4801025390625,0.9999996423721313,713.3896484375,160.6533966064453,1.0,781.3577270507812,176.9271697998047,0.9998971223831177,850.42822265625,197.27764892578125,0.9953303337097168,591.9284057617188,225.56768798828125,0.9999964237213135,577.4528198242188,244.1553955078125,1.0,590.9037475585938,247.0599365234375,0.9999983906745911,583.7664184570312,255.01657104492188,0.9999975562095642,572.9625244140625,255.33631896972656,0.9999975562095642,565.666259765625,248.44334411621094,0.9999996423721313,569.6715698242188,236.7892303466797,0.9999996423721313,598.9287109375,161.10205078125,0.9999998807907104,590.5526123046875,156.6210479736328,0.9999982118606567,597.0828247070312,147.327880859375,0.9999998211860657,589.7698974609375,145.94923400878906,0.9999994039535522,580.6918334960938,150.40350341796875,0.9999992847442627,580.5086669921875,160.55148315429688,0.9997226595878601,588.7398071289062,165.20668029785156,0.14604896306991577,728.2383422851562,130.75633239746094,0.9999974966049194,751.2606811523438,129.2889862060547,0.9923385381698608,749.0420532226562,121.37895965576172,0.006093621253967285,754.1652221679688,120.87313842773438,0.0904492437839508,758.406982421875,125.56781005859375,0.9505695104598999,760.7471313476562,126.55496978759766,0.18508344888687134,763.5501708984375,130.28399658203125,0.0006592273712158203,700.816650390625,191.8948211669922,0.9999510049819946,723.5946044921875,193.16905212402344,0.9999997615814209,715.2620849609375,198.593017578125,0.9670006036758423,726.1049194335938,204.8011474609375,0.9999781847000122,736.2456665039062,202.62777709960938,0.997812032699585,739.9395751953125,191.21990966796875,0.9782133102416992,730.4247436523438,182.2490692138672,0.43452686071395874
25,490.4989318847656,216.30699157714844,0.9999998211860657,589.7031860351562,193.18930053710938,0.9999997615814209,583.027587890625,178.94151306152344,0.9999998211860657,590.544189453125,209.26231384277344,0.9999923706054688,709.988525390625,174.5303955078125,1.0,711.6641845703125,149.3051300048828,1.0,652.1829223632812,173.46517944335938,0.9999997615814209,711.706298828125,161.0410614013672,1.0,781.40673828125,177.07215881347656,0.9999353885650635,849.0388793945312,197.12339782714844,0.9960054159164429,586.0407104492188,226.21505737304688,0.9999624490737915,572.2371215820312,244.30027770996094,1.0,583.1107788085938,249.1614990234375,0.9999972581863403,577.1322021484375,254.51512145996094,0.999957799911499,566.0614013671875,253.5142822265625,0.9999977350234985,559.950927734375,246.5314178466797,0.9999980926513672,563.8473510742188,236.1306915283203,0.9999998211860657,598.362548828125,161.78875732421875,1.0,591.1553344726562,156.37530517578125,0.9999990463256836,598.08740234375,147.41737365722656,0.9999997019767761,591.37060546875,145.739013671875,0.9999991059303284,582.6932983398438,148.87142944335938,0.9999995231628418,581.65869140625,159.60226440429688,0.9985835552215576,588.10546875,164.34149169921875,0.043514400720596313,724.2255859375,128.92625427246094,0.9999995231628418,745.317626953125,128.5324249267578,0.9997751712799072,743.1744384765625,121.78871154785156,0.152380108833313,750.383544921875,119.67717742919922,0.9253342747688293,754.3369140625,124.38610076904297,0.999664843082428,756.6412963867188,126.4107666015625,0.9679220914840698,754.7298583984375,133.05963134765625,0.003381669521331787,703.67333984375,193.70022583007812,0.9999973773956299,723.0360717773438,192.69830322265625,0.9999996423721313,714.4450073242188,197.80667114257812,0.8511515855789185,725.1759643554688,204.52259826660156,0.9999022483825684,735.628662109375,202.89718627929688,0.987442135810852,738.722412109375,190.7657470703125,0.919048011302948,729.6350708007812,182.06390380859375,0.21577143669128418
26,488.5575866699219,215.77064514160156,0.9999999403953552,584.9353637695312,193.83880615234375,0.9999998807907104,580.6995239257812,179.12892150878906,1.0,584.93408203125,209.92710876464844,0.999998927116394,707.9431762695312,175.0034637451172,1.0,709.6151733398438,149.2605743408203,1.0,649.9176635742188,174.75767517089844,1.0,709.9490966796875,161.21751403808594,1.0,781.7015991210938,178.03863525390625,0.9998972415924072,848.5746459960938,196.60992431640625,0.9889163970947266,581.2996826171875,226.82691955566406,0.9999934434890747,566.27880859375,244.60260009765625,1.0,577.4799194335938,249.22457885742188,0.9999929666519165,571.5626831054688,255.13580322265625,0.9999023675918579,561.2432250976562,253.4725799560547,0.9999955296516418,554.3218994140625,246.5506134033203,0.9999977946281433,559.4432983398438,236.58766174316406,0.9999961853027344,597.1910400390625,162.96820068359375,1.0,591.36767578125,156.5454559326172,0.9999991655349731,598.8687744140625,147.69854736328125,0.9999996423721313,591.8165283203125,145.8562774658203,0.9999990463256836,582.9253540039062,148.7903289794922,0.9999994039535522,581.7821655273438,159.44366455078125,0.997342586517334,586.0774536132812,164.6902313232422,0.012702733278274536,714.908935546875,128.24769592285156,0.9999989867210388,738.7928466796875,126.83235168457031,0.9999827146530151,736.3541259765625,120.08320617675781,0.8650271892547607,742.8576049804688,116.01139831542969,0.9993190169334412,749.2078857421875,120.92443084716797,0.9999641180038452,749.6434936523438,124.18011474609375,0.9949865341186523,745.5463256835938,133.73312377929688,0.00493234395980835,703.9322509765625,192.8079376220703,0.9999982118606567,721.8651123046875,192.90274047851562,0.9999972581863403,713.5637817382812,198.24867248535156,0.15509572625160217,724.0252075195312,203.69189453125,0.9968500733375549,735.0111694335938,203.3885040283203,0.6792569160461426,740.4598999023438,191.8165283203125,0.2108769714832306,729.6495361328125,183.31985473632812,0.022447139024734497
27,486.93072509765625,214.53414916992188,1.0,585.2501831054688,193.5913543701172,0.9999998807907104,580.5261840820312,179.0722198486328,0.9999999403953552,584.5986938476562,209.64154052734375,0.9999979734420776,704.5062255859375,176.43199157714844,1.0,706.4505004882812,149.55259704589844,1.0,647.5245361328125,176.06289672851562,0.9999998211860657,706.1581420898438,162.20480346679688,1.0,778.6991577148438,177.30206298828125,0.9996982216835022,846.9378051757812,196.4504852294922,0.9952722787857056,579.8064575195312,227.80894470214844,0.9999922513961792,562.022216796875,244.694580078125,1.0,573.615966796875,250.21090698242188,0.9999932050704956,565.4725341796875,255.18161010742188,0.9999810457229614,556.0228271484375,252.6918487548828,0.999997615814209,551.7166748046875,244.26510620117188,0.9999994039535522,557.4254760742188,235.12818908691406,0.9999954700469971,596.5055541992188,163.41864013671875,1.0,591.5260620117188,156.892822265625,0.999998927116394,599.2467651367188,148.2679443359375,0.9999994039535522,592.147216796875,146.1739501953125,0.9999988079071045,583.0780029296875,148.56512451171875,0.9999993443489075,581.132568359375,159.2479705810547,0.996996283531189,585.0293579101562,164.6217803955078,0.009354829788208008,703.8080444335938,126.53270721435547,0.999998152256012,730.9375610351562,126.0283432006836,0.9999593496322632,725.4928588867188,125.70259094238281,0.35150861740112305,732.609130859375,114.10786437988281,0.9986099004745483,738.119140625,116.03133392333984,0.9999743700027466,742.768310546875,118.43781280517578,0.9989469051361084,742.27392578125,128.84266662597656,0.1979537308216095,703.71875,195.75198364257812,0.9999996423721313,721.1904296875,193.4705047607422,0.9999973177909851,714.2496337890625,198.8045196533203,0.05490332841873169,723.1228637695312,203.58334350585938,0.9945839643478394,734.3299560546875,204.16064453125,0.5189934372901917,740.3995971679688,192.1385040283203,0.14319726824760437,728.9175415039062,184.70523071289062,0.010779798030853271
28,484.5423889160156,213.1649627685547,1.0,582.2526245117188,193.45458984375,1.0,578.6502075195312,179.55638122558594,1.0,581.270263671875,210.086181640625,0.9999996423721313,703.9729614257812,176.07620239257812,1.0,701.856201171875,149.87689208984375,1.0,645.2907104492188,177.57638549804688,0.9999999403953552,703.3343505859375,162.9268798828125,1.0,774.4456176757812,177.0904998779297,0.9993952512741089,844.8187255859375,196.68362426757812,0.9974454045295715,578.7922973632812,226.86439514160156,0.9999911785125732,562.1600952148438,244.94699096679688,1.0,573.7019653320312,249.8765106201172,0.9999934434890747,565.1497802734375,255.07337951660156,0.9999850988388062,556.4439697265625,253.48492431640625,0.9999980926513672,551.4237670898438,244.70761108398438,0.9999996423721313,558.5422973632812,235.08770751953125,0.9999959468841553,594.8001098632812,164.23228454589844,1.0,592.2122192382812,156.95167541503906,0.9999992847442627,599.9660034179688,148.60096740722656,0.9999988079071045,591.4614868164062,146.11947631835938,0.9999986886978149,583.5064697265625,148.59713745117188,0.999998927116394,581.555908203125,158.93138122558594,0.9931656718254089,586.2883911132812,163.84317016601562,0.0010760128498077393,692.5908813476562,126.40472412109375,0.9999997019767761,717.8468627929688,121.14781188964844,0.9999959468841553,712.9508056640625,118.51066589355469,0.9405158758163452,719.8771362304688,109.99909210205078,0.9998944997787476,726.7427978515625,113.5794677734375,0.9999997615814209,729.2244262695312,115.38121032714844,0.9999961853027344,729.6021728515625,126.50606536865234,0.9458283185958862,702.2195434570312,197.06385803222656,0.9999995231628418,720.06396484375,193.46533203125,0.9999873638153076,709.9974365234375,201.74720764160156,0.0085221529006958,721.8643798828125,203.4091033935547,0.9842467308044434,733.80126953125,204.672119140625,0.5262282490730286,740.3185424804688,191.81674194335938,0.07498228549957275,726.25244140625,183.10150146484375,0.0033446848392486572
29,482.697021484375,212.59295654296875,1.0,581.2222290039062,193.50576782226562,1.0,578.1636962890625,179.39175415039062,1.0,579.9905395507812,209.95213317871094,0.9999997019767761,702.5990600585938,177.3686065673828,1.0,699.2027587890625,152.37509155273438,1.0,644.1168212890625,179.11622619628906,1.0,701.3280639648438,165.26690673828125,1.0,770.7111206054688,176.3381805419922,0.9994550943374634,845.0896606445312,198.39004516601562,0.9921411275863647,577.2736206054688,226.92095947265625,0.9999912977218628,561.035400390625,245.07232666015625,1.0,572.722412109375,249.76397705078125,0.999996542930603,564.7540893554688,255.1229705810547,0.999988853931427,556.197998046875,253.80648803710938,0.9999966621398926,550.3569946289062,245.3466033935547,0.9999997615814209,557.2959594726562,235.45895385742188,0.9999967813491821,593.7582397460938,164.281982421875,1.0,591.6138916015625,156.58250427246094,0.9999991059303284,600.4566040039062,148.53195190429688,0.9999972581863403,592.0070190429688,145.14794921875,0.9999979734420776,583.3953247070312,148.00015258789062,0.9999973773956299,581.8602905273438,157.45315551757812,0.9839192628860474,586.17333984375,163.74172973632812,0.0006498098373413086,683.83935546875,130.54864501953125,0.9999992251396179,703.4346313476562,121.56857299804688,0.9999864101409912,697.5841674804688,115.04798126220703,0.9969573616981506,705.1834716796875,110.37704467773438,0.9999257326126099,713.3271484375,112.7665023803711,0.9999815225601196,716.4320068359375,117.47200012207031,0.9950093626976013,713.003173828125,130.574951171875,0.2848561406135559,702.33935546875,199.5486297607422,0.9999997019767761,719.8505249023438,194.6639862060547,0.9981116056442261,710.2412719726562,201.7179718017578,0.0013115406036376953,717.5369262695312,206.56619262695312,0.011309325695037842,739.706298828125,200.83148193359375,0.0028263628482818604,740.8719482421875,191.02227783203125,0.0020969510078430176,723.5615844726562,183.5720977783203,0.001142263412475586
30,478.8285827636719,211.44027709960938,1.0,579.7182006835938,194.0098419189453,1.0,575.769287109375,180.24855041503906,1.0,578.0437622070312,210.10279846191406,0.9999998807907104,699.4573364257812,178.759521484375,1.0,695.8131103515625,154.61302185058594,1.0,641.4306030273438,181.39051818847656,1.0,698.9639892578125,166.26947021484375,1.0,769.1103515625,176.739501953125,0.9986119270324707,848.127197265625,202.50950622558594,0.8294404745101929,576.0691528320312,225.2387237548828,0.9999876618385315,560.73193359375,244.37281799316406,1.0,573.0714111328125,248.2021484375,0.9999971389770508,566.0490112304688,255.17550659179688,0.9999918937683105,556.5014038085938,254.18235778808594,0.999995231628418,549.6804809570312,246.13735961914062,0.9999992847442627,555.583984375,235.09121704101562,0.9999978542327881,591.8507080078125,164.251220703125,0.9999998807907104,592.6566772460938,156.54869079589844,0.9999995231628418,601.047607421875,149.02659606933594,0.9999905824661255,592.4645385742188,145.2036895751953,0.9999976754188538,585.19091796875,148.44406127929688,0.9999950528144836,583.2503662109375,155.81187438964844,0.9783492088317871,561.4924926757812,227.63514709472656,0.001047968864440918,676.5905151367188,136.81512451171875,0.9999991655349731,695.1696166992188,125.4644546508789,0.9999992251396179,688.7755126953125,116.13191986083984,0.9999731779098511,698.6617431640625,111.90278625488281,0.9999967813491821,707.0479736328125,117.07820892333984,0.9999997615814209,709.5283813476562,122.74152374267578,0.9999416470527649,704.2669067382812,135.4199981689453,0.8618380427360535,701.7242431640625,201.81138610839844,0.9999987483024597,718.3615112304688,194.82102966308594,0.9983739852905273,710.0525512695312,201.29196166992188,0.0009768903255462646,716.002685546875,206.8499755859375,0.015070348978042603,739.0504150390625,200.41726684570312,0.007361412048339844,740.3945922851562,191.50978088378906,0.006845444440841675,709.0645141601562,181.04380798339844,0.0015420019626617432
31,476.56182861328125,211.43594360351562,1.0,578.4861450195312,193.9886932373047,1.0,575.6187744140625,179.35845947265625,0.9999999403953552,576.0106811523438,210.00357055664062,0.9999997615814209,699.0407104492188,180.46807861328125,1.0,692.1633911132812,155.77517700195312,1.0,639.5701904296875,182.93670654296875,1.0,696.3531494140625,167.63641357421875,1.0,767.2988891601562,175.53900146484375,0.9971684217453003,844.9119262695312,202.05838012695312,0.9930475950241089,575.381591796875,224.8678741455078,0.9999859929084778,559.3053588867188,244.0775909423828,1.0,570.6350708007812,248.37257385253906,0.9999983906745911,563.4581298828125,254.9318389892578,0.9999943971633911,553.9752807617188,253.05865478515625,0.9999976754188538,548.1338500976562,245.4212188720703,0.9999998807907104,554.1875610351562,234.02674865722656,0.9999988079071045,590.702880859375,164.4228973388672,0.9999998807907104,591.9251708984375,156.1150360107422,0.9999979734420776,600.8282470703125,148.5001678466797,0.9999915361404419,592.3390502929688,144.8767547607422,0.9999966621398926,584.1478881835938,147.00489807128906,0.999992847442627,582.2048950195312,156.22161865234375,0.9763240218162537,560.4464721679688,226.01480102539062,0.0011191964149475098,673.6934204101562,139.31333923339844,0.9999986886978149,689.3154907226562,124.94473266601562,0.9999986886978149,684.0537719726562,114.78875732421875,0.9999814629554749,694.4834594726562,113.12730407714844,0.9999968409538269,701.9955444335938,118.21331787109375,0.9999971389770508,704.2313232421875,123.51631164550781,0.9991321563720703,696.91748046875,137.26388549804688,0.6928046345710754,701.6091918945312,204.19644165039062,0.9999982714653015,721.5410766601562,193.3367462158203,0.9459909200668335,710.495361328125,201.44007873535156,0.0008148849010467529,723.9055786132812,208.31886291503906,0.002840489149093628,739.9515991210938,199.79678344726562,0.006159037351608276,741.0122680664062,190.77049255371094,0.003443986177444458,708.3016357421875,180.27859497070312,0.000697791576385498
32,474.36566162109375,212.38189697265625,1.0,575.875,194.76922607421875,1.0,573.3533325195312,180.2230987548828,1.0,574.0134887695312,210.40914916992188,0.9999989867210388,697.6156616210938,181.92930603027344,1.0,688.7247314453125,157.07582092285156,1.0,637.9072875976562,183.78103637695312,1.0,694.1142578125,169.7965545654297,1.0,763.9405517578125,175.23423767089844,0.9939156770706177,844.6787719726562,202.51882934570312,0.9757211208343506,573.8196411132812,224.75303649902344,0.9999675750732422,560.1010131835938,244.30178833007812,1.0,570.1630249023438,248.26400756835938,0.9999969005584717,563.2030639648438,254.6612548828125,0.999991774559021,553.8156127929688,253.12164306640625,0.9999979734420776,547.7515258789062,245.78968811035156,0.9999998807907104,553.549072265625,234.5211639404297,0.9999988079071045,590.725341796875,164.23233032226562,0.9999998807907104,592.7671508789062,156.00059509277344,0.9999992251396179,600.6613159179688,148.85687255859375,0.9999882578849792,593.2579956054688,144.64849853515625,0.9999982714653015,586.278564453125,147.31475830078125,0.9999951124191284,583.7487182617188,154.89012145996094,0.9722743034362793,677.1412963867188,156.32077026367188,0.0008075833320617676,670.2066040039062,142.20925903320312,0.9999996423721313,684.6167602539062,126.19586181640625,0.9999995231628418,677.8591918945312,116.93331909179688,0.9999917149543762,688.080810546875,113.6075668334961,0.9999983906745911,696.6378173828125,117.45346069335938,0.999998152256012,701.9962768554688,124.80927276611328,0.9925359487533569,693.3723754882812,138.615234375,0.24861854314804077,701.4124755859375,205.10260009765625,0.999998927116394,719.47802734375,195.52639770507812,0.9486644268035889,710.5078735351562,201.0408477783203,0.0008096396923065186,723.5333251953125,207.59373474121094,0.01070338487625122,739.3522338867188,200.21807861328125,0.004118919372558594,740.8294677734375,191.11129760742188,0.002248048782348633,708.0714111328125,179.88941955566406,0.0007759332656860352
33,473.3424377441406,212.4210205078125,1.0,574.100830078125,195.5651397705078,1.0,571.9893188476562,181.16543579101562,1.0,571.8175659179688,210.58314514160156,0.9999985694885254,695.8516845703125,182.88136291503906,1.0,685.2490234375,158.46868896484375,0.9999998807907104,635.9514770507812,184.3317108154297,1.0,692.1329345703125,170.64208984375,1.0,761.5504150390625,175.7666015625,0.9968329071998596,845.8314819335938,204.45396423339844,0.9832708835601807,572.5936279296875,225.16525268554688,0.999945878982544,559.6448364257812,244.44235229492188,1.0,569.4599609375,248.51773071289062,0.999988853931427,562.5655517578125,254.70785522460938,0.9999834299087524,553.050048828125,253.041015625,0.9999983310699463,547.1991577148438,245.36181640625,0.9999997615814209,553.0487060546875,235.67816162109375,0.9999984502792358,589.2424926757812,164.75376892089844,0.9999998807907104,592.8778076171875,156.40249633789062,0.9999997019767761,601.3822631835938,149.99501037597656,0.9999608993530273,593.9752197265625,144.42178344726562,0.9999971389770508,588.14404296875,147.0148468017578,0.9999957084655762,584.9713745117188,153.47303771972656,0.9884174466133118,560.8388671875,227.28378295898438,0.0016930997371673584,667.600341796875,144.0100860595703,0.9999991059303284,680.974365234375,127.95777130126953,0.9999984502792358,672.0617065429688,118.72338104248047,0.9999502897262573,682.4736328125,114.68849182128906,0.9999969005584717,692.628173828125,118.74876403808594,0.9999964237213135,695.9989624023438,126.30281066894531,0.9984970092773438,689.2872314453125,140.12008666992188,0.5934233069419861,701.312744140625,204.99966430664062,0.9999985694885254,719.5422973632812,195.8031768798828,0.9909545183181763,711.4755859375,201.70721435546875,0.0007840096950531006,723.763916015625,207.9979705810547,0.03817284107208252,739.5978393554688,200.22071838378906,0.008822590112686157,740.864501953125,190.79708862304688,0.004313856363296509,708.8251342773438,180.58790588378906,0.00016638636589050293
34,470.01123046875,213.78675842285156,1.0,572.7785034179688,195.7311553955078,1.0,571.024169921875,181.0380096435547,1.0,570.5696411132812,210.8907012939453,0.9999990463256836,693.7420654296875,184.22840881347656,1.0,685.2245483398438,160.7877197265625,0.9999998807907104,634.0691528320312,185.0638885498047,0.9999999403953552,690.2726440429688,172.63412475585938,1.0,759.8084716796875,176.62957763671875,0.9973304867744446,845.685546875,203.15736389160156,0.9896851778030396,571.9898071289062,225.4151153564453,0.9999309778213501,559.567626953125,244.4739990234375,1.0,569.2796630859375,248.570068359375,0.9999860525131226,562.6950073242188,254.5410919189453,0.9999849796295166,552.7156372070312,252.8341827392578,0.999998927116394,546.8279418945312,245.25123596191406,0.9999997615814209,553.009033203125,235.55247497558594,0.9999963641166687,588.7564086914062,165.10733032226562,1.0,592.673828125,156.27931213378906,0.9999994039535522,601.4601440429688,150.011474609375,0.9999240636825562,594.3173217773438,143.73118591308594,0.999992311000824,589.12744140625,146.12347412109375,0.9999932050704956,585.8998413085938,151.79066467285156,0.9916070699691772,662.2726440429688,137.2047882080078,0.002513021230697632,662.9652099609375,145.03170776367188,0.9999990463256836,675.6100463867188,129.05862426757812,0.9999996423721313,665.1537475585938,120.70264434814453,0.99998939037323,676.1760864257812,117.38907623291016,0.9999997615814209,685.84912109375,120.64361572265625,0.9999971389770508,689.8161010742188,128.8054656982422,0.9998865127563477,682.7600708007812,143.654541015625,0.9885881543159485,700.3899536132812,205.28590393066406,0.9999935626983643,720.8206787109375,195.9864959716797,0.8914490938186646,710.9240112304688,201.07778930664062,0.0021578073501586914,724.7695922851562,209.11923217773438,0.0031465888023376465,740.9270629882812,199.50067138671875,0.0063440799713134766,741.3657836914062,190.71755981445312,0.0030063986778259277,656.9175415039062,123.37442779541016,0.000202864408493042
35,468.82293701171875,215.53570556640625,1.0,569.4951782226562,196.28553771972656,1.0,567.1917114257812,182.35604858398438,1.0,566.917236328125,211.6141357421875,1.0,690.5343627929688,183.6018829345703,1.0,683.02294921875,161.14569091796875,1.0,629.8779296875,185.85032653808594,0.9999998211860657,687.426513671875,172.3924102783203,1.0,758.0374145507812,175.87901306152344,0.9983423352241516,843.9757690429688,202.5751953125,0.9989598989486694,570.9972534179688,224.98597717285156,0.9999798536300659,559.6881103515625,244.00189208984375,1.0,569.8928833007812,248.5388641357422,0.9999930262565613,563.0111694335938,254.1884307861328,0.9999940395355225,553.0052490234375,252.654541015625,0.9999991059303284,547.2234497070312,245.15353393554688,0.9999998807907104,552.7066650390625,234.9536895751953,0.9999964237213135,586.15087890625,165.5360107421875,0.9999999403953552,592.3439331054688,156.02731323242188,0.9999995231628418,601.4725341796875,149.55210876464844,0.9999300837516785,593.8810424804688,143.47149658203125,0.9999953508377075,588.7012329101562,146.6208038330078,0.9999977946281433,586.0816650390625,151.94427490234375,0.9965606927871704,660.5096435546875,137.6975860595703,0.006208747625350952,660.418212890625,145.40504455566406,0.9999994039535522,672.9950561523438,129.2834930419922,0.9999995231628418,664.7135009765625,120.56865692138672,0.9999972581863403,674.8656616210938,116.88092803955078,0.9999998807907104,684.8469848632812,120.70218658447266,0.999996542930603,687.7605590820312,130.1636505126953,0.9998809695243835,680.78125,143.91729736328125,0.9717795848846436,698.6795654296875,205.42031860351562,0.9999892711639404,722.4508666992188,194.39381408691406,0.9414162635803223,710.8695068359375,201.31971740722656,0.0020033717155456543,724.9118041992188,208.50856018066406,0.007138758897781372,741.0836181640625,199.53518676757812,0.013881862163543701,741.190185546875,190.21604919433594,0.004120618104934692,654.6106567382812,123.80377960205078,0.0006155967712402344
36,466.6851806640625,216.10995483398438,1.0,568.830078125,196.1043243408203,1.0,566.4488525390625,182.1883087158203,0.9999999403953552,565.964111328125,211.6389923095703,1.0,689.0435791015625,184.0731201171875,1.0,680.8945922851562,160.98741149902344,1.0,629.525390625,186.60397338867188,0.9999998211860657,686.5911254882812,172.50697326660156,1.0,757.0519409179688,175.99888610839844,0.9978678226470947,843.0087890625,202.36976623535156,0.999111533164978,571.036865234375,225.2160186767578,0.9999837279319763,559.6834716796875,244.16680908203125,1.0,570.2378540039062,248.828857421875,0.9999970197677612,563.0573120117188,254.5206298828125,0.9999970197677612,552.867919921875,252.9004669189453,0.9999992847442627,547.2107543945312,245.49217224121094,0.9999998807907104,552.623779296875,235.1744842529297,0.9999972581863403,585.9241333007812,165.2738494873047,0.9999998807907104,592.531982421875,155.56936645507812,0.9999995827674866,601.365234375,149.13697814941406,0.9999299049377441,593.9498901367188,143.3663330078125,0.9999971389770508,588.6240844726562,146.7158203125,0.999998927116394,586.4940795898438,152.0630645751953,0.9974311590194702,664.7094116210938,152.39662170410156,0.005196958780288696,657.2205810546875,146.67713928222656,0.9999985694885254,671.1072387695312,129.9517059326172,0.9999997615814209,662.1576538085938,121.54525756835938,0.9999995827674866,672.729736328125,117.42591857910156,0.9999998807907104,683.4932250976562,120.76190948486328,0.9999982118606567,687.1239624023438,130.98460388183594,0.9999319314956665,678.5007934570312,144.0119171142578,0.9906510710716248,699.1651611328125,205.2117919921875,0.9999878406524658,719.3416748046875,195.28517150878906,0.9835208058357239,711.6376342773438,201.2688446044922,0.0007321536540985107,722.2530517578125,208.27828979492188,0.02079114317893982,740.40380859375,199.2505645751953,0.027603596448898315,740.8651733398438,190.26405334472656,0.010569125413894653,652.3724365234375,124.73414611816406,0.0006330013275146484
37,465.7829895019531,216.8880615234375,1.0,568.9520874023438,195.86480712890625,1.0,565.2168579101562,182.1405029296875,1.0,566.5237426757812,211.67930603027344,1.0,687.7734985351562,184.5169677734375,1.0,679.3689575195312,161.7063446044922,1.0,628.5797119140625,187.49082946777344,0.9999997615814209,685.3346557617188,173.08042907714844,1.0,754.11083984375,173.57778930664062,0.99932861328125,840.3363037109375,200.86488342285156,0.9989122152328491,571.770263671875,226.1347198486328,0.9999778866767883,559.5462036132812,244.18064880371094,1.0,569.8446044921875,248.94590759277344,0.9999967217445374,562.723876953125,254.49331665039062,0.9999967217445374,552.334716796875,252.94166564941406,0.9999995231628418,546.8800048828125,245.02899169921875,0.9999998807907104,553.1226806640625,234.62367248535156,0.9999974966049194,584.2630004882812,165.75039672851562,0.9999998807907104,591.5482788085938,156.16921997070312,0.999998927116394,600.8616943359375,150.1293487548828,0.9999297857284546,594.2877807617188,143.4220428466797,0.9999920129776001,588.44287109375,146.24818420410156,0.999991774559021,585.784912109375,151.94606018066406,0.9837437272071838,663.4119873046875,152.7299041748047,0.005100607872009277,656.8184814453125,147.99891662597656,0.9999990463256836,670.0755004882812,130.24461364746094,0.9999999403953552,661.3500366210938,121.63521575927734,0.9999996423721313,672.0433959960938,117.58404541015625,1.0,682.4932861328125,120.44684600830078,0.9999985694885254,687.6148681640625,129.80213928222656,0.9999697208404541,676.9047241210938,144.18942260742188,0.9958651065826416,699.4638671875,205.67156982421875,0.9999832510948181,719.8402709960938,195.95606994628906,0.9952976703643799,712.1240844726562,201.51356506347656,0.00022029876708984375,724.9567260742188,208.4105682373047,0.17244499921798706,740.2725219726562,199.84747314453125,0.0342651903629303,740.791748046875,190.39913940429688,0.01680058240890503,651.5008544921875,124.97126007080078,0.0010145306587219238
38,464.27056884765625,217.52232360839844,1.0,566.8132934570312,195.9628143310547,1.0,563.4464111328125,181.8525848388672,1.0,564.4671630859375,211.92257690429688,1.0,688.2698364257812,184.7830352783203,1.0,677.3927612304688,161.59201049804688,1.0,627.992431640625,187.36544799804688,0.9999998807907104,683.0185546875,173.1712646484375,1.0,753.4207763671875,173.42575073242188,0.9994357824325562,840.4318237304688,202.11697387695312,0.9999074339866638,571.5457153320312,225.7189178466797,0.9999755620956421,559.43505859375,243.85902404785156,1.0,570.0358276367188,248.92991638183594,0.9999974966049194,562.97216796875,254.40777587890625,0.9999974966049194,552.3464965820312,252.78196716308594,0.9999995827674866,546.7372436523438,245.00802612304688,0.9999998807907104,553.1190795898438,234.17877197265625,0.9999977946281433,584.1646118164062,165.92318725585938,0.9999998807907104,591.7662963867188,156.04977416992188,0.9999992251396179,601.045166015625,149.5862274169922,0.9999642372131348,594.1113891601562,143.8069610595703,0.9999976754188538,588.1573486328125,146.67816162109375,0.9999979734420776,586.065673828125,152.46212768554688,0.9937938451766968,661.5997924804688,152.22215270996094,0.005024820566177368,655.535400390625,147.0015411376953,0.9999992847442627,669.7185668945312,130.0397186279297,0.9999999403953552,661.0218505859375,121.59461212158203,0.9999997019767761,672.5425415039062,117.12127685546875,0.9999998807907104,682.1397094726562,120.31884765625,0.9999987483024597,687.2144165039062,129.15557861328125,0.9999064207077026,676.71484375,142.86610412597656,0.9623093605041504,699.2750854492188,205.04432678222656,0.9999647736549377,722.2800903320312,193.27008056640625,0.9910885095596313,694.2670288085938,199.44175720214844,0.00017461180686950684,725.3682250976562,208.310302734375,0.1739477515220642,740.8428955078125,199.70489501953125,0.07719609141349792,741.0803833007812,189.89942932128906,0.043886810541152954,651.4929809570312,124.7295150756836,0.0006927251815795898
39,463.943115234375,217.40554809570312,1.0,565.9190673828125,195.77317810058594,1.0,562.1181640625,181.517578125,1.0,564.100830078125,211.5898895263672,1.0,687.505859375,184.8668212890625,1.0,676.1861572265625,161.5149688720703,1.0,626.953125,187.0664825439453,0.9999998807907104,682.166015625,173.0213165283203,1.0,753.2813720703125,173.14559936523438,0.9993375539779663,839.3115844726562,200.14561462402344,0.9999545216560364,572.0556030273438,226.09530639648438,0.9999721050262451,559.3751220703125,243.6577911376953,1.0,569.5711059570312,248.93106079101562,0.9999976754188538,562.8034057617188,254.22622680664062,0.9999980330467224,552.1729736328125,252.88250732421875,0.9999996423721313,546.6632080078125,244.5404510498047,0.9999998211860657,553.5205688476562,233.234130859375,0.9999951124191284,583.3867797851562,165.61700439453125,0.9999998807907104,591.6322631835938,155.54579162597656,0.9999991655349731,600.9075317382812,149.01986694335938,0.9999735355377197,594.279052734375,143.4411163330078,0.9999979734420776,588.0753784179688,146.40560913085938,0.9999977350234985,585.8168334960938,152.32447814941406,0.9933278560638428,660.878662109375,154.7122802734375,0.004387110471725464,654.7017822265625,146.41029357910156,0.999999463558197,669.6846923828125,130.09181213378906,0.9999998807907104,661.040771484375,121.38199615478516,0.9999996423721313,673.0515747070312,116.90838623046875,0.9999999403953552,682.688232421875,120.19303894042969,0.9999991655349731,685.7965698242188,129.94326782226562,0.9998701214790344,676.6165771484375,142.3960418701172,0.8792778849601746,698.7919921875,204.6190185546875,0.9999850988388062,720.3253173828125,195.48040771484375,0.9968074560165405,722.0939331054688,212.1991729736328,0.00017878413200378418,723.333740234375,207.81996154785156,0.4172811806201935,740.4011840820312,199.90504455566406,0.09931680560112,740.4860229492188,189.85972595214844,0.09024477005004883,651.322509765625,124.81149291992188,0.0003623664379119873
40,462.7560729980469,217.37991333007812,0.9999998807907104,564.4976196289062,196.12339782714844,1.0,560.6717529296875,181.98500061035156,1.0,562.865966796875,211.84909057617188,1.0,687.2070922851562,184.31021118164062,1.0,675.398681640625,161.49859619140625,1.0,626.0955200195312,187.3553924560547,0.9999998211860657,681.6575927734375,172.72299194335938,1.0,752.69091796875,172.53453063964844,0.9994817972183228,837.5284423828125,199.52899169921875,0.9999881982803345,571.4459838867188,225.89410400390625,0.9999690055847168,559.7167358398438,243.77943420410156,1.0,569.599365234375,248.90380859375,0.9999971389770508,562.7081909179688,254.12033081054688,0.9999982118606567,552.636962890625,252.75961303710938,0.9999995827674866,546.7744750976562,244.44302368164062,0.9999997615814209,553.2586059570312,232.968505859375,0.9999943971633911,582.8343505859375,165.65928649902344,1.0,591.6513061523438,155.5075225830078,0.999998927116394,600.7852783203125,149.0495147705078,0.9999354481697083,594.2362670898438,143.46141052246094,0.9999951124191284,588.4436645507812,146.19827270507812,0.9999970197677612,585.9392700195312,152.12132263183594,0.9948093891143799,660.3060302734375,154.1615753173828,0.002721846103668213,654.0693969726562,146.78977966308594,0.9999995827674866,669.4193115234375,130.10931396484375,0.9999998807907104,660.653564453125,121.71775817871094,0.9999997615814209,672.6571655273438,116.97535705566406,0.9999998807907104,681.7135620117188,120.11920928955078,0.9999986886978149,686.6226196289062,128.93296813964844,0.9997967481613159,675.8004150390625,142.44656372070312,0.7584638595581055,698.464599609375,204.3619842529297,0.9999817609786987,719.218505859375,195.11471557617188,0.9969903230667114,694.6041870117188,199.75074768066406,0.00019493699073791504,722.624755859375,207.36660766601562,0.20453763008117676,739.7015380859375,199.8781280517578,0.0805838406085968,739.7715454101562,190.05551147460938,0.08842068910598755,651.1424560546875,125.42786407470703,0.00030681490898132324
41,461.5906677246094,218.6901092529297,0.9999998807907104,563.6461791992188,196.2544708251953,1.0,558.8412475585938,181.8426513671875,0.9999998807907104,562.134765625,211.8809814453125,1.0,686.21875,184.51507568359375,1.0,674.5299072265625,161.48651123046875,1.0,625.2382202148438,187.67559814453125,0.9999998211860657,681.4406127929688,172.8677520751953,1.0,751.804443359375,171.73358154296875,0.9995079636573792,836.0454711914062,198.8389129638672,0.9999885559082031,571.4593505859375,225.48959350585938,0.9999661445617676,559.3026123046875,242.8216552734375,1.0,569.9188842773438,248.33621215820312,0.9999958276748657,562.9114990234375,253.60670471191406,0.9999983310699463,552.8602905273438,252.4614715576172,0.9999996423721313,546.8759765625,244.20286560058594,0.9999998807907104,553.34521484375,232.2091064453125,0.9999865293502808,582.175537109375,165.6688995361328,1.0,591.8838500976562,155.74200439453125,0.9999985694885254,600.756591796875,148.90362548828125,0.9999338388442993,593.8892822265625,143.76449584960938,0.9999966025352478,588.3151245117188,146.5206298828125,0.9999979734420776,585.9097900390625,152.31884765625,0.9949434399604797,659.7650146484375,154.00973510742188,0.0028465986251831055,653.7403564453125,147.0455322265625,0.9999997019767761,669.2269287109375,130.3119659423828,0.9999998807907104,660.585205078125,121.76396942138672,0.9999997615814209,672.442626953125,117.15586853027344,0.9999998807907104,681.6268310546875,120.05122375488281,0.9999989867210388,686.4437255859375,128.65921020507812,0.9997906684875488,676.9651489257812,141.51882934570312,0.6125302910804749,698.771728515625,204.13662719726562,0.9999805688858032,721.0184936523438,195.05758666992188,0.9977152943611145,595.2614135742188,161.38131713867188,0.00011101365089416504,725.95556640625,207.0142822265625,0.34119439125061035,740.4310302734375,199.76014709472656,0.12857872247695923,740.7590942382812,189.93260192871094,0.13966864347457886,651.129638671875,125.54865264892578,0.0002836883068084717
42,461.2000732421875,218.66493225097656,0.9999998807907104,562.2598876953125,196.97557067871094,1.0,557.4089965820312,182.24708557128906,0.9999998807907104,561.146728515625,212.1721649169922,1.0,685.7112426757812,184.23350524902344,1.0,673.5286865234375,160.4698028564453,1.0,624.4876708984375,187.94326782226562,0.9999997019767761,680.5370483398438,172.41485595703125,1.0,751.7034912109375,171.13560485839844,0.9995672702789307,835.5120849609375,197.40736389160156,0.9999972581863403,570.3943481445312,225.33554077148438,0.9999537467956543,559.19921875,242.7821502685547,1.0,569.72314453125,248.2678680419922,0.9999970197677612,563.03564453125,253.37631225585938,0.9999986886978149,553.3726196289062,252.5854034423828,0.9999994039535522,547.2421875,244.77874755859375,0.9999997615814209,553.0906982421875,232.6973876953125,0.9999798536300659,582.2692260742188,165.72679138183594,0.9999998807907104,592.1497192382812,155.74217224121094,0.9999983310699463,601.2598266601562,148.58984375,0.9999548196792603,594.1030883789062,143.80125427246094,0.9999980926513672,588.5811767578125,146.56080627441406,0.9999990463256836,586.1358642578125,152.43663024902344,0.9983425140380859,659.0004272460938,153.6060791015625,0.0026585757732391357,652.5797729492188,146.86851501464844,0.9999997019767761,668.7521362304688,130.36538696289062,0.9999999403953552,660.9785766601562,121.30777740478516,0.9999997019767761,673.1597900390625,116.89295196533203,1.0,682.2029418945312,120.2590560913086,0.9999994039535522,686.3736572265625,128.602294921875,0.9997910857200623,677.2191772460938,141.23704528808594,0.3559938967227936,699.5363159179688,204.12405395507812,0.9999929666519165,720.7384033203125,195.12567138671875,0.9982479810714722,722.5022583007812,212.2686004638672,0.0001728832721710205,725.0528564453125,199.91522216796875,0.09170421957969666,739.3343505859375,200.4060821533203,0.0525381863117218,739.5170288085938,190.4125518798828,0.05654981732368469,727.25927734375,179.56033325195312,0.00031998753547668457
43,460.5372314453125,219.26840209960938,0.9999998807907104,562.264404296875,196.56163024902344,1.0,557.2915649414062,181.52947998046875,0.9999998807907104,561.3193359375,212.0968780517578,1.0,684.6907958984375,183.55714416503906,1.0,672.707275390625,160.81353759765625,1.0,624.1817016601562,187.70489501953125,0.9999996423721313,679.3700561523438,171.8928680419922,1.0,750.8645629882812,170.5341339111328,0.9997962713241577,833.6920166015625,195.0668182373047,0.9999980926513672,571.1256103515625,225.56141662597656,0.9999303817749023,559.22705078125,242.78590393066406,1.0,570.1248168945312,248.2293701171875,0.9999974370002747,563.2628784179688,253.5328369140625,0.9999985098838806,553.22998046875,252.59629821777344,0.9999994039535522,546.9779663085938,244.7895050048828,0.9999997615814209,553.197509765625,232.6278076171875,0.9999867677688599,581.668212890625,165.82357788085938,1.0,592.011474609375,156.1360321044922,0.9999983906745911,600.8753051757812,149.18035888671875,0.9999154210090637,593.875,144.23094177246094,0.9999948143959045,588.9520263671875,146.69271850585938,0.9999972581863403,586.3028564453125,152.40281677246094,0.9958558082580566,658.5107421875,153.9541778564453,0.0018222033977508545,652.1116943359375,146.7190704345703,0.9999996423721313,668.5708618164062,130.72705078125,0.9999998807907104,661.1710205078125,121.60104370117188,0.9999996423721313,672.9786987304688,117.41958618164062,1.0,682.0797119140625,120.60181427001953,0.9999991655349731,686.0863647460938,129.01419067382812,0.9998311996459961,676.5659790039062,141.7769012451172,0.3917800188064575,698.668701171875,203.80274963378906,0.999992847442627,720.212890625,193.86065673828125,0.9987462162971497,595.2719116210938,162.16415405273438,0.00020310282707214355,724.7606811523438,199.81137084960938,0.08484968543052673,735.7806396484375,202.1484832763672,0.036022841930389404,738.2386474609375,190.19882202148438,0.034758567810058594,727.5653686523438,179.80288696289062,0.000528484582901001
44,459.6140441894531,219.1974334716797,0.9999998807907104,562.5138549804688,196.8841552734375,1.0,558.2164306640625,181.801513671875,1.0,561.31298828125,212.18382263183594,0.9999998807907104,683.7312622070312,183.78880310058594,1.0,671.6701049804688,160.9042510986328,1.0,624.0772094726562,187.04833984375,0.9999997615814209,678.1221313476562,172.17526245117188,1.0,749.6776733398438,169.9352569580078,0.9996688365936279,832.6018676757812,192.81272888183594,0.9999881982803345,571.0265502929688,226.01895141601562,0.9999492168426514,559.2135620117188,243.3045654296875,1.0,570.17236328125,248.5452423095703,0.9999967813491821,562.4439697265625,253.6310577392578,0.9999982714653015,552.7611083984375,252.49038696289062,0.999999463558197,546.9118041992188,244.66993713378906,0.9999997615814209,553.4141845703125,233.279052734375,0.9999929666519165,582.2874755859375,165.76234436035156,1.0,592.2747802734375,155.99325561523438,0.9999985694885254,600.7755126953125,148.56063842773438,0.999839186668396,593.8723754882812,144.50454711914062,0.9999706745147705,589.595947265625,146.81361389160156,0.9999836683273315,587.4517822265625,152.2730712890625,0.9617550373077393,657.6475219726562,154.63604736328125,0.0014023184776306152,650.9085693359375,146.72593688964844,0.9999996423721313,668.1359252929688,131.0736083984375,0.9999999403953552,660.8994750976562,121.469482421875,0.9999997615814209,672.927490234375,117.24411010742188,1.0,681.970458984375,120.4414291381836,0.9999995231628418,686.280517578125,128.55592346191406,0.9997419118881226,677.6385498046875,142.99093627929688,0.35782092809677124,697.113525390625,203.39366149902344,0.9998431205749512,720.7597045898438,191.13861083984375,0.9963359236717224,595.91259765625,161.88111877441406,0.00014767050743103027,724.1251220703125,198.74395751953125,0.35684213042259216,735.314208984375,200.55319213867188,0.251394659280777,737.5819091796875,189.50184631347656,0.04836389422416687,727.2974853515625,179.4354248046875,0.0004151463508605957
45,458.9831848144531,219.29359436035156,0.9999998807907104,563.1609497070312,196.78829956054688,1.0,558.3154907226562,181.59799194335938,1.0,562.0032958984375,212.46221923828125,1.0,683.3958129882812,183.58631896972656,1.0,671.2100830078125,160.84811401367188,1.0,624.553955078125,187.3109588623047,0.9999996423721313,677.8615112304688,172.44772338867188,1.0,748.1441040039062,169.21151733398438,0.9997650384902954,832.0678100585938,188.94113159179688,0.9999626278877258,570.8989868164062,225.9493865966797,0.9999579191207886,559.204345703125,243.81182861328125,1.0,570.01904296875,248.57772827148438,0.9999961853027344,563.0110473632812,253.7902069091797,0.9999982714653015,553.2269287109375,253.02427673339844,0.9999994039535522,547.0253295898438,245.3887176513672,0.9999997615814209,553.4752197265625,233.3318634033203,0.9999961853027344,582.1923828125,164.8916778564453,1.0,592.7653198242188,154.6669921875,0.9999988079071045,601.4229736328125,147.06236267089844,0.9999629855155945,594.427734375,142.52052307128906,0.9999966621398926,589.4921264648438,145.11363220214844,0.9999964237213135,587.0997924804688,150.59808349609375,0.995439887046814,657.2398071289062,154.42335510253906,0.0012670159339904785,650.673828125,146.7423095703125,0.9999997019767761,668.2529296875,131.19996643066406,0.9999999403953552,660.981689453125,121.64751434326172,0.9999996423721313,673.3665771484375,117.2555923461914,0.9999998807907104,682.3953247070312,120.88744354248047,0.9999992847442627,686.3936767578125,129.1339874267578,0.9997493028640747,677.789306640625,143.0784912109375,0.26693880558013916,700.1234741210938,200.5571746826172,0.9951015710830688,722.1781005859375,190.6250762939453,0.99609375,595.5810546875,160.9314422607422,0.00033485889434814453,725.5563354492188,198.2240447998047,0.6043190360069275,735.8158569335938,199.88088989257812,0.32639646530151367,738.3010864257812,189.59788513183594,0.050210386514663696,728.1416015625,179.08200073242188,0.0006047189235687256
46,458.48675537109375,219.5062255859375,0.9999998807907104,562.1602172851562,196.8074951171875,1.0,556.9088745117188,182.08547973632812,1.0,561.8479614257812,212.7931671142578,0.9999998807907104,682.66455078125,183.6103057861328,1.0,670.1970825195312,161.10696411132812,1.0,622.3544311523438,187.6912384033203,0.9999997615814209,676.6785888671875,172.39768981933594,1.0,747.3926391601562,169.10797119140625,0.9997042417526245,830.4813842773438,188.53347778320312,0.9999790191650391,570.5247802734375,226.30345153808594,0.9999643564224243,559.2890625,243.90589904785156,1.0,570.3897705078125,248.56736755371094,0.9999945163726807,563.54736328125,254.04331970214844,0.9999978542327881,553.4729614257812,253.58433532714844,0.9999994039535522,547.158935546875,245.9333038330078,0.9999997615814209,553.2623901367188,233.73301696777344,0.9999960660934448,579.1293334960938,164.93109130859375,1.0,587.4968872070312,156.44009399414062,0.9998323917388916,596.4141235351562,151.14996337890625,0.9927830696105957,589.9915161132812,143.73944091796875,0.9964172840118408,584.1017456054688,145.8383026123047,0.9987489581108093,581.1552124023438,150.5362091064453,0.3083568811416626,656.2635498046875,153.83908081054688,0.0009552538394927979,649.4784545898438,146.54888916015625,0.9999996423721313,667.8263549804688,131.14170837402344,1.0,660.4591674804688,121.52852630615234,0.9999997019767761,672.9524536132812,117.16259765625,1.0,682.0847778320312,120.69155883789062,0.9999994039535522,686.3279418945312,128.69029235839844,0.9997742176055908,677.57373046875,142.90821838378906,0.34721726179122925,699.7857666015625,199.3251953125,0.980495810508728,721.5758056640625,190.68516540527344,0.9862096309661865,694.7274169921875,196.0586395263672,0.00037911534309387207,725.0781860351562,196.2366485595703,0.25959330797195435,734.299072265625,198.90269470214844,0.06710690259933472,736.8173828125,185.47239685058594,0.005289316177368164,727.5897827148438,178.33180236816406,0.00015333294868469238
47,457.8651428222656,219.663818359375,0.9999998211860657,560.7000122070312,197.14781188964844,1.0,554.0381469726562,182.1591339111328,1.0,560.7727661132812,212.76318359375,1.0,682.0445556640625,183.45556640625,1.0,669.3431396484375,161.05523681640625,1.0,620.8556518554688,187.69439697265625,0.9999998211860657,675.7549438476562,172.39898681640625,1.0,745.2083740234375,168.6571807861328,0.9997734427452087,830.0457763671875,186.9632110595703,0.9999541640281677,569.0769653320312,226.3881072998047,0.999980092048645,559.2453002929688,243.48263549804688,1.0,570.6761474609375,248.18353271484375,0.9999942183494568,563.9510498046875,253.9972686767578,0.9999979734420776,553.62744140625,253.63766479492188,0.9999990463256836,546.999267578125,245.876953125,0.9999997615814209,553.0108642578125,233.381591796875,0.9999963045120239,574.4013061523438,164.4847869873047,1.0,581.9818115234375,154.0409393310547,0.9999164938926697,591.9254150390625,146.4441375732422,0.9924740791320801,585.2630004882812,141.6565399169922,0.9957847595214844,578.6983642578125,143.32786560058594,0.9966685771942139,574.6558837890625,148.95791625976562,0.059221088886260986,656.119873046875,153.3630828857422,0.0012129545211791992,649.2833251953125,145.87782287597656,0.9999992251396179,667.8775634765625,131.0874481201172,0.9999998807907104,660.4689331054688,121.86644744873047,0.9999995827674866,672.8136596679688,117.0485610961914,0.9999998807907104,682.1703491210938,120.3994140625,0.9999994039535522,684.9105224609375,128.04434204101562,0.9996338486671448,677.248291015625,143.21621704101562,0.2680680751800537,699.3182983398438,199.5572967529297,0.9804775714874268,721.0047607421875,190.3008270263672,0.9907673597335815,694.8616333007812,195.77859497070312,0.00024169683456420898,724.0435180664062,196.54299926757812,0.2944408059120178,733.5947265625,199.23207092285156,0.16546836495399475,736.295166015625,185.427734375,0.008985459804534912,727.69482421875,178.56704711914062,0.0002173781394958496
48,457.6310729980469,219.8963623046875,0.9999998807907104,559.4609375,197.29330444335938,1.0,552.9533081054688,182.38258361816406,1.0,559.12744140625,213.31874084472656,0.9999998807907104,681.808349609375,183.52911376953125,1.0,669.12451171875,161.06321716308594,1.0,619.4390258789062,188.22113037109375,0.9999996423721313,675.3842163085938,172.44638061523438,1.0,744.8900146484375,168.744873046875,0.9998571276664734,830.8123779296875,185.2681121826172,0.9999614357948303,568.16845703125,226.39059448242188,0.9999913573265076,559.5652465820312,243.52764892578125,1.0,571.0086669921875,247.8126220703125,0.9999950528144836,564.4890747070312,253.9127655029297,0.9999983906745911,554.7282104492188,253.9503173828125,0.9999980926513672,547.291259765625,246.39443969726562,0.9999996423721313,552.5535888671875,233.94969177246094,0.9999979734420776,566.6024169921875,163.09552001953125,0.9999998807907104,568.948974609375,157.0345916748047,0.9918771982192993,577.0549926757812,152.3097686767578,0.06115105748176575,572.3785400390625,143.26805114746094,0.012158095836639404,565.3265991210938,144.84246826171875,0.09883376955986023,654.1647338867188,119.58517456054688,0.02366507053375244,656.43701171875,153.03384399414062,0.001214534044265747,650.8377685546875,145.55128479003906,0.9999989867210388,667.8975219726562,131.0316925048828,0.9999998807907104,660.47509765625,121.6585693359375,0.9999995231628418,672.5655517578125,117.09929656982422,0.9999998807907104,681.7249145507812,120.43939208984375,0.9999994039535522,685.9732055664062,128.986328125,0.9997531175613403,677.54150390625,143.0558319091797,0.21550974249839783,698.52734375,201.34486389160156,0.9006720781326294,720.8978881835938,190.9385528564453,0.9623541831970215,694.4098510742188,195.42047119140625,0.00022414326667785645,724.2925415039062,196.49191284179688,0.10815069079399109,733.2945556640625,199.62167358398438,0.057177454233169556,736.6115112304688,186.03753662109375,0.0067940354347229,649.9625854492188,123.14109802246094,0.00014919042587280273
49,457.0595703125,220.01840209960938,0.9999999403953552,557.8391723632812,198.11166381835938,1.0,550.8737182617188,183.11349487304688,1.0,559.1226806640625,213.5694122314453,0.9999997615814209,681.0387573242188,183.16810607910156,1.0,668.2437133789062,161.25286865234375,1.0,618.634521484375,187.2764129638672,0.9999995231628418,674.3721923828125,172.3141326904297,1.0,745.3499145507812,169.2431640625,0.9996694326400757,831.6259155273438,183.84967041015625,0.9999039769172668,567.6906127929688,226.68275451660156,0.9999955296516418,559.407470703125,243.24044799804688,1.0,570.6564331054688,247.46913146972656,0.9999929666519165,564.2322387695312,253.58705139160156,0.9999984502792358,554.2639770507812,253.53138732910156,0.9999982118606567,547.0269165039062,245.933349609375,0.9999996423721313,552.447021484375,233.4041290283203,0.9999976754188538,563.5575561523438,163.62962341308594,1.0,563.3455200195312,155.31893920898438,0.9996339082717896,570.802734375,149.22828674316406,0.7064169645309448,564.2213745117188,144.0577850341797,0.807524561882019,559.378173828125,146.00791931152344,0.7896687388420105,551.681884765625,153.75953674316406,0.09395945072174072,549.71728515625,160.64352416992188,0.001097559928894043,650.6204833984375,145.11294555664062,0.9999985694885254,668.021240234375,131.39907836914062,0.9999998807907104,660.4771118164062,121.782470703125,0.9999995231628418,672.5625,117.17691802978516,0.9999998807907104,681.7929077148438,120.36275482177734,0.9999995231628418,686.0811767578125,129.01669311523438,0.9998980164527893,676.3555908203125,141.46633911132812,0.3419504165649414,696.8323364257812,198.56771850585938,0.8506841659545898,720.3903198242188,191.08395385742188,0.9613022208213806,695.1259765625,195.30377197265625,0.0001792609691619873,724.050537109375,196.65626525878906,0.13237068057060242,732.7582397460938,199.80380249023438,0.06151077151298523,736.4327392578125,186.28355407714844,0.0038566887378692627,650.3121337890625,123.0635986328125,0.0001838207244873047
50,457.21722412109375,220.47030639648438,0.9999998807907104,557.3271484375,198.4293212890625,1.0,550.3177490234375,183.28370666503906,1.0,557.7564086914062,213.46571350097656,0.9999997615814209,680.1414184570312,182.80850219726562,1.0,667.613037109375,160.9923095703125,1.0,618.7752685546875,186.87142944335938,0.9999997615814209,673.5621948242188,172.02955627441406,1.0,744.5311889648438,168.72479248046875,0.9997439384460449,831.1516723632812,182.74261474609375,0.9999443292617798,568.002685546875,226.93505859375,0.9999940395355225,559.5462646484375,243.87123107910156,1.0,570.8861083984375,247.88885498046875,0.9999912977218628,564.56396484375,254.1671905517578,0.9999972581863403,554.3966674804688,254.18797302246094,0.9999973773956299,547.0553588867188,246.14321899414062,0.9999996423721313,552.5752563476562,234.19581604003906,0.999998927116394,560.92626953125,164.35374450683594,0.9999998807907104,560.380859375,153.77915954589844,0.9999239444732666,568.6112060546875,148.2802734375,0.9954948425292969,562.0400390625,142.75146484375,0.9986767768859863,555.4259033203125,144.49774169921875,0.982333779335022,551.2250366210938,151.5040283203125,0.3389946222305298,653.56103515625,150.96353149414062,0.000804513692855835,650.3932495117188,144.98243713378906,0.9999986290931702,668.0203247070312,131.34017944335938,0.9999998807907104,660.298828125,121.67020416259766,0.999999463558197,672.9191284179688,117.04955291748047,0.9999998807907104,681.9712524414062,120.37019348144531,0.9999996423721313,686.1475219726562,128.9496307373047,0.9999189972877502,676.8401489257812,141.12794494628906,0.33527642488479614,697.9296264648438,199.36770629882812,0.9180536270141602,720.5223388671875,190.85498046875,0.9628808498382568,694.9888305664062,194.82003784179688,0.00012874603271484375,724.2045288085938,196.74050903320312,0.173049658536911,732.839111328125,199.8836212158203,0.06714445352554321,736.054443359375,185.85325622558594,0.0038534700870513916,650.06982421875,123.16802978515625,0.00018206238746643066
51,456.5181884765625,220.8126983642578,1.0,557.65771484375,199.51893615722656,0.9999998807907104,550.2886962890625,184.0022735595703,0.9999998211860657,557.9654541015625,214.3004913330078,0.9999997019767761,679.40869140625,183.06443786621094,0.9999999403953552,667.16162109375,161.48687744140625,1.0,619.0006713867188,187.07711791992188,0.9999997019767761,673.0077514648438,172.35641479492188,1.0,744.0357055664062,168.7895965576172,0.9998642802238464,830.987060546875,182.02951049804688,0.999984085559845,568.0144653320312,227.54229736328125,0.9999940395355225,559.90869140625,243.49404907226562,1.0,571.3257446289062,247.18560791015625,0.9999920129776001,565.1159057617188,254.03457641601562,0.9999972581863403,554.6351318359375,254.1862335205078,0.9999971389770508,547.1211547851562,246.0996551513672,0.9999996423721313,552.3638305664062,233.74575805664062,0.999998927116394,557.4906005859375,165.6219024658203,0.9999994039535522,550.5260620117188,158.92442321777344,0.9999395608901978,558.1362915039062,151.3272247314453,0.7816011905670166,548.697265625,147.3184814453125,0.9224692583084106,544.630859375,149.39320373535156,0.9539790153503418,543.14111328125,155.07809448242188,0.09859782457351685,546.5415649414062,160.6851043701172,0.0022686123847961426,649.3773803710938,145.09149169921875,0.9999990463256836,668.0377197265625,131.20388793945312,0.9999998807907104,659.9319458007812,121.80500030517578,0.9999993443489075,673.0818481445312,116.78177642822266,0.9999998807907104,681.8189697265625,120.24646759033203,0.9999997019767761,686.1538696289062,128.5571746826172,0.9999145269393921,677.591064453125,140.62623596191406,0.31358230113983154,697.4408569335938,199.30088806152344,0.9701060652732849,720.4073486328125,191.02590942382812,0.9671956896781921,696.0557250976562,195.05714416503906,0.0001576840877532959,724.2839965820312,198.00303649902344,0.18189167976379395,733.1873779296875,200.3281707763672,0.08758202195167542,735.850830078125,185.94358825683594,0.008995264768600464,726.808349609375,178.74789428710938,0.0001938343048095703
52,456.47259521484375,221.23980712890625,1.0,557.2482299804688,199.7097625732422,1.0,549.2891235351562,184.55628967285156,0.9999998211860657,558.153076171875,214.38619995117188,0.9999997019767761,678.5923461914062,183.1385040283203,0.9999998807907104,666.7151489257812,161.4700164794922,1.0,618.4058837890625,187.1426239013672,0.9999996423721313,672.2857666015625,172.51121520996094,0.9999998807907104,744.5757446289062,169.37408447265625,0.9998345375061035,831.0985107421875,182.11236572265625,0.9999773502349854,567.2254638671875,226.88113403320312,0.9999957084655762,560.3020629882812,243.1178741455078,1.0,571.916748046875,246.79188537597656,0.9999920129776001,565.8993530273438,253.8753204345703,0.9999986886978149,555.2884521484375,254.3240966796875,0.9999983310699463,547.81298828125,246.44802856445312,0.9999995827674866,552.1596069335938,233.63377380371094,0.9999984502792358,554.977294921875,165.66192626953125,0.9999994039535522,545.06787109375,157.6902618408203,0.9999975562095642,550.56005859375,148.32662963867188,0.9999673366546631,544.5534057617188,144.83106994628906,0.999983012676239,536.830322265625,148.70635986328125,0.9999229907989502,537.3717651367188,155.88429260253906,0.9850620031356812,544.1099853515625,161.93051147460938,0.03715622425079346,648.3560791015625,144.35325622558594,0.999998927116394,668.114501953125,131.13674926757812,0.9999999403953552,659.8200073242188,121.8048324584961,0.9999992847442627,672.7213134765625,116.82189178466797,0.9999998807907104,681.58837890625,120.2100830078125,0.9999996423721313,686.0025634765625,128.45602416992188,0.9999003410339355,677.36474609375,140.6561737060547,0.2929117977619171,696.9451904296875,198.73304748535156,0.9380331039428711,720.67041015625,191.51190185546875,0.9075483083724976,695.5345458984375,194.4779052734375,9.02712345123291e-05,724.392333984375,198.06971740722656,0.04980382323265076,733.1450805664062,200.6197967529297,0.02132156491279602,736.3084106445312,186.52919006347656,0.005070298910140991,650.232177734375,123.10507202148438,0.0001575946807861328
53,455.7951965332031,221.60101318359375,1.0,556.6052856445312,200.22023010253906,0.9999999403953552,548.4635620117188,186.01133728027344,0.9999998807907104,557.51806640625,214.74014282226562,0.9999997019767761,678.3187866210938,183.15951538085938,0.9999998807907104,666.5669555664062,160.8316650390625,1.0,617.6696166992188,186.82281494140625,0.9999992847442627,672.0438842773438,172.51405334472656,0.9999999403953552,744.2193603515625,169.1038818359375,0.9998964071273804,829.1851196289062,181.61907958984375,0.9999924302101135,566.425537109375,226.92762756347656,0.9999967217445374,560.5340576171875,242.8426513671875,1.0,572.2285766601562,246.62933349609375,0.9999898672103882,566.0421142578125,253.72625732421875,0.9999980926513672,555.4183349609375,254.43936157226562,0.9999980330467224,547.9266967773438,246.4346466064453,0.999999463558197,551.87451171875,233.67068481445312,0.9999971389770508,552.0665893554688,166.2565460205078,0.9999998807907104,538.5963134765625,161.1805419921875,0.9999746084213257,545.2507934570312,154.1926727294922,0.95852130651474,539.4105834960938,149.3971710205078,0.9632512331008911,532.1444091796875,152.4674072265625,0.9165246486663818,532.1371459960938,159.75885009765625,0.4157833456993103,534.2890014648438,165.28982543945312,0.06230062246322632,649.5801391601562,144.77706909179688,0.9999982118606567,668.2783813476562,131.3693084716797,0.9999998807907104,659.6920776367188,122.39253234863281,0.9999994039535522,672.0369262695312,116.91169738769531,0.9999998211860657,681.5226440429688,120.11225891113281,0.9999995231628418,686.1109619140625,128.56314086914062,0.9998906850814819,676.56201171875,141.285888671875,0.2519543766975403,696.90283203125,198.91082763671875,0.9699710011482239,720.8125,191.27418518066406,0.8085159659385681,615.5144653320312,189.8231201171875,5.888938903808594e-05,724.8656616210938,197.59288024902344,0.011734306812286377,733.5823974609375,199.59751892089844,0.004308134317398071,736.2471923828125,186.59878540039062,0.00562208890914917,650.5657958984375,126.06913757324219,0.00022718310356140137
54,455.50433349609375,221.91232299804688,1.0,556.3676147460938,199.4279022216797,1.0,546.3135375976562,184.48171997070312,0.9999997615814209,557.6066284179688,214.1633758544922,0.9999998211860657,678.2214965820312,183.6393585205078,1.0,666.0966796875,161.8902587890625,1.0,617.9857788085938,186.64857482910156,0.9999995827674866,671.7203979492188,172.89837646484375,0.9999998807907104,744.1482543945312,168.24937438964844,0.9999269247055054,828.7365112304688,179.89198303222656,0.9999983310699463,567.0863647460938,226.4002685546875,0.9999964237213135,560.298583984375,243.00704956054688,1.0,572.414794921875,247.24281311035156,0.9999896287918091,566.2767944335938,253.2910614013672,0.999997615814209,555.6373291015625,254.13626098632812,0.9999978542327881,547.8060913085938,246.18296813964844,0.9999996423721313,551.7317504882812,233.01251220703125,0.999998927116394,544.0234375,165.3329315185547,0.9999998807907104,525.374755859375,163.70303344726562,1.0,529.6663208007812,154.69577026367188,0.9999616146087646,522.6354370117188,153.32504272460938,0.9999985098838806,515.999267578125,158.21282958984375,0.9999924898147583,517.216064453125,165.77865600585938,0.9997185468673706,523.4267578125,170.81752014160156,0.9982211589813232,649.303955078125,144.39341735839844,0.9999991655349731,668.1947021484375,131.63734436035156,0.9999998807907104,659.06201171875,122.7574234008789,0.9999995231628418,671.64794921875,116.88777923583984,0.9999998807907104,681.3453369140625,119.89510345458984,0.9999995827674866,686.0901489257812,128.3302001953125,0.999909520149231,676.406982421875,141.8205108642578,0.4386973977088928,696.8919677734375,198.35752868652344,0.99608314037323,717.9118041992188,188.935302734375,0.8006342649459839,720.89794921875,182.3561553955078,5.4776668548583984e-05,724.224853515625,196.3260498046875,0.03488847613334656,731.7034301757812,198.2625732421875,0.022818952798843384,735.965576171875,185.54132080078125,0.008537352085113525,650.0923461914062,126.4290542602539,0.0002796649932861328
55,455.28924560546875,222.08554077148438,1.0,554.5343627929688,199.8362579345703,0.9999999403953552,543.1129760742188,184.4638214111328,0.9999990463256836,556.0851440429688,214.1192169189453,0.9999998807907104,676.673095703125,183.10618591308594,0.9999998807907104,665.585205078125,161.30934143066406,1.0,615.6863403320312,186.9080352783203,0.9999995231628418,670.9190063476562,172.19052124023438,0.9999996423721313,741.9102172851562,167.01181030273438,0.9999792575836182,829.109375,180.05572509765625,0.9999983906745911,566.7078247070312,226.11045837402344,0.9999966025352478,560.8798828125,242.47174072265625,1.0,572.92578125,246.7626953125,0.9999940395355225,566.7144775390625,253.0551300048828,0.9999982118606567,556.1747436523438,254.21751403808594,0.9999983310699463,548.0018310546875,246.47454833984375,0.9999995231628418,551.2893676757812,232.94650268554688,0.9999989867210388,538.426025390625,164.8449249267578,0.9999999403953552,515.1461791992188,163.1229248046875,1.0,520.7098388671875,155.14247131347656,0.9999806880950928,513.683837890625,153.65919494628906,0.9999974966049194,504.7502746582031,157.74424743652344,0.9999977350234985,505.88525390625,166.39918518066406,0.9999939203262329,514.76318359375,172.7137908935547,0.9999849796295166,648.4629516601562,143.7611083984375,0.9999996423721313,668.3922119140625,131.56253051757812,0.9999998807907104,658.5188598632812,123.2061767578125,0.9999994039535522,671.2727661132812,116.57432556152344,0.9999997615814209,681.0028686523438,119.38550567626953,0.9999995231628418,686.205810546875,127.81202697753906,0.9998650550842285,676.453857421875,141.72230529785156,0.46645569801330566,694.68017578125,198.2471160888672,0.9978455305099487,715.82861328125,188.00717163085938,0.8746595978736877,721.4075317382812,182.51808166503906,7.572770118713379e-05,723.9954223632812,195.59347534179688,0.0094984769821167,730.1888427734375,197.21514892578125,0.011089801788330078,729.910888671875,178.33322143554688,0.006836444139480591,649.6778564453125,126.92498016357422,0.0003463327884674072
56,453.8204040527344,222.95445251464844,1.0,553.5608520507812,199.89393615722656,1.0,541.9183959960938,185.2369842529297,0.9999983310699463,555.205078125,214.5351104736328,0.9999998807907104,675.614990234375,182.7780303955078,0.9999998807907104,664.7449340820312,161.13023376464844,1.0,614.1906127929688,186.8411407470703,0.9999998807907104,670.1304931640625,171.86013793945312,0.9999997019767761,741.111328125,166.93226623535156,0.9999866485595703,829.641357421875,179.27767944335938,0.9999973773956299,566.0839233398438,226.05856323242188,0.9999983310699463,560.8524169921875,242.58349609375,1.0,573.1497802734375,246.26705932617188,0.9999959468841553,567.1752319335938,252.71014404296875,0.9999978542327881,556.6064453125,254.42950439453125,0.9999979734420776,548.0995483398438,246.79698181152344,0.9999994039535522,551.190673828125,233.46978759765625,0.9999982118606567,534.2508544921875,166.14830017089844,0.9999999403953552,510.22943115234375,165.74078369140625,1.0,515.0733032226562,155.09124755859375,0.9999899864196777,506.345703125,154.5106201171875,0.999998927116394,499.7455139160156,158.66928100585938,0.9999996423721313,500.15985107421875,169.3612823486328,0.9999984502792358,510.4372253417969,176.11849975585938,0.9999929666519165,647.8572387695312,143.96583557128906,0.9999990463256836,668.1383666992188,131.5504150390625,0.9999997615814209,658.098876953125,123.83189392089844,0.9999978542327881,671.123291015625,117.39913940429688,0.9999994039535522,680.6900634765625,119.65784454345703,0.9999994039535522,685.953125,127.6070327758789,0.999876081943512,676.1602783203125,141.92201232910156,0.3071986436843872,693.9638061523438,198.05735778808594,0.9964646100997925,714.55908203125,187.82342529296875,0.8602976202964783,721.61865234375,182.091552734375,5.2809715270996094e-05,725.8709106445312,182.6104278564453,0.002444148063659668,728.3851928710938,196.64471435546875,0.005011796951293945,729.3328857421875,178.107666015625,0.003924369812011719,649.3399047851562,128.04254150390625,0.00039577484130859375
57,453.6629638671875,223.3509521484375,1.0,551.8504638671875,199.60704040527344,1.0,541.4007568359375,183.51051330566406,0.9999934434890747,554.349853515625,214.79412841796875,0.9999998807907104,674.84765625,181.77293395996094,0.9999999403953552,663.5689697265625,159.37713623046875,1.0,612.6910400390625,186.81698608398438,1.0,669.0086669921875,170.89906311035156,0.9999997615814209,740.49462890625,166.53939819335938,0.9999815821647644,829.7476806640625,178.2496795654297,0.9999929666519165,565.1802368164062,225.4394989013672,0.999998927116394,560.9963989257812,243.14044189453125,1.0,573.11279296875,246.36941528320312,0.9999951124191284,567.5435791015625,252.9463653564453,0.9999969601631165,557.140380859375,255.00767517089844,0.9999969601631165,548.36865234375,247.5876922607422,0.9999990463256836,550.9392700195312,234.39393615722656,0.9999990463256836,529.6151123046875,166.83103942871094,0.9999999403953552,506.55377197265625,166.33021545410156,1.0,511.71649169921875,156.8992156982422,0.9999849796295166,503.9847717285156,155.4673614501953,0.9999988079071045,495.0564270019531,162.21115112304688,0.9999998807907104,497.9862060546875,173.0862579345703,0.9999997615814209,508.1969299316406,177.23989868164062,0.9999950528144836,646.48681640625,141.55621337890625,0.9999997615814209,667.5591430664062,131.36582946777344,0.9999998807907104,658.0039672851562,123.51553344726562,0.9999990463256836,671.0972900390625,116.8232192993164,0.9999996423721313,680.5631103515625,119.10267639160156,0.9999995231628418,685.8956298828125,127.001708984375,0.999854326248169,676.061767578125,141.08303833007812,0.20178818702697754,693.6378784179688,195.7943572998047,0.9431241750717163,714.1494140625,187.5308380126953,0.667353093624115,721.73876953125,181.9915313720703,4.214048385620117e-05,726.033935546875,181.97268676757812,0.0015184879302978516,727.8395385742188,196.6464385986328,0.0056975483894348145,729.537353515625,177.87252807617188,0.004002034664154053,648.6034545898438,127.88971710205078,0.00036787986755371094
58,451.5052795410156,224.23196411132812,1.0,550.211669921875,199.17034912109375,1.0,538.8648681640625,182.84793090820312,0.9999912977218628,553.9573974609375,215.1223602294922,0.9999998807907104,673.41748046875,181.42410278320312,0.9999997615814209,662.4564819335938,158.93264770507812,1.0,611.6231079101562,186.2176971435547,0.9999998807907104,667.8132934570312,170.7174530029297,0.9999996423721313,739.037841796875,165.9069061279297,0.9999872446060181,830.3110961914062,178.30038452148438,0.9999885559082031,565.2245483398438,225.42501831054688,0.9999988079071045,561.3353271484375,243.0623321533203,1.0,573.8140869140625,246.03875732421875,0.9999954700469971,568.2802124023438,252.9652099609375,0.999997615814209,557.5344848632812,255.32508850097656,0.9999973177909851,548.74658203125,248.18548583984375,0.9999986886978149,550.7448120117188,234.6778564453125,0.999998927116394,525.2012329101562,167.6953887939453,0.999998927116394,501.4676513671875,167.81568908691406,1.0,507.3020324707031,159.20571899414062,0.9999850988388062,499.0501403808594,157.8441925048828,0.9999983310699463,491.6881408691406,164.15451049804688,0.9999998807907104,492.041015625,173.69415283203125,0.9999954700469971,501.1182556152344,178.191162109375,0.9999963641166687,646.0881958007812,140.98687744140625,0.9999997615814209,667.9616088867188,131.21792602539062,0.9999998211860657,658.0435791015625,123.8028335571289,0.9999985694885254,670.9591064453125,116.6026840209961,0.999999463558197,680.4612426757812,118.84762573242188,0.9999995231628418,686.3796997070312,126.33665466308594,0.9998554587364197,676.673583984375,140.69102478027344,0.22598707675933838,691.8239135742188,195.6819610595703,0.958611249923706,711.0610961914062,187.2713623046875,0.06756550073623657,558.6534423828125,244.04811096191406,6.592273712158203e-05,726.7025756835938,181.039306640625,0.00029966235160827637,728.907958984375,181.30026245117188,0.000743478536605835,728.721923828125,177.8361358642578,0.0012588202953338623,648.4405517578125,128.1607208251953,0.00048464536666870117
59,450.01031494140625,224.7370147705078,1.0,549.7997436523438,199.4046630859375,1.0,538.892578125,183.24642944335938,0.9999806880950928,553.7317504882812,215.5802764892578,0.9999998807907104,672.5490112304688,181.61477661132812,0.9999995827674866,661.3399658203125,158.36679077148438,1.0,610.9691772460938,185.94342041015625,0.9999998807907104,666.0662841796875,169.90631103515625,0.9999996423721313,737.9903564453125,164.9695281982422,0.9999909400939941,829.2073974609375,177.99761962890625,0.9999900460243225,563.8936157226562,225.1874237060547,0.9999991655349731,561.1686401367188,243.2312469482422,1.0,573.6276245117188,245.92886352539062,0.9999963045120239,568.2631225585938,253.10293579101562,0.9999977350234985,557.5407104492188,255.43698120117188,0.9999968409538269,548.7101440429688,248.5870361328125,0.9999980926513672,550.4483642578125,235.3115692138672,0.9999988079071045,523.5087890625,169.1073760986328,0.999991774559021,499.1865539550781,170.0623016357422,1.0,504.50634765625,160.24343872070312,0.9999953508377075,497.14666748046875,161.35861206054688,0.9999990463256836,489.0810852050781,167.27725219726562,0.9999997615814209,491.5204162597656,177.84678649902344,0.9999986886978149,500.49151611328125,179.83824157714844,0.9999940991401672,645.5978393554688,140.46554565429688,0.9999997615814209,667.837646484375,130.8926239013672,0.9999997615814209,657.9365234375,123.7387466430664,0.9999983310699463,670.384521484375,116.43126678466797,0.999999463558197,680.103759765625,118.42571258544922,0.9999994039535522,686.5236206054688,125.72762298583984,0.9998219013214111,676.5104370117188,140.1341552734375,0.352433443069458,689.1825561523438,192.54861450195312,0.8376212120056152,707.8731079101562,186.03573608398438,0.016863524913787842,558.5800170898438,244.5139923095703,7.545948028564453e-05,726.6925048828125,181.1207733154297,0.0001551508903503418,572.4286499023438,254.78323364257812,0.000997304916381836,728.8016967773438,177.81175231933594,0.000828176736831665,648.4775390625,128.28945922851562,0.0006295442581176758
60,448.24908447265625,225.5690460205078,1.0,548.2603149414062,199.66542053222656,1.0,537.9525146484375,183.8582305908203,0.9999872446060181,552.083251953125,215.1737518310547,0.9999998807907104,669.9285278320312,181.2779541015625,0.9999996423721313,659.884033203125,157.87973022460938,1.0,610.1505126953125,186.13108825683594,0.9999997615814209,664.9443359375,169.57545471191406,0.9999997615814209,736.7430419921875,164.19107055664062,0.9999948740005493,829.657470703125,177.47906494140625,0.9999774694442749,562.2720336914062,224.71759033203125,0.9999986290931702,561.4054565429688,243.3759002685547,1.0,574.5073852539062,245.4575653076172,0.9999915957450867,569.4680786132812,253.046875,0.9999912977218628,558.7147216796875,256.052734375,0.9999881386756897,549.59033203125,249.33627319335938,0.999984622001648,551.1197509765625,236.25213623046875,0.9999951124191284,523.8287963867188,169.794677734375,0.9999948143959045,498.662109375,170.25953674316406,1.0,504.3782653808594,160.49891662597656,0.9999971389770508,496.61602783203125,161.1696319580078,0.9999992251396179,488.1258239746094,167.27186584472656,0.9999996423721313,490.82879638671875,177.84043884277344,0.999998927116394,500.3387451171875,180.23219299316406,0.9999974966049194,645.1683349609375,139.31451416015625,0.9999996423721313,668.4777221679688,130.33160400390625,0.9999996423721313,658.86669921875,123.4586410522461,0.9999988079071045,670.7775268554688,115.78042602539062,0.9999992847442627,680.2464599609375,118.10819244384766,0.9999990463256836,686.6858520507812,125.38816833496094,0.9998124241828918,675.8043823242188,139.5247344970703,0.3606627583503723,686.8071899414062,195.08055114746094,0.4932924807071686,706.6845092773438,186.1070098876953,0.0024633705615997314,559.8526611328125,244.30642700195312,0.00010588765144348145,553.9607543945312,257.845458984375,8.723139762878418e-05,573.2069702148438,255.2277069091797,0.00351792573928833,729.1183471679688,177.85528564453125,0.000666499137878418,648.2223510742188,127.73664855957031,0.000488966703414917
61,446.8016052246094,225.8411407470703,1.0,547.0870971679688,200.21554565429688,0.9999998807907104,536.24560546875,184.97039794921875,0.9999916553497314,551.067626953125,215.47181701660156,0.9999998807907104,667.7655639648438,180.7657928466797,0.9999995827674866,657.4822998046875,157.4261016845703,1.0,608.8071899414062,185.66615295410156,0.9999995827674866,663.1114501953125,168.95553588867188,0.9999999403953552,735.7979736328125,163.92567443847656,0.9999953508377075,828.6215209960938,177.6005401611328,0.999994158744812,561.109619140625,224.61643981933594,0.9999978542327881,561.7395629882812,243.54832458496094,1.0,574.5826416015625,245.5919952392578,0.9999868869781494,569.5504760742188,253.3435516357422,0.9999838471412659,558.8731079101562,256.5998840332031,0.9999821186065674,549.1503295898438,249.6976318359375,0.9999697208404541,550.9576416015625,237.0332489013672,0.9999788999557495,523.2922973632812,169.8147430419922,0.9999984502792358,499.0046081542969,170.8241424560547,0.9999998807907104,504.75335693359375,161.2645263671875,0.9999902248382568,497.2503967285156,161.65554809570312,0.9999990463256836,488.58660888671875,166.86082458496094,0.9999997615814209,491.285888671875,177.46363830566406,0.9999971389770508,500.66705322265625,180.53753662109375,0.9999820590019226,643.6325073242188,137.80035400390625,0.9999996423721313,668.2415771484375,130.21322631835938,0.9999997615814209,659.1747436523438,122.73260498046875,0.9999986290931702,670.9005737304688,115.66360473632812,0.9999996423721313,680.0849609375,118.06173706054688,0.9999995231628418,686.2008666992188,125.1611099243164,0.9998784065246582,674.9498291015625,138.64849853515625,0.35140013694763184,685.7197875976562,195.01376342773438,0.42418408393859863,704.3623657226562,185.18899536132812,0.0018675029277801514,674.1165161132812,178.47723388671875,0.00010067224502563477,554.2294311523438,258.08746337890625,0.00010180473327636719,573.1181640625,255.40814208984375,0.0035029947757720947,728.674072265625,177.65823364257812,0.0006843209266662598,647.9736938476562,127.98249053955078,0.0003446638584136963
62,444.91278076171875,226.0888214111328,1.0,545.0872192382812,201.60272216796875,0.9999999403953552,534.4271240234375,186.2604522705078,0.9999978542327881,549.5751342773438,216.45179748535156,1.0,666.1129760742188,179.30282592773438,0.9999992251396179,654.748291015625,156.42263793945312,1.0,607.4347534179688,185.71694946289062,0.9999994039535522,659.8388671875,167.8438720703125,1.0,734.764892578125,163.0887451171875,0.999995231628418,823.91552734375,175.70785522460938,0.9999978542327881,559.9596557617188,225.50636291503906,0.9999971389770508,561.1520385742188,243.87725830078125,1.0,574.3746337890625,245.7650604248047,0.9999644756317139,569.2800903320312,253.185791015625,0.9999359846115112,558.8434448242188,256.8080139160156,0.999955415725708,549.193603515625,249.84884643554688,0.9999382495880127,551.0035400390625,237.6976776123047,0.9999343156814575,521.933349609375,170.1937713623047,0.9999991655349731,497.9312744140625,170.29257202148438,0.9999998807907104,503.8497619628906,161.32752990722656,0.9999932050704956,496.4402160644531,161.32142639160156,0.9999989867210388,487.8077697753906,166.01329040527344,0.9999996423721313,490.3128967285156,176.63587951660156,0.9999958872795105,499.7180480957031,180.04920959472656,0.9999818205833435,643.3600463867188,137.09454345703125,0.9999995231628418,667.9105834960938,129.85670471191406,0.9999997615814209,659.5616455078125,122.4990463256836,0.9999964237213135,670.8311157226562,115.92671203613281,0.9999996423721313,679.406005859375,117.91351318359375,0.9999995827674866,685.9983520507812,124.63447570800781,0.9998729228973389,675.9114990234375,137.5572509765625,0.39278101921081543,686.8079223632812,190.72894287109375,0.46538108587265015,701.9639892578125,184.54786682128906,0.014043033123016357,599.09423828125,190.30169677734375,0.00013822317123413086,705.6873168945312,196.01373291015625,0.0001614987850189209,572.9050903320312,255.9107666015625,0.0038004815578460693,727.979248046875,178.0537567138672,0.0005897581577301025,647.7582397460938,128.0296630859375,0.0003409385681152344
63,443.0846252441406,225.7817840576172,1.0,541.9424438476562,203.38291931152344,1.0,531.17822265625,188.2281036376953,0.9999991655349731,546.8134155273438,217.42001342773438,1.0,662.9540405273438,178.86688232421875,0.9999997615814209,653.380615234375,156.86184692382812,1.0,603.7193603515625,185.66549682617188,0.9999992847442627,657.4642944335938,168.06512451171875,0.9999998807907104,732.8753662109375,162.34066772460938,0.999992311000824,821.9466552734375,172.29061889648438,0.9999905228614807,559.1475219726562,225.065185546875,0.9999980330467224,561.5482177734375,243.25485229492188,1.0,574.500244140625,245.74337768554688,0.9999717473983765,569.4806518554688,252.85389709472656,0.9999377131462097,559.1395263671875,256.7970886230469,0.9999567270278931,549.2330322265625,250.5977783203125,0.9999439120292664,550.400390625,237.7405548095703,0.999948263168335,521.0380249023438,169.90225219726562,0.9999997615814209,497.5571594238281,170.70455932617188,1.0,503.80206298828125,161.4873046875,0.9999947547912598,496.48248291015625,161.2943572998047,0.9999991655349731,487.58892822265625,165.6838836669922,0.9999997019767761,490.29351806640625,176.66246032714844,0.999995231628418,499.5410461425781,180.1502685546875,0.9999672174453735,642.4171752929688,135.9239959716797,0.9999992847442627,667.9368286132812,129.60003662109375,0.9999995231628418,659.78466796875,122.42382049560547,0.9999904036521912,670.7340698242188,116.1114730834961,0.9999994039535522,679.0145874023438,117.9726791381836,0.9999992847442627,685.9093627929688,124.23397827148438,0.9997628927230835,674.6060180664062,137.48141479492188,0.28470468521118164,682.7265014648438,194.57662963867188,0.1314617097377777,701.52978515625,184.8670196533203,0.005472391843795776,562.2899169921875,243.1768798828125,0.00022813677787780762,711.3111572265625,181.96031188964844,0.0002974569797515869,572.9421997070312,255.8642120361328,0.004279196262359619,728.9375,178.04476928710938,0.0012774467468261719,647.661376953125,127.744873046875,0.00039261579513549805
64,440.3628845214844,226.02882385253906,1.0,540.1884765625,203.72250366210938,1.0,529.43310546875,189.45736694335938,0.999998927116394,544.8829956054688,218.04444885253906,0.9999998807907104,661.7311401367188,178.86778259277344,0.9999998807907104,651.4734497070312,157.25376892089844,1.0,601.1275634765625,185.83883666992188,0.9999964237213135,656.155517578125,168.31556701660156,0.9999998211860657,729.2003173828125,162.07679748535156,0.9999963045120239,818.6552124023438,167.703125,0.9999954700469971,557.1332397460938,225.5951690673828,0.9999992847442627,561.3527221679688,243.04029846191406,1.0,574.8471069335938,244.7626495361328,0.9999871253967285,570.3502807617188,252.29635620117188,0.9999479055404663,559.8470458984375,256.56231689453125,0.9999270439147949,549.5698852539062,250.9344482421875,0.9999064207077026,550.0945434570312,238.88746643066406,0.9998992681503296,520.7699584960938,169.76303100585938,0.9999996423721313,497.029052734375,171.12237548828125,0.9999998807907104,503.2817687988281,161.84095764160156,0.9999815821647644,496.60015869140625,161.48358154296875,0.9999986886978149,487.46832275390625,165.3505401611328,0.9999985694885254,490.0574035644531,176.52679443359375,0.9999802112579346,499.2281799316406,180.3844757080078,0.9997172355651855,640.9926147460938,133.86703491210938,0.9999997615814209,666.9692993164062,129.24220275878906,0.9999992847442627,660.3297729492188,122.08946990966797,0.999992847442627,670.8054809570312,116.44145965576172,0.999999463558197,678.3583374023438,117.94263458251953,0.9999992847442627,685.2507934570312,123.40858459472656,0.9995449781417847,673.11328125,137.40185546875,0.5939393043518066,678.7775268554688,190.9314422607422,0.6504679322242737,698.0932006835938,185.25775146484375,0.004273653030395508,561.6199951171875,243.52610778808594,0.0006029605865478516,555.7357788085938,257.909912109375,0.0003056824207305908,573.6212768554688,255.0760955810547,0.021725565195083618,729.9016723632812,178.50807189941406,0.0018104612827301025,647.9818115234375,123.51254272460938,0.0001519322395324707
65,438.5624084472656,227.80154418945312,1.0,539.5528564453125,204.4587860107422,0.9999999403953552,527.9856567382812,189.9439697265625,0.9999973773956299,544.6773071289062,219.1263427734375,0.9999999403953552,661.6640625,179.64944458007812,1.0,650.7166137695312,157.95436096191406,0.9999998807907104,599.02880859375,185.81832885742188,0.9999967217445374,655.8587646484375,168.54734802246094,0.9999999403953552,725.77001953125,159.30801391601562,0.9999929666519165,814.8263549804688,161.60025024414062,0.9999884963035583,556.7676391601562,226.18423461914062,0.9999996423721313,561.1497192382812,243.23977661132812,1.0,574.404541015625,244.77769470214844,0.9999864101409912,570.6723022460938,252.26565551757812,0.9999092221260071,560.7388916015625,255.04945373535156,0.9998350143432617,549.5833740234375,251.72821044921875,0.9998703002929688,549.5376586914062,239.3572235107422,0.999981164932251,520.7894287109375,169.88064575195312,0.9999995827674866,497.0755310058594,171.30589294433594,0.9999998807907104,503.14495849609375,162.0059356689453,0.9999796152114868,496.53375244140625,161.64979553222656,0.9999989867210388,487.1257019042969,165.41940307617188,0.9999985694885254,489.579345703125,176.602783203125,0.9999812841415405,499.1080322265625,180.9752197265625,0.9997239112854004,640.969970703125,133.75039672851562,0.9999997615814209,667.01806640625,128.91732788085938,0.9999990463256836,660.3040771484375,122.96234893798828,0.999985933303833,670.5232543945312,116.39014434814453,0.9999991655349731,678.0267944335938,117.58035278320312,0.9999990463256836,685.088134765625,122.28642272949219,0.9995024800300598,672.8793334960938,137.1282196044922,0.7577319145202637,677.0849609375,193.56005859375,0.9992276430130005,695.431640625,188.92938232421875,0.2366514801979065,561.1923828125,244.03280639648438,0.0008258819580078125,710.5980224609375,184.81698608398438,0.0002219080924987793,573.8289794921875,255.19207763671875,0.024884849786758423,729.3145141601562,179.01914978027344,0.0028801262378692627,647.8823852539062,123.3005599975586,0.0001361370086669922
66,437.0210876464844,228.77256774902344,1.0,538.0863037109375,205.34982299804688,0.9999998807907104,526.1289672851562,190.58351135253906,0.999995231628418,543.0396118164062,220.0579833984375,0.9999996423721313,658.5900268554688,180.56362915039062,1.0,648.6407470703125,158.05935668945312,1.0,597.228515625,186.74783325195312,0.9999990463256836,653.4513549804688,168.62840270996094,0.9999998807907104,724.1752319335938,158.40858459472656,0.9999980926513672,811.3670654296875,155.9521026611328,0.9999986886978149,556.4622192382812,226.92140197753906,0.9999996423721313,561.5797119140625,243.31089782714844,1.0,575.0372314453125,244.74229431152344,0.9999970197677612,570.9963989257812,252.65011596679688,0.9999697208404541,561.004150390625,255.08682250976562,0.9999349117279053,549.816162109375,251.67971801757812,0.9999463558197021,549.0897216796875,239.93214416503906,0.9999958872795105,519.3311767578125,169.51467895507812,0.9999998211860657,496.4756774902344,170.88681030273438,0.9999998807907104,502.82373046875,161.7626190185547,0.9999960064888,495.6650085449219,161.20791625976562,0.9999997019767761,487.4927978515625,165.05751037597656,0.9999995827674866,488.2256164550781,176.7252655029297,0.9999940395355225,498.1681823730469,180.78623962402344,0.9999464750289917,640.5013427734375,133.47677612304688,0.9999997019767761,666.7806396484375,129.06063842773438,0.9999986886978149,660.138916015625,122.8846664428711,0.9999882578849792,670.77197265625,116.52267456054688,0.9999992847442627,678.1654663085938,117.7784194946289,0.9999991655349731,684.8232421875,122.96388244628906,0.9997518062591553,672.8640747070312,137.15008544921875,0.6875734925270081,675.9085083007812,196.50759887695312,0.9988183975219727,694.1720581054688,188.96115112304688,0.3766475319862366,561.6458129882812,245.05621337890625,0.0015083849430084229,702.34716796875,205.59848022460938,0.0001716315746307373,574.4122314453125,255.34231567382812,0.011722356081008911,728.604248046875,179.50401306152344,0.0014557242393493652,647.54638671875,123.4820327758789,0.00011357665061950684
67,435.4486083984375,229.45108032226562,1.0,536.2876586914062,205.76382446289062,0.9999997615814209,524.6239013671875,191.0570831298828,0.9999961853027344,542.4664306640625,221.42784118652344,0.999999463558197,655.9082641601562,180.26048278808594,0.9999999403953552,647.4910278320312,157.6319122314453,1.0,595.1433715820312,185.93374633789062,0.9999995231628418,650.8466796875,168.22845458984375,0.9999998807907104,723.5416870117188,157.6127166748047,0.9999986886978149,808.6524658203125,152.8226776123047,0.9999992251396179,555.5786743164062,227.7469940185547,0.9999997019767761,561.6660766601562,243.01614379882812,1.0,574.7625122070312,244.7563934326172,0.9999979734420776,571.1160888671875,252.31768798828125,0.9999598264694214,561.7322998046875,254.64352416992188,0.9998815655708313,550.4293212890625,251.65582275390625,0.9999200105667114,549.2604370117188,240.2655029296875,0.9999918937683105,519.145263671875,169.74493408203125,0.9999998211860657,496.2539978027344,170.46139526367188,0.9999999403953552,502.87518310546875,161.8333740234375,0.9999960660934448,495.4444885253906,161.16542053222656,0.9999997019767761,487.27423095703125,164.97695922851562,0.9999997019767761,488.3328857421875,176.85011291503906,0.9999946355819702,497.8166809082031,180.72772216796875,0.9999417066574097,640.47314453125,133.72882080078125,0.9999997615814209,666.7677612304688,128.82765197753906,0.9999985098838806,661.3434448242188,122.18425750732422,0.9999843835830688,670.7825317382812,116.73758697509766,0.9999990463256836,677.9326171875,117.93458557128906,0.9999985694885254,684.5087280273438,122.94937896728516,0.9993248581886292,672.136474609375,137.08961486816406,0.6488497257232666,670.6575927734375,198.2941131591797,0.9953303337097168,685.4185791015625,190.7340850830078,0.11737146973609924,561.9358520507812,245.558349609375,0.0007607042789459229,557.9456176757812,257.9293518066406,6.86347484588623e-05,574.6259155273438,254.9656524658203,0.004149645566940308,667.0596313476562,115.71843719482422,0.0006999671459197998,647.61083984375,123.53535461425781,0.0001398622989654541
68,432.422119140625,230.84042358398438,1.0,533.652099609375,206.85548400878906,0.9999995231628418,522.3414306640625,193.4341583251953,0.9999992847442627,540.3497314453125,222.7337188720703,0.9999997019767761,654.7476196289062,180.14395141601562,0.9999998807907104,646.3057861328125,157.87745666503906,1.0,593.5225830078125,185.6078643798828,0.999999463558197,649.5807495117188,168.10916137695312,0.9999999403953552,721.5673217773438,156.63975524902344,0.9999978542327881,807.5015258789062,149.8554229736328,1.0,553.7208251953125,228.60760498046875,0.9999997615814209,561.5127563476562,242.40225219726562,1.0,574.1483154296875,244.38925170898438,0.9999991655349731,571.0264892578125,251.83352661132812,0.999982476234436,561.669921875,256.3467712402344,0.9999487996101379,550.5281982421875,251.5404510498047,0.9999316334724426,548.8493041992188,240.58018493652344,0.9999789595603943,517.4287719726562,170.5523681640625,0.9999998211860657,495.64697265625,170.78196716308594,0.9999998211860657,502.72735595703125,162.34344482421875,0.9999960064888,495.3024597167969,161.4714813232422,0.9999996423721313,487.1355895996094,165.17352294921875,0.9999995231628418,487.8011169433594,176.4723663330078,0.9999927878379822,496.4305725097656,180.43943786621094,0.9998775720596313,640.8245239257812,133.9558563232422,0.9999996423721313,666.3397216796875,128.9279327392578,0.9999989867210388,661.47412109375,122.1092300415039,0.9999862909317017,670.947265625,116.93663787841797,0.9999989867210388,678.2310180664062,118.13377380371094,0.9999982118606567,685.1356811523438,123.6101303100586,0.9987478256225586,671.4139404296875,137.432861328125,0.46110618114471436,667.9890747070312,197.90232849121094,0.9987582564353943,684.05517578125,190.1947021484375,0.01275014877319336,561.6824340820312,245.23211669921875,0.0008077919483184814,730.556396484375,180.90126037597656,0.00013107061386108398,574.6860961914062,254.2009735107422,0.0032412707805633545,728.8050537109375,178.36199951171875,0.0010104775428771973,648.1820678710938,127.71739196777344,0.00011801719665527344
69,431.552978515625,231.4580841064453,1.0,530.957275390625,207.16990661621094,0.9999997615814209,519.4761352539062,193.77427673339844,0.9999992847442627,536.9718627929688,222.83154296875,0.9999997019767761,652.2606201171875,179.56764221191406,0.9999999403953552,645.0142822265625,157.52789306640625,1.0,590.1893920898438,185.32212829589844,0.9999994039535522,648.4327392578125,167.89205932617188,1.0,720.45947265625,156.07391357421875,0.9999984502792358,803.851806640625,147.9305419921875,1.0,551.6847534179688,229.28799438476562,0.9999996423721313,560.9619750976562,242.28480529785156,1.0,573.9105834960938,244.68148803710938,0.9999996423721313,570.5478515625,252.02243041992188,0.9999908804893494,561.2772827148438,255.98150634765625,0.9999425411224365,550.86669921875,251.53712463378906,0.9998781681060791,548.9512939453125,242.05966186523438,0.9998183250427246,517.1336059570312,171.13633728027344,0.9999998807907104,495.72247314453125,170.883544921875,0.9999998807907104,502.9363708496094,162.35948181152344,0.9999967813491821,495.2550048828125,161.54640197753906,0.9999997019767761,487.2530822753906,165.3439178466797,0.9999996423721313,488.11602783203125,176.48512268066406,0.9999950528144836,496.4585266113281,180.59332275390625,0.9998965859413147,640.8456420898438,133.56576538085938,0.9999995827674866,666.0050659179688,129.17945861816406,0.9999988079071045,661.5169677734375,122.373291015625,0.9999803304672241,670.6390380859375,117.19666290283203,0.9999986886978149,678.100341796875,118.01113891601562,0.9999967813491821,685.182861328125,123.20948028564453,0.9958711862564087,671.1372680664062,137.34130859375,0.4425695240497589,664.8458862304688,197.7667236328125,0.9983059167861938,680.4136352539062,190.87667846679688,0.005538821220397949,561.7068481445312,245.5072021484375,0.0005269050598144531,730.8049926757812,181.0591583251953,0.00018075108528137207,574.3987426757812,253.89224243164062,0.002768903970718384,728.49853515625,178.53939819335938,0.0012350976467132568,648.006591796875,128.02255249023438,0.00012475252151489258
70,430.27349853515625,231.13339233398438,1.0,529.9310302734375,206.88916015625,0.9999997615814209,517.9688720703125,193.9457244873047,0.9999995231628418,536.0386352539062,222.8743133544922,0.9999996423721313,649.5598754882812,179.70945739746094,1.0,643.0978393554688,157.503173828125,1.0,588.4168701171875,185.026611328125,0.9999996423721313,646.4506225585938,167.81275939941406,1.0,717.966552734375,156.3389892578125,0.9999966621398926,800.571044921875,145.52072143554688,1.0,551.2105712890625,229.2928009033203,0.999999463558197,560.51611328125,242.34423828125,1.0,573.49609375,244.23117065429688,0.9999991655349731,570.51416015625,251.4059295654297,0.9999729990959167,561.3555297851562,256.0428771972656,0.9998977184295654,550.6637573242188,251.860595703125,0.9997844696044922,548.3296508789062,242.81752014160156,0.9998260736465454,516.7566528320312,171.15548706054688,0.9999999403953552,495.8908386230469,170.6110076904297,0.9999998807907104,502.91192626953125,162.65740966796875,0.9999942779541016,495.50421142578125,161.9488983154297,0.9999995231628418,487.5106506347656,165.6714324951172,0.9999992847442627,488.6160888671875,176.3928985595703,0.9999874234199524,496.58782958984375,179.87977600097656,0.999570369720459,640.7205200195312,133.11395263671875,0.9999998211860657,665.7869873046875,129.15753173828125,0.9999986886978149,661.9619750976562,122.14860534667969,0.9999739527702332,670.9583740234375,116.9051513671875,0.9999982118606567,678.447509765625,117.71363830566406,0.9999946355819702,685.8673706054688,122.88035583496094,0.9921697974205017,670.6461181640625,137.0912322998047,0.471329003572464,661.7919921875,197.6259002685547,0.9977715015411377,674.0894165039062,192.38327026367188,0.0021744370460510254,561.4486694335938,245.23011779785156,0.0006254911422729492,731.2783813476562,180.11874389648438,0.000594019889831543,574.3099975585938,253.56961059570312,0.003300607204437256,729.2344970703125,178.5383758544922,0.001318216323852539,648.2883911132812,127.40279388427734,9.042024612426758e-05
71,429.0235290527344,232.01544189453125,1.0,528.4856567382812,207.1566925048828,0.9999997615814209,517.1727294921875,193.98239135742188,0.9999996423721313,535.845703125,222.37847900390625,0.9999997615814209,648.4597778320312,180.37193298339844,1.0,641.0650024414062,157.9921112060547,1.0,586.0612182617188,185.17007446289062,0.9999992847442627,644.6337280273438,167.9777069091797,1.0,716.5621948242188,156.74314880371094,0.9999967813491821,799.3350219726562,143.14498901367188,0.9999995231628418,550.8468627929688,229.87644958496094,0.9999994039535522,561.5774536132812,242.57089233398438,1.0,573.19287109375,244.3186798095703,0.9999988079071045,569.9631958007812,251.30845642089844,0.9999423027038574,561.1083374023438,256.1214599609375,0.9998156428337097,550.5218505859375,251.9757080078125,0.9996277093887329,547.96826171875,242.57427978515625,0.9997310042381287,515.9486694335938,171.15980529785156,0.9999999403953552,495.714599609375,170.44326782226562,0.9999998211860657,502.6562805175781,162.53988647460938,0.9999967813491821,495.0388488769531,161.8512725830078,0.9999996423721313,486.95263671875,165.96795654296875,0.9999995231628418,488.495849609375,176.85092163085938,0.999993622303009,496.6650695800781,179.94537353515625,0.9998283982276917,639.719482421875,132.987060546875,0.9999996423721313,664.8489990234375,129.7049560546875,0.9999986886978149,661.6450805664062,122.51124572753906,0.9999558925628662,670.659912109375,117.3038558959961,0.9999983310699463,677.9913330078125,117.85272216796875,0.9999939203262329,685.1422729492188,123.19556427001953,0.989599347114563,670.3362426757812,137.48220825195312,0.4565778374671936,659.3095092773438,197.67520141601562,0.9933411478996277,672.478759765625,193.29177856445312,0.0004570186138153076,561.5418090820312,244.83448791503906,0.0003337264060974121,731.421142578125,179.4998016357422,0.0001837313175201416,574.2534790039062,253.47633361816406,0.0025034844875335693,583.6578369140625,243.6682586669922,0.0007160604000091553,582.1747436523438,232.71324157714844,7.68899917602539e-05
72,427.2328796386719,232.24981689453125,0.9999998807907104,527.3848266601562,207.1583709716797,0.9999997615814209,515.9942016601562,193.885009765625,0.9999999403953552,534.9426879882812,222.35545349121094,1.0,646.5841064453125,181.63388061523438,1.0,640.0925903320312,158.34951782226562,1.0,585.0221557617188,185.25399780273438,0.9999992847442627,642.9906005859375,168.69309997558594,1.0,713.7850341796875,155.7789306640625,0.9999971985816956,795.5689086914062,141.3152313232422,0.9999988675117493,550.3776245117188,229.86688232421875,0.9999996423721313,561.3896484375,242.28323364257812,1.0,572.64697265625,244.26068115234375,0.9999974966049194,569.3863525390625,251.06236267089844,0.9999384880065918,560.6397094726562,255.90806579589844,0.9998184442520142,550.2028198242188,251.72547912597656,0.9994916319847107,547.9256591796875,242.21688842773438,0.9981069564819336,515.46630859375,171.39137268066406,0.9999999403953552,495.5879211425781,170.85385131835938,0.9999998807907104,502.4478454589844,162.94224548339844,0.9999947547912598,495.2664794921875,162.39002990722656,0.9999995231628418,487.1872253417969,166.05393981933594,0.9999991655349731,488.7581787109375,176.54261779785156,0.9999850988388062,496.5924987792969,179.7681884765625,0.9993435144424438,639.4306640625,133.01712036132812,0.9999997615814209,664.5606689453125,129.74423217773438,0.9999990463256836,661.3907470703125,122.32475280761719,0.9999396800994873,670.4550170898438,116.98330688476562,0.9999979734420776,678.1320190429688,117.59638214111328,0.9999939203262329,685.6250610351562,122.47547912597656,0.9909448027610779,670.458740234375,137.86196899414062,0.3501855134963989,653.7564086914062,201.68978881835938,0.9076643586158752,659.3766479492188,196.0543212890625,0.00021457672119140625,661.2623291015625,197.79367065429688,0.0002072751522064209,714.5974731445312,185.1395263671875,7.838010787963867e-05,573.7818603515625,253.0430908203125,0.0013504326343536377,714.8611450195312,179.10252380371094,0.0007692575454711914,581.6729736328125,232.58865356445312,7.084012031555176e-05
73,425.91815185546875,232.14390563964844,1.0,526.3338012695312,207.62437438964844,0.9999998807907104,515.3744506835938,194.0265350341797,0.9999998211860657,534.2265625,222.91221618652344,0.9999998807907104,641.9232177734375,182.86293029785156,1.0,639.1527099609375,158.81707763671875,1.0,583.8779296875,184.8609619140625,0.9999990463256836,640.5707397460938,170.0007781982422,1.0,713.2979125976562,155.21925354003906,0.9999982118606567,794.7977905273438,139.97386169433594,0.9999991655349731,549.516845703125,230.3583526611328,0.9999998807907104,561.41162109375,242.7069854736328,1.0,572.7532348632812,244.4635772705078,0.9999991059303284,569.7530517578125,251.36048889160156,0.9999759793281555,561.1702270507812,256.5636901855469,0.9998185634613037,550.9893188476562,252.49769592285156,0.9995706677436829,547.6832275390625,243.18995666503906,0.9991652965545654,514.12353515625,170.78732299804688,0.9999998807907104,494.5614013671875,170.25730895996094,0.9999996423721313,501.58740234375,162.52783203125,0.9999967813491821,493.9020080566406,161.82888793945312,0.9999995827674866,485.9327392578125,165.73011779785156,0.9999995827674866,487.5068054199219,176.14163208007812,0.999981701374054,496.37042236328125,181.1297149658203,0.9995381832122803,639.0083618164062,132.70541381835938,0.9999992847442627,664.0494384765625,129.83624267578125,0.9999984502792358,661.2593994140625,122.19408416748047,0.9998334050178528,669.861083984375,117.2750015258789,0.9999966621398926,677.7825317382812,117.58535766601562,0.9999909400939941,685.3723754882812,122.34236145019531,0.9884172081947327,670.7515869140625,139.36602783203125,0.3620099425315857,641.5570068359375,203.26307678222656,0.9997748732566833,657.5490112304688,200.03085327148438,0.03094339370727539,561.7141723632812,245.31373596191406,0.00029519200325012207,641.2698974609375,200.6519775390625,0.00011608004570007324,574.6754150390625,253.10122680664062,0.0022017359733581543,715.3872680664062,178.4377899169922,0.0011126697063446045,581.8323974609375,233.3370361328125,0.00011736154556274414
74,424.6656188964844,232.35337829589844,0.9999999403953552,526.0003051757812,207.6014862060547,0.9999998211860657,513.904541015625,194.84141540527344,0.9999998211860657,532.0474243164062,222.94613647460938,0.9999998807907104,641.025390625,182.56292724609375,1.0,638.218017578125,158.76617431640625,1.0,581.9888305664062,184.8921356201172,0.9999992251396179,639.6150512695312,169.3278045654297,1.0,712.5108642578125,155.30160522460938,0.999997615814209,794.9767456054688,138.69134521484375,0.9999994039535522,548.13671875,230.34835815429688,0.9999999403953552,560.4266967773438,242.54473876953125,1.0,572.2859497070312,244.61672973632812,0.999998927116394,569.2632446289062,251.31643676757812,0.9999819993972778,560.4199829101562,256.64544677734375,0.9997310042381287,550.3980712890625,252.88888549804688,0.9988055229187012,547.9415893554688,243.56527709960938,0.9933758974075317,513.9920043945312,171.2263946533203,0.9999998807907104,494.6959533691406,170.2784881591797,0.9999996423721313,501.6991882324219,162.6091766357422,0.9999957084655762,493.8902893066406,161.89317321777344,0.999999463558197,485.92431640625,165.98439025878906,0.9999995231628418,487.33367919921875,176.24050903320312,0.9999823570251465,496.0172424316406,181.16110229492188,0.999746561050415,639.4794921875,132.41287231445312,0.9999995827674866,664.412353515625,129.57456970214844,0.9999960660934448,661.1173706054688,122.86199951171875,0.9996082782745361,669.9804077148438,117.36387634277344,0.9999918937683105,677.7538452148438,117.78838348388672,0.9999843835830688,685.853759765625,122.26638793945312,0.9816670417785645,670.0493774414062,137.56381225585938,0.1611890196800232,638.96435546875,201.13674926757812,0.9981938600540161,657.2811889648438,200.9355010986328,0.08457869291305542,643.2891845703125,201.4982452392578,0.00041809678077697754,641.1678466796875,200.5603485107422,0.0002879500389099121,574.4552001953125,252.72592163085938,0.0026683807373046875,721.1632690429688,187.63760375976562,0.0010060369968414307,659.254638671875,197.22259521484375,0.0001570582389831543
75,423.297119140625,232.87100219726562,1.0,524.3170776367188,208.0854949951172,0.9999998807907104,512.5742797851562,195.1685028076172,0.9999998807907104,530.21875,223.2809600830078,0.9999998807907104,641.3715209960938,181.51649475097656,1.0,636.18603515625,157.87667846679688,1.0,580.9127197265625,185.42288208007812,0.9999989867210388,640.0560913085938,169.96343994140625,0.9999999403953552,713.7205200195312,156.32870483398438,0.999997615814209,794.711669921875,138.47727966308594,0.9999994039535522,547.7349853515625,230.8486328125,0.9999998807907104,560.4619140625,243.05458068847656,1.0,572.2791137695312,244.2087860107422,0.9999989867210388,569.4021606445312,251.19720458984375,0.9999756813049316,561.0977783203125,254.7799072265625,0.9995900392532349,550.7455444335938,253.40167236328125,0.9977188110351562,547.9765014648438,244.55035400390625,0.9936172962188721,512.9700317382812,171.56822204589844,0.9999999403953552,494.6429138183594,170.5323944091797,0.9999995231628418,501.4366149902344,162.77561950683594,0.9999895095825195,494.5322570800781,162.14466857910156,0.9999986886978149,486.68963623046875,165.83692932128906,0.9999988079071045,487.89385986328125,175.86642456054688,0.999945878982544,496.14300537109375,180.40374755859375,0.9987701773643494,638.489501953125,134.16128540039062,0.9999995827674866,664.0186767578125,129.94949340820312,0.9999961853027344,660.5192260742188,122.7790756225586,0.9998646378517151,669.9600219726562,117.61551666259766,0.9999980926513672,677.7760620117188,118.02032470703125,0.999994158744812,685.2942504882812,122.88066864013672,0.985672652721405,669.851318359375,140.1663360595703,0.16877835988998413,627.0037231445312,198.9712677001953,0.41586756706237793,675.1156616210938,198.1356201171875,0.00034490227699279785,693.4848022460938,160.26773071289062,0.00024241209030151367,559.591064453125,256.67242431640625,0.00013622641563415527,574.7393188476562,252.5516815185547,0.005489051342010498,594.388916015625,239.72779846191406,0.0037643015384674072,594.2476806640625,231.1719207763672,0.0003784298896789551
76,422.3506164550781,233.9106903076172,1.0,524.1736450195312,208.00283813476562,0.9999997615814209,512.2617797851562,195.23873901367188,0.9999997615814209,530.194091796875,222.63392639160156,0.9999998807907104,640.9161987304688,181.8347625732422,1.0,635.7617797851562,157.75523376464844,1.0,580.4505004882812,185.18692016601562,0.9999994039535522,639.2141723632812,168.91015625,0.9999999403953552,713.7830200195312,157.3430633544922,0.9999984502792358,793.1644897460938,139.7760467529297,0.9999996423721313,547.494140625,230.59519958496094,0.9999998807907104,560.4255981445312,243.14846801757812,1.0,572.1883544921875,244.32833862304688,0.9999983906745911,569.4948120117188,251.28329467773438,0.9999772310256958,560.6476440429688,255.46633911132812,0.99974524974823,550.9965209960938,253.29580688476562,0.9979796409606934,548.221435546875,244.6954345703125,0.9933833479881287,512.5661010742188,171.60076904296875,0.9999999403953552,494.7427978515625,170.3724822998047,0.9999995231628418,501.5086975097656,162.5855712890625,0.9999924898147583,494.22955322265625,161.99813842773438,0.9999985694885254,486.5324401855469,166.05886840820312,0.9999990463256836,487.8497314453125,176.05941772460938,0.9999659061431885,496.144775390625,180.53167724609375,0.9992883205413818,638.3068237304688,134.2877197265625,0.9999997019767761,664.3088989257812,130.2290802001953,0.9999986886978149,660.266357421875,123.02969360351562,0.999945878982544,670.0380249023438,117.87535095214844,0.9999992847442627,677.8253784179688,118.25749969482422,0.9999983310699463,685.2755737304688,123.18475341796875,0.9964884519577026,670.5966796875,138.2464599609375,0.502045750617981,637.8491821289062,203.4905548095703,0.42470383644104004,672.1183471679688,199.2657928466797,0.0034716129302978516,692.7649536132812,159.7810821533203,0.00026857852935791016,559.598876953125,256.6910705566406,9.950995445251465e-05,574.4790649414062,252.48826599121094,0.003593921661376953,582.5077514648438,243.9702911376953,0.001529783010482788,594.6490478515625,231.71011352539062,0.00020226836204528809
77,421.1576843261719,234.25228881835938,1.0,523.7686157226562,208.3734893798828,0.9999998807907104,511.6600646972656,195.52613830566406,0.9999997615814209,529.6815185546875,223.31246948242188,0.9999997615814209,638.280029296875,184.23936462402344,0.9999997019767761,634.9251098632812,158.29763793945312,1.0,579.356201171875,185.4234619140625,0.9999997019767761,638.336669921875,170.5150604248047,0.9999999403953552,713.7898559570312,158.2866668701172,0.9999984502792358,792.4722290039062,142.08633422851562,0.9999998211860657,547.6011352539062,230.95166015625,0.9999999403953552,560.2896728515625,243.2440643310547,1.0,572.51953125,244.58865356445312,0.9999984502792358,568.8442993164062,251.4960174560547,0.9999765157699585,560.7134399414062,254.61767578125,0.9996639490127563,550.9077758789062,253.27735900878906,0.9974862933158875,546.6318359375,245.9818115234375,0.9916861057281494,512.6340942382812,171.5803680419922,0.9999999403953552,494.6401672363281,170.6859893798828,0.9999996423721313,501.7656555175781,162.68724060058594,0.9999966621398926,494.1274108886719,162.0463104248047,0.9999992847442627,486.18255615234375,166.16136169433594,0.9999994039535522,487.6712951660156,176.62611389160156,0.9999701976776123,496.2679443359375,180.95716857910156,0.9988133907318115,638.2982177734375,134.29283142089844,0.9999997615814209,664.6157836914062,130.7418212890625,0.9999995231628418,660.5469970703125,123.32244110107422,0.9999182224273682,670.0452880859375,118.07257843017578,0.9999994039535522,677.8989868164062,118.7301025390625,0.9999986886978149,685.20947265625,123.74895477294922,0.9978610277175903,670.967529296875,138.28404235839844,0.559524416923523,623.7446899414062,203.11668395996094,0.9992239475250244,640.126953125,212.4351806640625,0.4291502833366394,638.0773315429688,217.2541046142578,0.0014404356479644775,559.658447265625,256.3779602050781,9.703636169433594e-05,574.3723754882812,252.6053009033203,0.0029705464839935303,596.7257690429688,239.35366821289062,0.004486262798309326,641.875244140625,207.7540740966797,0.002403944730758667
78,419.97021484375,234.0982208251953,1.0,522.9496459960938,208.75808715820312,0.9999998807907104,511.1103210449219,195.54653930664062,0.9999997615814209,528.856201171875,223.48463439941406,0.9999996423721313,636.0039672851562,184.35665893554688,0.9999998807907104,633.790771484375,157.87705993652344,1.0,577.9078369140625,185.72425842285156,0.9999998211860657,636.03173828125,170.06500244140625,0.9999999403953552,711.9574584960938,159.40200805664062,0.9999992251396179,791.1619873046875,142.26905822753906,0.9999999403953552,547.6196899414062,231.05763244628906,0.9999998807907104,560.355712890625,243.43299865722656,1.0,572.19091796875,244.93612670898438,0.9999983906745911,568.230224609375,251.6516876220703,0.9999908804893494,560.0369262695312,254.70321655273438,0.9998981356620789,550.5455932617188,252.94509887695312,0.998887300491333,546.875244140625,245.44525146484375,0.9858170747756958,512.2206420898438,171.77496337890625,0.9999998807907104,494.5240478515625,170.6600799560547,0.9999995827674866,501.8190002441406,162.64483642578125,0.9999970197677612,494.08197021484375,162.0313262939453,0.9999992847442627,486.25732421875,166.0868682861328,0.9999993443489075,487.8860168457031,176.69105529785156,0.9999598264694214,496.15179443359375,180.8151397705078,0.9976477026939392,638.6834106445312,134.01699829101562,0.9999997615814209,664.729248046875,130.79331970214844,0.9999995231628418,660.3501586914062,123.25044250488281,0.9999675750732422,669.9641723632812,118.09110260009766,0.9999996423721313,677.9071044921875,118.9747085571289,0.9999994039535522,685.2318115234375,123.71173095703125,0.9989098310470581,671.177978515625,138.55006408691406,0.646757960319519,621.4990234375,202.85491943359375,0.9999939203262329,638.9231567382812,211.5160675048828,0.987371027469635,634.3778686523438,213.15342712402344,0.0016547441482543945,559.0107421875,256.4032897949219,0.00017070770263671875,574.0361328125,252.62628173828125,0.0019055604934692383,715.6494750976562,178.98829650878906,0.0021515488624572754,643.1631469726562,203.54148864746094,0.01242595911026001
79,419.2763671875,233.73085021972656,1.0,522.1262817382812,208.83241271972656,0.9999998807907104,510.4688415527344,195.46241760253906,0.9999997615814209,527.9596557617188,223.46360778808594,0.9999996423721313,634.8253784179688,184.2327880859375,0.9999998807907104,634.0118408203125,158.67813110351562,1.0,577.8364868164062,186.05856323242188,0.9999997615814209,634.7197265625,170.38177490234375,1.0,710.80712890625,160.87005615234375,0.9999995231628418,790.825439453125,143.02713012695312,1.0,547.6953735351562,231.2183837890625,0.9999999403953552,560.46728515625,243.2903594970703,1.0,572.359130859375,244.83230590820312,0.9999985694885254,568.1754760742188,251.6369171142578,0.9999912977218628,560.0609741210938,254.75375366210938,0.9998868703842163,550.59423828125,252.7260284423828,0.9989442825317383,547.0107421875,245.3753662109375,0.9757387042045593,511.5980529785156,172.1028289794922,0.9999997615814209,494.37158203125,170.78175354003906,0.9999995827674866,501.52557373046875,162.82508850097656,0.9999976754188538,493.656005859375,161.92356872558594,0.9999994039535522,485.8580017089844,166.1790313720703,0.999999463558197,487.45281982421875,176.86509704589844,0.9999695420265198,495.9872741699219,181.10858154296875,0.9988545179367065,639.1273193359375,132.99884033203125,0.9999999403953552,665.129150390625,130.5701141357422,0.9999995827674866,660.2328491210938,123.41363525390625,0.9999361038208008,669.9998168945312,117.97584533691406,0.9999995827674866,677.980224609375,118.57627868652344,0.9999994039535522,685.1348876953125,123.24508666992188,0.9984556436538696,671.9898681640625,138.44564819335938,0.7555245757102966,619.54833984375,202.23214721679688,0.9999881982803345,637.0336303710938,212.65394592285156,0.9851509928703308,632.4801025390625,213.09130859375,0.00017073750495910645,628.8272705078125,221.39768981933594,0.000291287899017334,574.1439208984375,252.58306884765625,0.0011786222457885742,598.5971069335938,238.70199584960938,0.0030850768089294434,642.6607666015625,207.3353271484375,0.008751630783081055
80,418.6798095703125,233.3861846923828,1.0,521.0675659179688,208.67816162109375,0.9999997615814209,510.1366271972656,194.19271850585938,0.9999997615814209,526.7297973632812,223.0567626953125,0.9999994039535522,633.9691162109375,183.9854278564453,0.9999998807907104,633.3143310546875,158.802490234375,1.0,577.3495483398438,186.0281524658203,0.9999995827674866,634.79296875,170.56361389160156,1.0,709.90185546875,162.45928955078125,0.9999997615814209,791.7685546875,145.06881713867188,1.0,546.7084350585938,231.0647430419922,0.9999997615814209,560.162841796875,243.05007934570312,1.0,572.076416015625,244.92189025878906,0.9999966621398926,567.9353637695312,251.65487670898438,0.9999890923500061,559.18701171875,256.70233154296875,0.9998418092727661,550.3377075195312,252.41690063476562,0.9986897706985474,548.029052734375,244.57203674316406,0.9831368923187256,511.4412536621094,172.3570098876953,0.9999998807907104,494.5988464355469,170.8273468017578,0.9999996423721313,501.7032165527344,162.8155517578125,0.9999979734420776,493.52447509765625,161.91371154785156,0.9999992251396179,485.9071960449219,166.43484497070312,0.9999992847442627,488.102294921875,177.01925659179688,0.9999725222587585,496.30963134765625,180.93299865722656,0.9987450838088989,639.1632690429688,133.40707397460938,0.9999998807907104,665.2142333984375,130.573974609375,0.9999996423721313,659.9107666015625,123.56640625,0.9999351501464844,670.03369140625,118.04326629638672,0.9999996423721313,677.902099609375,118.7967529296875,0.9999995231628418,685.1011962890625,123.33563232421875,0.9982869625091553,671.3973999023438,138.21661376953125,0.7041337490081787,617.2664184570312,201.59109497070312,0.9999990463256836,636.1561279296875,211.69699096679688,0.9999527335166931,628.22900390625,218.701904296875,0.004223763942718506,631.1463623046875,220.72406005859375,0.08773884177207947,639.48681640625,224.8261260986328,0.02412685751914978,644.6009521484375,215.5362548828125,0.10671812295913696,643.8877563476562,204.53184509277344,0.3799435496330261
81,418.1716003417969,233.18150329589844,1.0,520.6666870117188,208.7552032470703,0.9999997615814209,509.77557373046875,194.3692169189453,0.9999997615814209,526.548583984375,222.98245239257812,0.9999990463256836,632.9667358398438,184.07643127441406,0.9999999403953552,633.4789428710938,158.7311553955078,1.0,575.83056640625,185.7560577392578,0.9999992847442627,634.78369140625,171.5027313232422,0.9999998807907104,708.439208984375,163.2755889892578,0.9999999403953552,791.1521606445312,146.46591186523438,1.0,546.0377807617188,231.27886962890625,0.9999998211860657,559.9436645507812,243.1300506591797,1.0,571.8302001953125,244.9704132080078,0.9999960660934448,568.0563354492188,251.5538787841797,0.9999926090240479,560.2086181640625,254.49595642089844,0.9998694658279419,550.8909301757812,252.54498291015625,0.9987689256668091,546.3475952148438,245.42152404785156,0.985549807548523,511.0840759277344,172.37704467773438,0.9999998807907104,494.4304504394531,170.84567260742188,0.9999996423721313,501.6383056640625,162.93505859375,0.9999985694885254,493.34234619140625,161.91566467285156,0.9999994039535522,485.6549377441406,166.81837463378906,0.9999994039535522,487.8814697265625,177.5045928955078,0.9999854564666748,496.5010986328125,181.15631103515625,0.9990909695625305,639.2481079101562,133.52572631835938,0.9999998807907104,665.424560546875,130.58169555664062,0.9999996423721313,659.7481079101562,123.64643096923828,0.9999252557754517,669.8429565429688,118.13024139404297,0.9999997019767761,677.5950317382812,118.92823028564453,0.9999996423721313,684.9453735351562,123.31619262695312,0.9989407658576965,671.7651977539062,138.01605224609375,0.7293973565101624,616.059814453125,201.89068603515625,0.9999986886978149,635.7445068359375,211.73037719726562,0.9999754428863525,628.1627807617188,219.09271240234375,0.032215654850006104,632.8831787109375,221.59628295898438,0.09994009137153625,639.9649658203125,220.2710418701172,0.22606611251831055,645.8201904296875,213.70201110839844,0.4428665339946747,644.3709716796875,201.66091918945312,0.5819423198699951
82,416.6256408691406,233.5806121826172,1.0,520.382080078125,208.81088256835938,0.9999997615814209,509.5677185058594,194.35220336914062,0.9999997615814209,526.3117065429688,223.0338134765625,0.9999985694885254,632.4525146484375,184.4349365234375,0.9999998211860657,633.5259399414062,158.90261840820312,1.0,576.4605102539062,185.99002075195312,0.9999992847442627,634.0626220703125,171.3850555419922,1.0,708.4861450195312,163.9740447998047,0.9999999403953552,790.3907470703125,149.18531799316406,1.0,546.0004272460938,231.42056274414062,0.9999998807907104,559.8380126953125,243.21273803710938,1.0,571.9702758789062,245.25125122070312,0.9999970197677612,568.0684204101562,251.89540100097656,0.9999963045120239,559.2808227539062,256.9527893066406,0.9999326467514038,550.7342529296875,252.77540588378906,0.9994146227836609,547.7894897460938,244.91062927246094,0.9913040399551392,511.0697326660156,172.4271240234375,0.9999998211860657,494.37158203125,170.72381591796875,0.9999996423721313,501.5412902832031,163.00296020507812,0.9999982118606567,493.4888000488281,161.98890686035156,0.9999992847442627,485.88836669921875,166.55274963378906,0.9999992847442627,487.7446594238281,177.2934112548828,0.9999805688858032,496.34967041015625,180.96697998046875,0.999143660068512,639.412109375,133.4280548095703,0.9999999403953552,665.2907104492188,130.7012939453125,0.9999997019767761,659.8631591796875,123.71989440917969,0.9999077320098877,669.8923950195312,118.30316925048828,0.9999997019767761,677.3855590820312,119.17354583740234,0.9999997615814209,684.5130004882812,123.76959228515625,0.9993354678153992,671.5874633789062,138.18763732910156,0.802863359451294,616.5830688476562,202.13819885253906,0.9999989867210388,635.2791748046875,211.784423828125,0.9999821186065674,627.8814697265625,219.7132110595703,0.16751763224601746,635.8113403320312,224.55177307128906,0.18134286999702454,641.3555297851562,220.87249755859375,0.3415394127368927,646.59375,213.3129425048828,0.4349033236503601,643.4592895507812,201.6957244873047,0.707696795463562
83,415.7842102050781,233.48130798339844,1.0,519.8052368164062,208.6566619873047,0.9999997615814209,509.04547119140625,193.99951171875,0.9999998807907104,527.75830078125,223.36361694335938,0.9999983310699463,631.85791015625,184.29556274414062,0.9999999403953552,633.4472045898438,159.1258544921875,0.9999998807907104,575.1868286132812,185.76795959472656,0.9999996423721313,634.1904296875,171.71929931640625,1.0,707.7511596679688,164.0131378173828,0.9999998807907104,790.4000244140625,150.9715118408203,1.0,545.5038452148438,231.6925048828125,0.9999997615814209,559.7162475585938,243.06283569335938,1.0,571.9797973632812,245.16981506347656,0.999997615814209,568.0899658203125,251.70745849609375,0.999996542930603,559.4977416992188,256.91375732421875,0.9999100565910339,550.974853515625,252.72434997558594,0.9993342161178589,547.289306640625,244.9355926513672,0.9933956861495972,511.0855407714844,170.9745330810547,0.9999998211860657,494.2354736328125,170.47381591796875,0.9999995827674866,501.18707275390625,162.87286376953125,0.9999979734420776,493.20587158203125,161.84902954101562,0.9999992251396179,485.73480224609375,166.361572265625,0.9999994039535522,487.5705871582031,177.10955810546875,0.9999806880950928,496.46014404296875,180.7611541748047,0.9995251893997192,640.3449096679688,134.2534942626953,0.9999998807907104,665.7599487304688,130.45404052734375,0.9999996423721313,660.2176513671875,123.56973266601562,0.9998281002044678,670.1533813476562,117.97955322265625,0.9999996423721313,677.4779663085938,118.83535766601562,0.9999998807907104,684.380859375,123.07359313964844,0.9996724128723145,672.3430786132812,137.98455810546875,0.8662692308425903,615.0928344726562,201.6504364013672,0.9999997615814209,635.03955078125,210.91070556640625,0.9999966621398926,627.17138671875,219.37525939941406,0.9303277730941772,636.1056518554688,224.85643005371094,0.9241172075271606,646.3870239257812,221.0236358642578,0.9806618690490723,648.9736938476562,210.38427734375,0.9693490862846375,641.7120361328125,198.71630859375,0.964841365814209
84,415.17449951171875,233.4739990234375,1.0,519.0460205078125,208.76853942871094,0.9999997019767761,508.440185546875,194.47943115234375,0.9999998807907104,527.2566528320312,223.6502227783203,0.9999985098838806,630.9457397460938,183.6309051513672,1.0,632.7905883789062,158.7355499267578,1.0,573.9015502929688,185.33697509765625,0.9999997615814209,633.2725219726562,171.09593200683594,1.0,707.6328735351562,164.25765991210938,1.0,790.2263793945312,152.94691467285156,1.0,544.5596923828125,231.71292114257812,0.999999463558197,559.32080078125,242.85345458984375,1.0,571.4290161132812,244.72470092773438,0.9999945163726807,567.86474609375,251.37088012695312,0.9999915361404419,559.3086547851562,256.65679931640625,0.9998634457588196,550.6295776367188,252.54754638671875,0.999137282371521,544.043212890625,244.19039916992188,0.9963576793670654,510.3829040527344,172.152587890625,0.9999998807907104,494.52398681640625,170.20333862304688,0.9999995231628418,501.5260925292969,162.67955017089844,0.9999974966049194,493.4456481933594,161.61187744140625,0.9999989867210388,485.6580505371094,166.40174865722656,0.9999994039535522,487.5813903808594,177.16702270507812,0.9999791979789734,496.4427795410156,180.82315063476562,0.9994149208068848,639.5629272460938,133.18838500976562,0.9999998807907104,665.6862182617188,130.17330932617188,0.9999995231628418,660.21728515625,123.72381591796875,0.9997587203979492,670.0955200195312,118.10558319091797,0.9999996423721313,677.2591552734375,118.83021545410156,0.9999998211860657,684.1376342773438,123.25181579589844,0.9996480941772461,671.9107666015625,137.81080627441406,0.7945979833602905,614.6554565429688,200.7530059814453,0.9999998807907104,635.0343627929688,209.96730041503906,0.9999966621398926,627.4498291015625,218.32666015625,0.9573971033096313,636.5889892578125,223.92835998535156,0.9529037475585938,647.2373046875,220.1271209716797,0.9887905120849609,649.0050048828125,209.0077362060547,0.9863256216049194,640.8798217773438,197.9982147216797,0.9808398485183716
85,414.7381591796875,233.4186248779297,1.0,518.4737548828125,208.33840942382812,0.9999997615814209,507.6714172363281,193.98574829101562,0.9999998807907104,525.67138671875,223.44664001464844,0.9999992251396179,630.5103759765625,183.7887725830078,1.0,632.1807861328125,159.0996551513672,1.0,573.2786254882812,184.97817993164062,0.9999998211860657,632.53564453125,171.0858154296875,1.0,706.8954467773438,164.4717559814453,1.0,789.6007080078125,154.80894470214844,1.0,544.3052368164062,231.79188537597656,0.9999993443489075,559.22119140625,242.88995361328125,1.0,571.4622802734375,244.60035705566406,0.9999970197677612,568.23291015625,251.16326904296875,0.9999909400939941,560.603515625,254.6870574951172,0.9997144937515259,551.2114868164062,252.9857635498047,0.9980963468551636,547.2769775390625,245.18983459472656,0.9930480718612671,510.4183349609375,170.96725463867188,0.9999999403953552,494.29302978515625,170.15191650390625,0.9999994039535522,501.2007141113281,162.62095642089844,0.9999975562095642,493.05255126953125,161.63766479492188,0.9999990463256836,485.35272216796875,166.4854278564453,0.9999992847442627,487.3965148925781,177.45069885253906,0.9999774098396301,496.3625793457031,180.98153686523438,0.99909907579422,639.666259765625,133.30130004882812,0.9999999403953552,665.5326538085938,130.09423828125,0.999999463558197,659.8379516601562,123.7458724975586,0.9996458292007446,670.003173828125,118.05936431884766,0.9999995231628418,677.16796875,118.86041259765625,0.9999998211860657,683.9395141601562,123.25227355957031,0.9995962977409363,672.0357055664062,137.787353515625,0.770187497138977,614.6939697265625,200.4507293701172,0.9999998807907104,635.2567138671875,208.86007690429688,0.9999910593032837,627.9166870117188,217.76956176757812,0.9407585859298706,636.1519165039062,221.9602508544922,0.9502557516098022,648.0013427734375,218.58277893066406,0.9839138984680176,649.6243896484375,207.3499755859375,0.9759143590927124,641.1284790039062,196.97959899902344,0.9656167030334473
86,414.143310546875,232.161865234375,1.0,517.785888671875,208.3945770263672,0.9999998211860657,507.29400634765625,194.16815185546875,0.9999999403953552,524.9307861328125,223.7196502685547,0.9999994039535522,630.5735473632812,183.41705322265625,1.0,631.6654052734375,158.969482421875,1.0,572.7493896484375,184.947021484375,0.9999998807907104,632.3692016601562,170.99879455566406,1.0,705.6677856445312,164.72691345214844,0.9999998807907104,788.7714233398438,156.03414916992188,0.9999999403953552,543.5977172851562,231.84933471679688,0.9999990463256836,558.7549438476562,243.03887939453125,1.0,571.060302734375,244.7735595703125,0.9999939799308777,567.844970703125,251.23622131347656,0.9999905228614807,560.1834106445312,254.73399353027344,0.9997755289077759,550.501220703125,252.9936065673828,0.9983749389648438,544.1314086914062,244.06503295898438,0.9939752221107483,510.0656433105469,171.2989959716797,0.9999998807907104,494.2439270019531,169.97677612304688,0.9999992251396179,501.3868408203125,162.4023895263672,0.9999972581863403,493.016845703125,161.3788604736328,0.9999988079071045,485.3158874511719,166.36444091796875,0.9999994039535522,487.43377685546875,177.0625457763672,0.9999740123748779,496.10662841796875,180.66598510742188,0.9993863105773926,639.8541259765625,133.0325927734375,0.9999999403953552,665.5145263671875,129.9534454345703,0.9999995231628418,660.0289306640625,123.36274719238281,0.9997903108596802,670.3607177734375,117.7639389038086,0.9999994039535522,677.5750732421875,118.79209899902344,0.9999997615814209,683.8540649414062,123.4498291015625,0.9993380308151245,671.7988891601562,137.89466857910156,0.7192801237106323,614.0072631835938,200.1787872314453,0.9999998807907104,635.1958618164062,208.66537475585938,0.999993622303009,626.5034790039062,217.9138641357422,0.984667181968689,636.9890747070312,222.2723846435547,0.9865486025810242,648.4622802734375,217.90748596191406,0.9952211380004883,650.2726440429688,207.2878875732422,0.994692862033844,641.5235595703125,196.97239685058594,0.9896246790885925
87,413.354736328125,231.50503540039062,0.9999998807907104,515.81298828125,208.30520629882812,1.0,505.3688659667969,194.75845336914062,0.9999998807907104,522.2652587890625,224.03880310058594,0.9999997019767761,629.6023559570312,183.2013702392578,1.0,631.1426391601562,158.9435272216797,1.0,571.7874755859375,185.16041564941406,0.9999998211860657,630.6034545898438,170.7866973876953,1.0,705.2490234375,165.0478057861328,0.9999998807907104,789.5508422851562,156.61338806152344,1.0,543.6394653320312,231.63575744628906,0.9999978542327881,558.4249267578125,243.15994262695312,1.0,570.7796630859375,244.45614624023438,0.9999956488609314,567.85009765625,251.15615844726562,0.9999915361404419,560.3033447265625,254.7424774169922,0.9996806383132935,551.113525390625,253.47991943359375,0.9968020915985107,546.9264526367188,245.17294311523438,0.9849461317062378,509.78802490234375,172.06295776367188,0.9999998807907104,494.8190612792969,170.35084533691406,0.9999994039535522,501.772705078125,162.4368438720703,0.9999978542327881,493.3056335449219,161.378173828125,0.999998927116394,485.6626892089844,166.73733520507812,0.9999991059303284,488.0593566894531,177.60275268554688,0.9999773502349854,496.0856628417969,180.8234100341797,0.998792290687561,639.6060791015625,133.8770751953125,0.9999998807907104,665.4094848632812,129.79412841796875,0.9999992847442627,660.356689453125,122.79258728027344,0.9997191429138184,670.7824096679688,117.3836669921875,0.9999994039535522,677.8516235351562,118.4817886352539,0.9999997615814209,683.7310791015625,122.93710327148438,0.9990438222885132,671.7612915039062,137.83279418945312,0.7020091414451599,613.40234375,199.83120727539062,0.9999998807907104,634.3619995117188,208.0231170654297,0.9999929666519165,626.6229248046875,217.21788024902344,0.9968258142471313,637.3679809570312,220.61366271972656,0.9966531991958618,647.845947265625,217.8591766357422,0.9988036155700684,651.0254516601562,206.775634765625,0.9989954233169556,641.0232543945312,196.61605834960938,0.9938981533050537
88,412.7900085449219,231.0391845703125,1.0,515.9373779296875,207.96978759765625,0.9999999403953552,505.38970947265625,194.23046875,0.9999999403953552,522.2139282226562,222.98519897460938,0.9999996423721313,629.3468627929688,183.04026794433594,1.0,631.0083618164062,158.77853393554688,1.0,570.8262939453125,184.99542236328125,0.9999998807907104,630.9299926757812,170.63479614257812,1.0,703.611083984375,165.38783264160156,0.9999997615814209,789.3831787109375,157.52256774902344,1.0,543.1502685546875,231.75552368164062,0.9999967217445374,556.2374877929688,241.6522216796875,0.9999998211860657,567.959716796875,242.8486328125,0.9734997153282166,567.0571899414062,246.71434020996094,0.8254661560058594,559.6400146484375,253.514892578125,0.012202441692352295,549.7916259765625,254.38426208496094,0.1323021650314331,545.1010131835938,244.0352783203125,0.7218235731124878,509.8363342285156,172.4005889892578,0.9999998807907104,495.46600341796875,171.0186309814453,0.9999982118606567,501.3465881347656,162.8875274658203,0.9999734163284302,494.1800842285156,162.02511596679688,0.9999971389770508,486.9044494628906,166.19644165039062,0.9999964237213135,488.3990783691406,176.30780029296875,0.999801754951477,495.9206848144531,179.77369689941406,0.9851675629615784,640.0460205078125,134.06198120117188,0.9999998807907104,665.7267456054688,129.51852416992188,0.9999992251396179,660.6907348632812,122.73516845703125,0.9996477365493774,670.9306030273438,117.10997772216797,0.9999991655349731,677.8075561523438,118.20547485351562,0.9999997615814209,683.561279296875,122.45341491699219,0.9993082880973816,671.9437255859375,137.59820556640625,0.7139849066734314,613.08935546875,199.8311309814453,1.0,633.9766845703125,207.5314483642578,0.9999916553497314,626.2387084960938,216.64927673339844,0.995229184627533,637.2415771484375,221.0030975341797,0.9979863166809082,647.3745727539062,217.52877807617188,0.9990408420562744,651.0391845703125,206.4027557373047,0.9990634322166443,641.0322265625,196.2235107421875,0.9942845106124878
89,412.2524719238281,230.9229736328125,1.0,514.2084350585938,207.64295959472656,1.0,504.3208923339844,193.6881561279297,0.9999998211860657,520.8204956054688,221.84805297851562,0.9999991655349731,628.7904663085938,183.04190063476562,1.0,630.5275268554688,159.03372192382812,1.0,569.3839111328125,185.11666870117188,0.9999996423721313,629.7445678710938,170.86077880859375,1.0,703.4404296875,165.39569091796875,0.9999997019767761,787.218505859375,158.0293731689453,1.0,543.0169067382812,231.5006866455078,0.9999911189079285,556.7033081054688,239.33273315429688,0.9999992251396179,568.944091796875,240.78607177734375,0.9750393629074097,569.105712890625,244.00799560546875,0.8390071392059326,561.3634643554688,249.8349609375,0.010735809803009033,550.7903442382812,250.7224884033203,0.06966164708137512,545.77490234375,243.478515625,0.40880149602890015,509.3940734863281,172.08078002929688,0.9999997615814209,495.03619384765625,170.5968780517578,0.9999979734420776,501.084716796875,162.433837890625,0.9999828338623047,493.7252197265625,161.67694091796875,0.9999974966049194,486.4300842285156,166.01475524902344,0.9999977946281433,487.68975830078125,175.72276306152344,0.9997239112854004,495.5590515136719,179.5919647216797,0.9782450199127197,639.3778076171875,133.03147888183594,0.9999998807907104,665.5513305664062,129.59808349609375,0.999998927116394,660.53076171875,122.99578857421875,0.9994941353797913,670.65966796875,117.2876205444336,0.9999990463256836,677.3538818359375,118.4231185913086,0.9999997615814209,683.4666748046875,122.69459533691406,0.9993048310279846,672.2666015625,137.43661499023438,0.6399908065795898,612.7350463867188,199.4025421142578,0.9999998807907104,633.6207885742188,207.58316040039062,0.9999904036521912,626.0794677734375,216.46588134765625,0.9962437748908997,636.8466186523438,220.9591827392578,0.9988015294075012,646.8616333007812,217.452392578125,0.9994292855262756,650.6508178710938,206.39056396484375,0.9994605183601379,640.8712158203125,196.4093475341797,0.9960347414016724
90,410.981201171875,230.57069396972656,1.0,513.6129760742188,207.25274658203125,1.0,503.9583740234375,193.29055786132812,0.9999998807907104,519.5985717773438,221.74452209472656,0.9999995231628418,628.2403564453125,183.12229919433594,1.0,629.7457275390625,159.3846893310547,1.0,568.4943237304688,185.0194854736328,0.9999996423721313,628.8971557617188,171.20504760742188,1.0,702.827392578125,166.79458618164062,0.9999994039535522,787.1160888671875,159.0725860595703,1.0,539.8782348632812,231.05970764160156,0.999997615814209,553.259521484375,239.0494384765625,0.9999986886978149,566.173828125,240.469482421875,0.973908543586731,565.8750610351562,243.73410034179688,0.8456294536590576,557.3952026367188,250.17347717285156,0.004845172166824341,545.6581420898438,249.64437866210938,0.14465966820716858,540.883056640625,240.31834411621094,0.766992449760437,509.3700866699219,172.02723693847656,0.9999999403953552,494.8192443847656,170.62818908691406,0.999998152256012,500.94451904296875,162.49720764160156,0.9999887943267822,493.30828857421875,161.74974060058594,0.999998152256012,485.9671325683594,166.21131896972656,0.9999982714653015,487.46771240234375,175.9518585205078,0.9997752904891968,495.4312438964844,179.8252410888672,0.9654682874679565,639.4719848632812,132.9498748779297,0.9999999403953552,665.4098510742188,129.39381408691406,0.9999985694885254,660.8134155273438,122.77173614501953,0.9995689392089844,670.5948486328125,117.23759460449219,0.9999991655349731,677.3121948242188,118.3509750366211,0.9999997615814209,683.1328125,122.7022933959961,0.999196469783783,671.9976196289062,137.323486328125,0.6605473160743713,612.2293090820312,199.42433166503906,1.0,633.6129760742188,207.18724060058594,0.9999895095825195,625.8528442382812,216.03634643554688,0.9842938184738159,636.1295166015625,220.52243041992188,0.9981390833854675,647.8742065429688,217.1593475341797,0.9982500672340393,650.7039184570312,206.79791259765625,0.9983397722244263,640.9248657226562,196.28343200683594,0.985420823097229
91,410.0611572265625,230.65164184570312,1.0,512.4954223632812,207.072021484375,1.0,503.1607971191406,192.47549438476562,0.9999997615814209,518.1629028320312,222.0704345703125,0.9999997615814209,627.6624145507812,183.3493194580078,1.0,628.945556640625,159.41749572753906,1.0,568.1715698242188,185.02883911132812,0.9999995231628418,628.318115234375,171.25596618652344,1.0,702.4721069335938,167.0338592529297,0.9999995231628418,787.1438598632812,159.86859130859375,1.0,538.0244750976562,231.4216766357422,0.9999958872795105,550.704345703125,238.77735900878906,0.9999995231628418,560.4359130859375,243.0740966796875,0.976324200630188,560.9889526367188,244.61453247070312,0.6396642327308655,549.5189819335938,250.59976196289062,0.008711695671081543,543.0260620117188,250.486572265625,0.34911787509918213,538.4909057617188,240.02915954589844,0.8027335405349731,508.6605224609375,172.12205505371094,0.9999997615814209,494.45416259765625,170.61659240722656,0.9999988079071045,500.5334167480469,162.3899383544922,0.999996542930603,492.6725158691406,161.7193145751953,0.9999990463256836,485.28582763671875,166.28578186035156,0.9999991655349731,487.0506896972656,176.4608917236328,0.999954104423523,495.1925048828125,180.15457153320312,0.9926543235778809,639.4495239257812,134.19839477539062,0.9999999403953552,665.5081787109375,129.91844177246094,0.9999992847442627,660.7133178710938,123.0290756225586,0.9997376799583435,670.4581298828125,117.73374938964844,0.9999995827674866,677.0750732421875,119.25788116455078,0.9999999403953552,682.8958740234375,123.8028793334961,0.9997423887252808,672.2278442382812,137.81622314453125,0.7625573873519897,612.59326171875,200.0977325439453,0.9999998807907104,633.82763671875,207.03858947753906,0.99998939037323,627.4737548828125,215.95889282226562,0.9710357785224915,636.3667602539062,220.34556579589844,0.9984424114227295,647.5764770507812,218.01812744140625,0.9991562962532043,651.1354370117188,206.5517578125,0.9993624687194824,641.05224609375,195.94204711914062,0.9891455769538879
92,409.19561767578125,230.50701904296875,1.0,511.3359069824219,206.93032836914062,0.9999998807907104,501.4356384277344,193.2914581298828,0.9999999403953552,515.4590454101562,221.87913513183594,1.0,627.3535766601562,183.47532653808594,1.0,628.4981079101562,159.6987762451172,1.0,568.1642456054688,185.12106323242188,0.9999995827674866,627.9849853515625,171.41644287109375,1.0,702.2313842773438,167.11619567871094,0.9999996423721313,786.9259033203125,160.89840698242188,1.0,533.9874267578125,229.96640014648438,0.9999982118606567,545.3165283203125,238.10769653320312,0.9999992847442627,555.9860229492188,239.03082275390625,0.9998267889022827,555.8054809570312,243.3256072998047,0.9955217838287354,548.1039428710938,249.41571044921875,0.44273507595062256,537.3960571289062,247.81092834472656,0.7346103191375732,533.9662475585938,238.1573486328125,0.9686539173126221,509.0542297363281,172.47557067871094,0.9999998211860657,494.7293395996094,170.6794891357422,0.9999973773956299,499.82940673828125,162.3282012939453,0.9999480247497559,493.0252685546875,162.0572052001953,0.9999958872795105,485.9487609863281,166.31277465820312,0.9999961853027344,487.2951354980469,175.66009521484375,0.9996309876441956,494.8828125,179.3667449951172,0.8471068739891052,638.3253784179688,134.3392333984375,0.9999998807907104,665.0054931640625,129.97219848632812,0.9999992847442627,660.4230346679688,123.06946563720703,0.9995684623718262,670.1715087890625,117.88338470458984,0.9999996423721313,676.8789672851562,119.41038513183594,0.9999999403953552,682.82666015625,124.18706512451172,0.9996442198753357,671.8694458007812,137.8991241455078,0.672486424446106,612.2779541015625,200.3334503173828,1.0,633.5706176757812,207.2171630859375,0.9999915361404419,625.9762573242188,215.35618591308594,0.9918592572212219,637.0985107421875,220.2462615966797,0.9993761777877808,646.7762451171875,216.81195068359375,0.9998574256896973,650.6609497070312,206.031494140625,0.9998937249183655,641.1798706054688,195.97064208984375,0.9970725774765015
93,409.32080078125,230.3516845703125,1.0,510.3673095703125,206.9511260986328,0.9999999403953552,501.2154846191406,193.0913543701172,0.9999999403953552,513.1844482421875,221.70596313476562,0.9999999403953552,627.0816040039062,183.94369506835938,1.0,628.1187744140625,159.75396728515625,1.0,567.29150390625,185.2149658203125,0.9999995231628418,628.1614379882812,171.4216766357422,1.0,702.1279907226562,167.13697814941406,0.9999997019767761,785.1428833007812,161.86453247070312,1.0,529.4437255859375,229.96461486816406,0.9999970197677612,538.9371948242188,240.56483459472656,0.9999998807907104,549.5892333984375,241.2784881591797,0.9999914169311523,546.8248901367188,248.0353546142578,0.9999220371246338,539.52880859375,254.70858764648438,0.9919450879096985,531.0382080078125,250.7849884033203,0.9971076250076294,528.3545532226562,239.03985595703125,0.9860936999320984,509.1162109375,171.93234252929688,0.9999998211860657,494.9459228515625,170.37112426757812,0.9999971389770508,500.0045471191406,162.15975952148438,0.9999517202377319,493.1503601074219,161.94459533691406,0.9999972581863403,486.24407958984375,166.2128143310547,0.9999974966049194,487.7459716796875,175.43917846679688,0.9997189044952393,494.9001770019531,179.107666015625,0.9079186916351318,639.0591430664062,134.8349609375,0.9999998807907104,665.4188842773438,129.6337890625,0.9999992847442627,660.6207275390625,122.86094665527344,0.999780535697937,670.3446044921875,117.28560638427734,0.9999995231628418,677.018310546875,118.86520385742188,0.9999998807907104,683.0347900390625,123.37274169921875,0.9995923042297363,672.108642578125,137.5305633544922,0.6769500970840454,612.59765625,201.46926879882812,0.9999996423721313,632.1644897460938,205.68975830078125,0.9999933838844299,624.5870361328125,215.22125244140625,0.996890664100647,637.297119140625,219.68435668945312,0.9996920824050903,647.737060546875,216.7707977294922,0.9999257326126099,650.1398315429688,205.77720642089844,0.9999076724052429,641.4057006835938,195.72970581054688,0.9980206489562988
94,408.17132568359375,230.48291015625,1.0,508.9660339355469,207.53451538085938,0.9999998807907104,499.89544677734375,194.04884338378906,0.9999998807907104,511.7511291503906,222.41925048828125,0.9999998807907104,626.3212280273438,184.3961639404297,1.0,626.3355102539062,159.69461059570312,1.0,566.4597778320312,186.58580017089844,0.9999991655349731,626.9697875976562,171.64366149902344,1.0,701.5314331054688,166.88619995117188,0.9999997615814209,785.3070068359375,161.64559936523438,1.0,524.945556640625,233.19239807128906,0.9999995827674866,532.1483154296875,245.81634521484375,0.9999998807907104,544.5908203125,247.9346160888672,0.9775692224502563,541.2520141601562,252.68031311035156,0.8247581124305725,533.74169921875,255.4466094970703,0.08409872651100159,527.0899047851562,253.76220703125,0.07065519690513611,524.08740234375,243.3880157470703,0.021527498960494995,508.30255126953125,172.7310028076172,0.9999997615814209,495.1858215332031,170.63070678710938,0.9999983310699463,500.2099609375,162.46873474121094,0.9999656081199646,493.3547668457031,161.90859985351562,0.9999983906745911,486.3909912109375,165.82550048828125,0.9999986886978149,487.6009521484375,175.3546142578125,0.9998328685760498,494.4012756347656,178.9945068359375,0.9158573150634766,639.0059814453125,135.41061401367188,0.9999997615814209,665.4391479492188,129.5912628173828,0.9999992847442627,660.4779052734375,122.84400939941406,0.9998837113380432,670.3602294921875,117.23939514160156,0.9999995231628418,677.2357177734375,118.76505279541016,0.9999998211860657,683.2235107421875,123.52285766601562,0.9994457960128784,672.6290283203125,137.62339782714844,0.6816170811653137,612.8543090820312,201.97970581054688,0.9999985694885254,632.3294067382812,205.55596923828125,0.9999943971633911,626.3703002929688,215.00161743164062,0.9935821890830994,637.4362182617188,219.59767150878906,0.9996433258056641,648.0288696289062,216.61338806152344,0.9999198913574219,650.6539916992188,205.84754943847656,0.9999043941497803,641.4512329101562,195.38784790039062,0.9953397512435913
95,407.4248352050781,230.12623596191406,1.0,507.6824951171875,208.13235473632812,1.0,499.3914794921875,194.44139099121094,1.0,509.763671875,222.4908447265625,0.9999998807907104,625.24072265625,185.21580505371094,1.0,625.0392456054688,161.1992645263672,1.0,565.30224609375,187.74505615234375,0.9999995231628418,625.8441772460938,172.73501586914062,1.0,700.8281860351562,167.07418823242188,0.9999995827674866,784.3663330078125,160.7299041748047,1.0,520.4906005859375,233.24032592773438,0.9999988079071045,523.3870849609375,245.7428436279297,0.9999997615814209,533.4532470703125,245.97286987304688,0.8732661008834839,531.4273681640625,251.91578674316406,0.6437006592750549,521.7147827148438,254.5836639404297,0.24709630012512207,515.1063232421875,251.56004333496094,0.7472140192985535,513.3592529296875,241.82769775390625,0.4643608331680298,508.0561218261719,173.02459716796875,0.9999999403953552,495.23101806640625,170.9008026123047,0.9999973773956299,500.2848815917969,162.7060089111328,0.9999127984046936,493.5414123535156,161.91807556152344,0.9999963641166687,486.5220947265625,165.7819061279297,0.9999971389770508,487.5959777832031,175.07131958007812,0.9996541142463684,493.928955078125,178.93846130371094,0.7883158922195435,638.0347900390625,136.37623596191406,0.9999995827674866,665.2925415039062,129.56594848632812,0.9999986886978149,660.6287231445312,122.32616424560547,0.9999040961265564,670.40771484375,116.94759368896484,0.9999994039535522,677.123779296875,118.68063354492188,0.9999998807907104,682.823486328125,123.84608459472656,0.9995484352111816,672.559814453125,137.4178466796875,0.6486762166023254,613.1466064453125,203.5784149169922,0.9999956488609314,632.9417724609375,205.30917358398438,0.9999974370002747,627.0951538085938,215.12408447265625,0.994461178779602,638.0043334960938,219.1483612060547,0.9996947050094604,648.231201171875,216.30355834960938,0.9999244213104248,650.7627563476562,205.6883087158203,0.9999109506607056,641.5568237304688,195.1145782470703,0.9891263246536255
96,406.3675842285156,230.59620666503906,1.0,506.66375732421875,206.91647338867188,0.9999999403953552,498.9002990722656,193.9266815185547,1.0,509.0362548828125,221.81732177734375,0.9999997615814209,624.6014404296875,185.16114807128906,1.0,624.0160522460938,161.36355590820312,1.0,565.69873046875,187.86912536621094,0.9999995231628418,624.6708374023438,172.7416534423828,0.9999999403953552,700.6661987304688,166.73521423339844,0.9999995827674866,783.7293090820312,160.8887176513672,1.0,518.304443359375,232.7801055908203,0.9999975562095642,513.7913818359375,245.04647827148438,0.9999998807907104,525.109375,247.5938262939453,0.538564145565033,518.8915405273438,250.88720703125,0.5232271552085876,512.4390869140625,252.82293701171875,0.9608128070831299,506.6347961425781,249.57583618164062,0.9972537755966187,506.50750732421875,239.79905700683594,0.9795042276382446,507.3588562011719,172.99362182617188,0.9999999403953552,495.7724914550781,170.771484375,0.9999964833259583,500.3588562011719,162.66867065429688,0.9998270273208618,493.7632141113281,161.87173461914062,0.9999909400939941,486.7759094238281,165.9570770263672,0.9999939799308777,488.0123596191406,174.44273376464844,0.9989978075027466,495.935791015625,179.1793975830078,0.5897970795631409,637.503662109375,136.52584838867188,0.9999994039535522,665.7518920898438,129.40432739257812,0.9999980926513672,661.2716064453125,121.74224853515625,0.9999319314956665,670.5208129882812,116.66926574707031,0.9999995231628418,677.2149658203125,118.70330047607422,0.9999998211860657,682.4672241210938,124.0268325805664,0.9996969699859619,672.848876953125,137.1606903076172,0.6986592411994934,613.4376220703125,203.0205078125,0.9999915957450867,632.8923950195312,204.65516662597656,0.9999972581863403,626.4259033203125,214.2569122314453,0.9699853658676147,636.7958374023438,218.32565307617188,0.999626636505127,648.0775756835938,215.86558532714844,0.9999533891677856,650.595458984375,204.86959838867188,0.9999473094940186,641.6845092773438,194.29483032226562,0.9895710945129395
97,405.59759521484375,230.8310546875,1.0,505.4554443359375,207.0112762451172,0.9999999403953552,498.08514404296875,193.91407775878906,1.0,507.38250732421875,221.50790405273438,0.9999992847442627,623.4022216796875,185.4418182373047,1.0,623.7728881835938,160.5637969970703,0.9999998807907104,564.4473876953125,188.42074584960938,0.9999996423721313,624.3975219726562,172.31881713867188,1.0,700.0991821289062,165.5174102783203,0.9999998211860657,781.9400634765625,161.0232696533203,0.9999999403953552,515.7435913085938,233.90408325195312,0.9999980926513672,507.3647766113281,245.99176025390625,0.9999997019767761,518.5354614257812,249.62054443359375,0.11224114894866943,511.9072265625,252.4007568359375,0.05989757180213928,504.63494873046875,252.46087646484375,0.7792953848838806,498.1848449707031,248.40980529785156,0.9956497550010681,500.4273681640625,239.9964141845703,0.9991525411605835,506.67852783203125,172.87554931640625,0.9999999403953552,495.4443054199219,170.62112426757812,0.9999966621398926,500.1093444824219,162.3983917236328,0.9997870326042175,493.6488952636719,161.8010711669922,0.9999887943267822,486.5730285644531,166.0423583984375,0.9999912977218628,488.0318908691406,173.94029235839844,0.9987494945526123,495.8231201171875,178.67715454101562,0.5081425905227661,638.0330810546875,135.03936767578125,0.9999991655349731,666.595703125,129.7732391357422,0.9999995231628418,661.83349609375,122.21190643310547,0.9999455213546753,671.0379638671875,116.44923400878906,0.9999995827674866,677.507080078125,118.69808959960938,0.9999999403953552,682.910888671875,123.74128723144531,0.9998105764389038,675.017333984375,137.28724670410156,0.639829158782959,612.9196166992188,203.191162109375,0.9999963641166687,633.0411376953125,204.32078552246094,0.9999988079071045,625.731201171875,214.32510375976562,0.9775826930999756,637.1471557617188,218.52796936035156,0.9998926520347595,647.9628295898438,215.31585693359375,0.9999850392341614,651.1132202148438,205.27671813964844,0.9999791383743286,642.1781616210938,193.91156005859375,0.9928286075592041
98,404.2098693847656,230.73745727539062,1.0,504.1258544921875,208.03973388671875,0.9999998807907104,497.10406494140625,194.55467224121094,1.0,505.32427978515625,223.48863220214844,0.999999463558197,623.0281372070312,184.54559326171875,1.0,621.9169921875,160.686279296875,0.9999998807907104,563.26220703125,188.80580139160156,0.9999996423721313,623.4965209960938,172.35166931152344,1.0,699.100341796875,164.30015563964844,0.9999997615814209,781.6201171875,159.41319274902344,0.9999998211860657,511.7880859375,238.46075439453125,0.9999901056289673,499.2915344238281,253.33169555664062,0.9999998807907104,508.6460266113281,256.478271484375,0.8954343795776367,503.9366455078125,259.58477783203125,0.4579651355743408,496.0846862792969,261.0213623046875,0.9411648511886597,490.7064208984375,253.4084930419922,0.9993624687194824,492.9560241699219,245.76878356933594,0.9982386827468872,506.201171875,173.78952026367188,1.0,497.0767517089844,170.8997344970703,0.9999850392341614,500.8600158691406,162.57022094726562,0.9983421564102173,495.3258056640625,161.23487854003906,0.9998636245727539,488.3678283691406,165.8496551513672,0.9998350143432617,489.6172790527344,173.35946655273438,0.9881199598312378,496.80145263671875,178.61744689941406,0.2560361623764038,637.8035888671875,136.4965362548828,0.999998927116394,664.423095703125,128.85826110839844,0.9999992847442627,659.3988037109375,120.9609146118164,0.9999963641166687,669.2230224609375,115.76052856445312,0.9999998807907104,676.6758422851562,118.57274627685547,0.9999999403953552,682.8638916015625,124.01933288574219,0.999923825263977,673.1204223632812,136.0916290283203,0.9183635711669922,612.3870239257812,202.94183349609375,0.9999966621398926,632.6280517578125,203.61737060546875,0.9999989867210388,625.0341186523438,213.53688049316406,0.9881068468093872,635.9862670898438,217.48756408691406,0.9999798536300659,647.083251953125,214.55799865722656,0.9999968409538269,650.416748046875,204.92897033691406,0.9999874830245972,641.896240234375,193.10549926757812,0.9970993995666504
99,402.82769775390625,230.35647583007812,1.0,502.3148193359375,209.0577392578125,0.9999998807907104,495.19976806640625,195.1180877685547,1.0,503.15692138671875,225.27996826171875,0.9999993443489075,621.7022094726562,184.58486938476562,0.9999998807907104,619.8048706054688,160.7384796142578,0.9999998807907104,561.42578125,189.76417541503906,0.9999995231628418,621.6547241210938,172.32955932617188,0.9999999403953552,697.7596435546875,163.75350952148438,0.9999998807907104,779.8197631835938,158.17495727539062,0.9999995827674866,506.86737060546875,242.40451049804688,0.9999858140945435,490.29217529296875,257.4865417480469,1.0,500.8094177246094,261.43096923828125,0.9718414545059204,493.4734802246094,263.8346862792969,0.8259327411651611,484.54412841796875,263.7876281738281,0.9989875555038452,480.36505126953125,257.2937316894531,0.9999854564666748,484.0717468261719,247.88372802734375,0.9998689293861389,506.30999755859375,174.6381072998047,0.9999999403953552,497.7582092285156,172.29434204101562,0.9999821782112122,500.880615234375,163.16075134277344,0.9971883893013,495.9507141113281,161.6933135986328,0.9997494220733643,488.6700439453125,166.22767639160156,0.9995362758636475,489.4975891113281,173.8394317626953,0.9815446138381958,495.9184875488281,178.7403564453125,0.12256816029548645,635.4619750976562,135.94313049316406,0.999999463558197,661.7442016601562,128.00747680664062,0.9999998807907104,657.063720703125,119.63919830322266,0.9999979734420776,665.4149780273438,115.5328140258789,0.9999998807907104,673.2361450195312,118.1843032836914,1.0,678.5266723632812,123.41214752197266,0.9999909400939941,668.6682739257812,137.06365966796875,0.9865255355834961,611.777099609375,203.1354522705078,0.9999961853027344,632.7527465820312,203.22657775878906,0.9999990463256836,624.6431274414062,212.7600555419922,0.988385796546936,635.6307983398438,217.17184448242188,0.9999889135360718,646.5269165039062,214.4759063720703,0.9999979734420776,650.5126342773438,204.93972778320312,0.9999796748161316,642.0150146484375,192.7019500732422,0.9954617023468018
100,400.9053955078125,230.69406127929688,1.0,500.5863342285156,209.6201171875,1.0,494.61962890625,194.58203125,0.9999999403953552,500.75048828125,224.99705505371094,0.9999998211860657,620.7534790039062,184.78445434570312,1.0,618.3257446289062,161.57997131347656,0.9999998807907104,560.5216064453125,190.3411407470703,0.9999992847442627,620.47021484375,172.50643920898438,1.0,693.6701049804688,162.14964294433594,0.9999998211860657,776.8922119140625,156.15557861328125,0.9999998211860657,498.59185791015625,245.05624389648438,0.9999940395355225,482.3421630859375,258.8329772949219,1.0,491.2248229980469,265.5549011230469,0.9997849464416504,483.7535095214844,267.83148193359375,0.9996784925460815,476.7703857421875,265.8603515625,0.9999683499336243,472.8806457519531,259.5621032714844,0.9999926090240479,476.5889587402344,250.8370361328125,0.999523937702179,505.7882080078125,175.3475799560547,1.0,497.16607666015625,172.0091552734375,0.9999951124191284,501.1564025878906,163.11264038085938,0.9997314810752869,495.7740173339844,161.3283233642578,0.9999589323997498,488.6682434082031,165.33448791503906,0.9999509453773499,488.9538269042969,174.10800170898438,0.9948746562004089,495.8987731933594,178.51210021972656,0.07744339108467102,630.2184448242188,136.77305603027344,0.999998927116394,657.5618286132812,126.89414978027344,0.9999633431434631,651.3908081054688,120.10504150390625,0.8683372735977173,658.9887084960938,116.08707427978516,0.9999438524246216,665.435546875,118.58984375,0.9999986290931702,669.9808349609375,121.3475112915039,0.999275803565979,660.6707153320312,133.75149536132812,0.05927908420562744,613.100830078125,203.5424041748047,0.999997079372406,633.9462280273438,203.18484497070312,0.9999991655349731,625.608642578125,212.0313720703125,0.9333013296127319,635.899169921875,216.33323669433594,0.9999653100967407,646.9259033203125,214.14027404785156,0.9999954700469971,651.12060546875,204.66915893554688,0.9999481439590454,642.474365234375,192.30308532714844,0.9870043992996216
101,397.912841796875,229.5108184814453,1.0,497.0916748046875,210.3853302001953,1.0,492.290771484375,195.26638793945312,0.9999998807907104,496.8168029785156,226.20091247558594,0.9999998211860657,619.2100219726562,186.81201171875,1.0,615.9845581054688,162.9928741455078,1.0,556.8482055664062,191.54193115234375,0.9999998807907104,617.94580078125,173.68991088867188,0.9999999403953552,690.9426879882812,162.4103240966797,0.9999998807907104,774.7967529296875,155.16925048828125,0.9999999403953552,493.1358337402344,246.1022491455078,0.9999984502792358,477.3148193359375,259.5527038574219,1.0,486.7281799316406,265.17962646484375,0.9999963641166687,479.6355285644531,269.27996826171875,0.9999769330024719,470.0813903808594,267.7789001464844,0.9999997615814209,464.6367492675781,261.3094787597656,0.9999999403953552,468.3648681640625,249.45545959472656,0.9999998807907104,505.3843078613281,176.86155700683594,0.9999998807907104,498.17340087890625,172.19883728027344,0.9999969005584717,502.3208923339844,163.42855834960938,0.9993693232536316,497.16326904296875,160.95120239257812,0.9998366832733154,489.5872802734375,164.915771484375,0.9998737573623657,489.45269775390625,173.47354125976562,0.9664301872253418,495.94537353515625,177.7058868408203,0.01213333010673523,624.494384765625,137.01971435546875,0.9999960660934448,648.9288940429688,128.02928161621094,0.9998044371604919,645.2037353515625,121.29113006591797,0.8839002251625061,650.6162719726562,116.5363540649414,0.9999432563781738,657.6751708984375,116.3284912109375,0.9999974966049194,662.74267578125,120.29705810546875,0.9976379871368408,654.5703125,135.46615600585938,0.03168472647666931,613.60107421875,204.01174926757812,0.999984622001648,634.0367431640625,203.099853515625,0.9999983310699463,626.1197509765625,212.3823699951172,0.665256142616272,635.655517578125,216.2345428466797,0.9999626874923706,646.4357299804688,214.15818786621094,0.999995231628418,650.4080200195312,205.22434997558594,0.9999264478683472,642.6179809570312,193.45034790039062,0.9797237515449524
102,396.28594970703125,229.84786987304688,1.0,494.1682434082031,211.6720733642578,0.9999998807907104,489.55908203125,196.60572814941406,0.9999998807907104,493.62322998046875,227.42276000976562,0.9999996423721313,617.10498046875,188.60476684570312,1.0,613.7833862304688,165.5382537841797,1.0,555.248291015625,192.87522888183594,0.9999999403953552,615.8131713867188,175.99778747558594,1.0,686.17236328125,163.53976440429688,0.9999994039535522,771.7221069335938,153.39207458496094,1.0,488.5024719238281,245.49681091308594,0.9999970197677612,472.3680725097656,258.915771484375,1.0,482.20672607421875,264.5979309082031,0.999998927116394,476.5930480957031,270.656005859375,0.9999939799308777,466.1499328613281,269.10345458984375,0.9999995827674866,460.7664794921875,261.6241149902344,0.9999997615814209,464.7170715332031,251.35179138183594,0.9999997615814209,503.7020568847656,179.825439453125,1.0,498.6357421875,174.68528747558594,0.9999921321868896,502.01397705078125,165.33642578125,0.9981644153594971,497.6429138183594,163.3424072265625,0.9996615648269653,489.8100891113281,167.06324768066406,0.9993764162063599,491.287841796875,174.7022247314453,0.9066756963729858,495.1263122558594,178.88046264648438,0.00171700119972229,615.1394653320312,141.23805236816406,0.9999912977218628,638.58740234375,129.20950317382812,0.9999666213989258,632.3236083984375,123.21011352539062,0.8549634218215942,640.6235961914062,117.7612533569336,0.9984180331230164,648.5435791015625,117.91105651855469,0.999936044216156,654.1386108398438,123.20149230957031,0.994477391242981,643.0675659179688,137.8958740234375,0.024715274572372437,612.1465454101562,206.3497314453125,0.9999933242797852,632.9508666992188,203.54444885253906,0.9999984502792358,625.7042236328125,213.5694580078125,0.9684719443321228,635.44482421875,217.18057250976562,0.9999973773956299,645.919677734375,213.6926727294922,0.9999996423721313,648.1047973632812,204.86521911621094,0.999994158744812,642.011474609375,193.29403686523438,0.9982689023017883
103,393.8680419921875,229.3866729736328,1.0,490.81158447265625,211.43971252441406,0.9999998807907104,487.650634765625,196.63668823242188,0.9999998807907104,489.4848937988281,227.07762145996094,0.9999992847442627,615.2398071289062,189.58135986328125,1.0,609.7488403320312,166.59408569335938,1.0,552.5457763671875,194.9050750732422,0.9999998211860657,612.5940551757812,176.87689208984375,1.0,684.2459106445312,164.40310668945312,0.9999997019767761,770.0833740234375,151.6830596923828,1.0,483.864990234375,245.04693603515625,0.9999990463256836,466.42034912109375,258.366943359375,1.0,476.8604736328125,263.6981506347656,0.9999983310699463,470.45489501953125,268.5531311035156,0.9999988079071045,461.9140625,267.18218994140625,0.9999994039535522,457.2762145996094,260.3206481933594,0.9999996423721313,461.4529113769531,249.7332305908203,0.9999967217445374,502.0066833496094,179.8333282470703,1.0,498.8819580078125,174.26429748535156,0.9999927282333374,502.0357666015625,165.4257049560547,0.9976133704185486,497.98406982421875,162.541259765625,0.9991958141326904,489.5579833984375,166.11590576171875,0.9988510608673096,490.96990966796875,173.54434204101562,0.5466517210006714,558.0056762695312,213.65072631835938,0.0006939172744750977,605.3781127929688,140.51071166992188,0.9999992251396179,631.4468383789062,130.4552459716797,0.9999979734420776,623.7542114257812,124.44921875,0.9991357922554016,630.9304809570312,117.86891174316406,0.9999873638153076,638.4959716796875,118.12108612060547,0.9999940991401672,646.3396606445312,123.75381469726562,0.9993805885314941,637.608642578125,137.1694793701172,0.06644836068153381,614.1529541015625,207.8023681640625,0.9999860525131226,633.85791015625,202.97042846679688,0.9999985694885254,626.2125244140625,212.5534210205078,0.9788463115692139,635.7215576171875,216.8422088623047,0.9999990463256836,645.9093627929688,213.4605712890625,0.9999998807907104,648.5155029296875,204.95758056640625,0.9999959468841553,642.6608276367188,193.48936462402344,0.9991708397865295
104,392.79205322265625,229.93496704101562,1.0,489.53662109375,212.30316162109375,0.9999999403953552,485.3854064941406,197.98069763183594,1.0,487.1449890136719,227.75125122070312,0.9999999403953552,612.815673828125,190.37696838378906,1.0,606.9234008789062,166.8312225341797,1.0,550.033935546875,197.24398803710938,0.9999998807907104,610.0737915039062,178.67994689941406,1.0,680.7101440429688,164.6996612548828,0.9999995827674866,767.372314453125,150.44676208496094,1.0,482.2036437988281,246.18850708007812,0.9999992251396179,464.8544006347656,258.43731689453125,1.0,474.2127990722656,263.6236267089844,0.9999890327453613,467.7121276855469,267.7177734375,0.9999972581863403,459.730712890625,266.47747802734375,0.9999990463256836,455.2737731933594,259.7901916503906,0.9999998807907104,460.25201416015625,249.51821899414062,0.9999964833259583,499.5222473144531,180.76904296875,1.0,498.9214782714844,174.63710021972656,0.9999922513961792,502.752685546875,166.36378479003906,0.9837831258773804,499.3714599609375,163.05491638183594,0.99470055103302,491.2742004394531,166.67538452148438,0.997298002243042,491.70062255859375,172.67041015625,0.24699810147285461,558.5155639648438,213.5955047607422,0.0005967319011688232,599.4978637695312,142.31503295898438,0.9999996423721313,629.0714721679688,131.38710021972656,0.9999992847442627,620.8285522460938,124.70228576660156,0.9965499639511108,628.216796875,118.9866943359375,0.9999890327453613,638.0079956054688,120.49138641357422,0.9999960064888,643.9334106445312,124.81549072265625,0.9999277591705322,634.804931640625,138.37144470214844,0.39214378595352173,613.830322265625,209.8807830810547,0.9999966621398926,633.9196166992188,203.57797241210938,0.9999990463256836,626.5420532226562,213.26644897460938,0.9836164116859436,636.2271118164062,217.46786499023438,0.9999992251396179,645.8084716796875,213.80136108398438,0.9999999403953552,648.5909423828125,205.01126098632812,0.9999969005584717,642.7965698242188,193.32656860351562,0.9993495941162109
105,389.5763244628906,230.51217651367188,1.0,488.0400390625,212.5118408203125,1.0,484.311279296875,197.72555541992188,1.0,485.5542907714844,228.13177490234375,1.0,611.0253295898438,192.44873046875,1.0,603.5275268554688,170.13156127929688,1.0,548.0257568359375,198.71498107910156,0.9999998807907104,607.2453002929688,181.4920654296875,1.0,676.0562133789062,165.32200622558594,1.0,767.0147705078125,148.86509704589844,1.0,481.67742919921875,245.48880004882812,0.999999463558197,464.7878112792969,258.2565612792969,1.0,475.45025634765625,263.2571716308594,0.9999969005584717,469.0029296875,267.9463195800781,0.9999985098838806,460.9036865234375,267.18780517578125,0.9999994039535522,455.1813659667969,260.44427490234375,0.9999998807907104,459.8355712890625,249.38941955566406,0.9999949932098389,497.7921447753906,181.10549926757812,1.0,498.78680419921875,173.42691040039062,0.9999966025352478,503.33251953125,166.16847229003906,0.9863168001174927,497.3892822265625,162.53749084472656,0.9952340126037598,492.43780517578125,165.95797729492188,0.998852014541626,491.9668884277344,171.9109649658203,0.29092296957969666,558.485107421875,213.86715698242188,0.00048407912254333496,593.7890014648438,143.8299560546875,0.9999986886978149,618.0333251953125,136.8042449951172,0.9999946355819702,611.8734130859375,130.9759063720703,0.9991340637207031,618.9686279296875,125.43214416503906,0.9999194145202637,628.8336791992188,126.1725082397461,0.9999510049819946,634.6424560546875,131.65420532226562,0.899381160736084,623.96435546875,146.02590942382812,0.413822740316391,615.6129760742188,210.88877868652344,0.9999956488609314,635.4959716796875,203.4535369873047,0.9999990463256836,627.4064331054688,212.98985290527344,0.6561003923416138,636.0935668945312,217.02902221679688,0.9999994039535522,646.36865234375,214.16319274902344,1.0,649.6013793945312,205.93856811523438,0.9999970197677612,643.8436279296875,193.91505432128906,0.9989829063415527
106,388.0904541015625,230.1311798095703,1.0,485.9809265136719,212.78875732421875,1.0,482.285888671875,198.37315368652344,1.0,483.96978759765625,227.91636657714844,1.0,610.0211181640625,194.11825561523438,1.0,600.9942626953125,171.35438537597656,1.0,546.5034790039062,200.18258666992188,0.9999998211860657,605.5311889648438,182.7019805908203,1.0,672.9571533203125,165.8466796875,0.9999998807907104,765.0546875,147.33685302734375,0.9999999403953552,481.7732238769531,244.3748016357422,0.9999994039535522,464.63348388671875,258.344970703125,1.0,476.1542053222656,263.0198059082031,0.9999985694885254,469.63873291015625,268.62109375,0.9999991655349731,461.1601867675781,268.33221435546875,0.9999995231628418,455.0264587402344,261.3748474121094,0.9999998211860657,459.581787109375,249.68344116210938,0.9999913573265076,495.839599609375,181.41683959960938,0.9999998807907104,497.6796569824219,173.12554931640625,0.9999973177909851,502.8086242675781,166.36660766601562,0.988167405128479,499.38763427734375,162.4166717529297,0.9979059100151062,491.5586853027344,166.06271362304688,0.9991767406463623,490.7668151855469,172.03318786621094,0.2579505443572998,558.3446655273438,213.75794982910156,0.0002879202365875244,584.0477905273438,149.9506378173828,0.9999996423721313,609.065185546875,141.241455078125,0.9999960660934448,603.2012939453125,136.5944366455078,0.9996353983879089,610.4464721679688,129.32130432128906,0.9999819993972778,619.4982299804688,130.6064910888672,0.9999902248382568,625.5391235351562,135.4568328857422,0.9905866384506226,615.9656982421875,148.5870361328125,0.11527127027511597,615.1911010742188,212.02389526367188,0.9999890327453613,635.2626953125,203.1851806640625,0.9999969601631165,628.8934326171875,213.58499145507812,0.14654403924942017,634.6278686523438,217.2396240234375,0.9999982118606567,645.7312622070312,215.43914794921875,0.9999998807907104,649.1923828125,206.09149169921875,0.9999920129776001,643.4329223632812,194.42762756347656,0.9972958564758301
107,384.8170471191406,230.8441162109375,1.0,483.1062316894531,213.1782989501953,1.0,479.8147277832031,198.3076171875,1.0,480.76104736328125,228.2305908203125,1.0,608.1583862304688,195.0430450439453,1.0,596.9295654296875,173.50631713867188,1.0,544.1741943359375,202.23019409179688,0.9999995231628418,602.6661987304688,183.90760803222656,1.0,671.3555297851562,166.2709197998047,0.9999998807907104,762.9486083984375,147.56350708007812,1.0,480.90032958984375,243.79367065429688,0.9999995231628418,464.49957275390625,258.5285339355469,1.0,474.748779296875,263.2763977050781,0.999996542930603,468.0276794433594,268.42010498046875,0.9999988079071045,459.93359375,267.7881164550781,0.9999994039535522,453.85015869140625,260.9831848144531,0.9999999403953552,458.55560302734375,249.94200134277344,0.9999953508377075,496.4739685058594,181.28016662597656,0.9999998807907104,496.7784118652344,173.18495178222656,0.9999967813491821,502.4005126953125,166.20761108398438,0.9906220436096191,498.3794860839844,162.23617553710938,0.9986881017684937,490.7493591308594,166.0955810546875,0.9992692470550537,490.0372619628906,171.68350219726562,0.2669598460197449,478.0213317871094,243.828857421875,0.00018477439880371094,580.4703369140625,154.48011779785156,1.0,603.737548828125,144.73216247558594,0.9999990463256836,597.1150512695312,136.989501953125,0.9997687935829163,606.3411254882812,131.94322204589844,0.9999788999557495,614.2074584960938,134.38888549804688,0.9999240636825562,619.0218505859375,140.5059356689453,0.9352630376815796,610.538818359375,151.32241821289062,0.08852961659431458,615.5408325195312,212.80059814453125,0.999994158744812,634.7667236328125,203.95396423339844,0.9999969005584717,629.1624755859375,213.79885864257812,0.8245786428451538,635.2786865234375,217.02618408203125,0.9999986290931702,646.2896118164062,215.659423828125,0.9999998807907104,648.7581787109375,205.48239135742188,0.9999903440475464,643.2061767578125,194.39761352539062,0.9985366463661194
108,382.4210510253906,231.3252410888672,0.9999998807907104,481.2584228515625,214.22389221191406,1.0,478.28973388671875,198.95480346679688,0.9999998807907104,478.72552490234375,228.78082275390625,1.0,605.5238037109375,196.5539093017578,1.0,593.4987182617188,175.72329711914062,1.0,542.286865234375,203.182861328125,0.9999997615814209,600.1327514648438,185.7570343017578,1.0,669.9110717773438,165.92031860351562,0.9999997019767761,759.3533325195312,146.51344299316406,1.0,479.32806396484375,243.69891357421875,0.9999986886978149,464.1896057128906,258.6881408691406,1.0,474.756103515625,263.279052734375,0.9999978542327881,468.30023193359375,268.55987548828125,0.9999990463256836,460.1502990722656,268.3245544433594,0.9999990463256836,454.0361633300781,262.0098571777344,0.9999998807907104,458.4903869628906,249.8116912841797,0.9999958872795105,494.8555908203125,181.3400115966797,1.0,497.39373779296875,173.16168212890625,0.9999963045120239,502.6332092285156,166.6024932861328,0.8835933208465576,496.98626708984375,162.064453125,0.9785202741622925,493.4449157714844,165.25958251953125,0.9974379539489746,492.0064392089844,168.5128936767578,0.26064926385879517,477.9016418457031,244.53369140625,0.0001857280731201172,578.8895874023438,157.6488494873047,0.9999998211860657,598.5299682617188,146.1839599609375,0.9999962449073792,594.8305053710938,137.4895782470703,0.9989255666732788,601.72314453125,134.03494262695312,0.9999741911888123,607.76318359375,137.3126983642578,0.9999568462371826,612.9337768554688,142.73484802246094,0.9906162619590759,607.5311889648438,154.31280517578125,0.10712864995002747,615.7883911132812,213.56602478027344,0.999997615814209,634.5350341796875,204.42257690429688,0.9999985694885254,629.3545532226562,213.96238708496094,0.9793579578399658,636.0650024414062,216.8143768310547,0.9999990463256836,646.1178588867188,215.12098693847656,0.9999999403953552,648.1212158203125,204.7982177734375,0.9999934434890747,643.2044677734375,194.2376708984375,0.9994703531265259
109,379.6494445800781,232.35922241210938,0.9999999403953552,479.5990295410156,214.1038055419922,1.0,476.2876281738281,198.88619995117188,0.9999999403953552,477.4617919921875,228.08639526367188,0.9999999403953552,604.4923095703125,198.11949157714844,1.0,590.4580078125,177.3719024658203,1.0,539.2876586914062,203.6909942626953,0.9999998211860657,598.0508422851562,187.50335693359375,1.0,667.5737915039062,166.2279510498047,0.9999996423721313,755.545166015625,146.3511199951172,1.0,478.9691162109375,243.24636840820312,0.9999971389770508,463.6982421875,258.5252685546875,1.0,474.26727294921875,262.9371337890625,0.9999973773956299,467.80450439453125,268.2507019042969,0.9999986886978149,459.2002258300781,268.0071105957031,0.9999984502792358,452.95074462890625,261.3230285644531,0.9999998211860657,457.9871520996094,249.2097930908203,0.9999963045120239,493.2879638671875,181.42892456054688,1.0,496.3694763183594,173.25619506835938,0.9999989867210388,502.3973693847656,166.29383850097656,0.99321448802948,495.77764892578125,162.49661254882812,0.9991627335548401,492.0364990234375,165.5892333984375,0.9998997449874878,490.7015075683594,169.45376586914062,0.6204900741577148,477.1419677734375,244.136474609375,0.0002593696117401123,573.6336669921875,161.11080932617188,0.9999997019767761,593.625,148.55624389648438,0.9999812841415405,591.2612915039062,141.08587646484375,0.9833252429962158,598.0739135742188,136.6429901123047,0.9994856119155884,605.0918579101562,139.0957489013672,0.9990366697311401,609.1712036132812,145.91885375976562,0.9422810673713684,601.53759765625,159.22080993652344,0.016815871000289917,615.5179443359375,214.39244079589844,0.999997615814209,633.8727416992188,204.85321044921875,0.9999988079071045,628.9325561523438,214.46646118164062,0.9720416069030762,635.225341796875,217.5189666748047,0.9999995231628418,645.5226440429688,216.0408477783203,0.9999999403953552,648.5177001953125,205.3974609375,0.9999951124191284,643.1859741210938,194.4891815185547,0.9998586177825928
110,377.5957946777344,233.58399963378906,0.9999997615814209,478.60980224609375,214.26654052734375,1.0,475.37091064453125,199.11029052734375,0.9999999403953552,477.740234375,229.0418701171875,0.9999998807907104,602.955810546875,199.23365783691406,1.0,588.3270874023438,179.02464294433594,1.0,537.9078979492188,205.0067138671875,0.9999998807907104,594.9783325195312,188.2955322265625,1.0,665.2373657226562,166.4091796875,0.9999991655349731,754.3955078125,145.44970703125,1.0,478.72772216796875,243.17333984375,0.9999958276748657,463.3022766113281,258.48028564453125,1.0,473.50323486328125,263.2741394042969,0.9999961853027344,467.06781005859375,268.28564453125,0.9999985694885254,458.2211608886719,267.5142517089844,0.9999983310699463,452.58026123046875,260.5461120605469,0.9999998807907104,457.9021911621094,248.8305206298828,0.9999968409538269,492.84552001953125,182.1070556640625,0.9999998807907104,496.9732666015625,172.70753479003906,0.9999997615814209,504.2718200683594,165.5243682861328,0.9998211860656738,496.41552734375,161.3415069580078,0.9999876618385315,490.8634948730469,164.86944580078125,0.9999949932098389,490.4779357910156,169.50482177734375,0.8632102012634277,575.7662963867188,171.43841552734375,0.000534355640411377,569.89111328125,163.5505828857422,0.9999997615814209,591.1238403320312,149.74497985839844,0.999998927116394,586.3820190429688,141.20166015625,0.9996545910835266,593.7518920898438,138.938232421875,0.9999860525131226,602.0918579101562,140.97998046875,0.9999089241027832,606.4519653320312,146.9516143798828,0.9849776029586792,598.6173706054688,159.73753356933594,0.2815092206001282,614.7377319335938,215.15220642089844,0.9999994039535522,633.43115234375,205.55638122558594,0.9999969005584717,627.9258422851562,214.5983123779297,0.8137490749359131,635.6846313476562,218.81484985351562,0.9999992847442627,645.1209716796875,216.97036743164062,0.9999998807907104,648.0859985351562,205.6565704345703,0.9999735355377197,643.7157592773438,195.3486785888672,0.9989060759544373
111,375.5924377441406,234.35250854492188,0.9999998807907104,476.7298889160156,214.68601989746094,1.0,472.7169189453125,199.34706115722656,0.9999998807907104,476.2738037109375,229.8511962890625,0.9999998807907104,601.6950073242188,200.31871032714844,1.0,586.9110717773438,180.5860137939453,1.0,536.0982055664062,205.70814514160156,0.9999997615814209,593.8186645507812,189.68930053710938,1.0,661.9702758789062,166.7826690673828,0.9999997615814209,751.6654663085938,145.30429077148438,1.0,478.23333740234375,243.14688110351562,0.9999971389770508,463.0423583984375,258.75933837890625,1.0,473.6875915527344,263.4552307128906,0.9999953508377075,467.2054138183594,268.4090576171875,0.9999977946281433,457.8371276855469,267.6279602050781,0.9999979734420776,452.0332336425781,260.8267822265625,0.9999998807907104,457.01910400390625,249.3304443359375,0.9999972581863403,490.91217041015625,182.7856903076172,0.9999998807907104,496.0150146484375,172.0489044189453,0.9999998807907104,503.8658142089844,164.90811157226562,0.9999738931655884,495.485595703125,160.57472229003906,0.9999964833259583,489.4065246582031,163.7967071533203,0.9999984502792358,488.8564758300781,168.70896911621094,0.8988876342773438,575.621826171875,172.26895141601562,0.00043714046478271484,566.3409423828125,165.5996551513672,0.9999995231628418,586.1465454101562,153.00823974609375,0.9999994039535522,581.6687622070312,144.20535278320312,0.999954104423523,590.4987182617188,142.0895538330078,0.9999886751174927,598.2455444335938,143.43577575683594,0.999994158744812,601.8038330078125,149.65586853027344,0.9945113658905029,595.636474609375,161.5227508544922,0.6105574369430542,614.8739013671875,215.19525146484375,0.9999986886978149,633.679931640625,205.181396484375,0.9999969601631165,628.752685546875,214.52352905273438,0.47143834829330444,635.2684326171875,218.7297821044922,0.9999980926513672,645.62451171875,216.61366271972656,0.9999997019767761,647.6204833984375,205.7932586669922,0.9999710321426392,643.6769409179688,195.52342224121094,0.9990036487579346
112,373.84423828125,234.54998779296875,1.0,475.2384338378906,214.57948303222656,1.0,471.52044677734375,200.28176879882812,0.9999999403953552,474.3520812988281,230.6453399658203,0.9999998807907104,599.9370727539062,201.9300994873047,1.0,584.5792236328125,181.47755432128906,1.0,534.7734375,206.11480712890625,0.9999997615814209,592.144775390625,191.2308807373047,1.0,658.6204223632812,166.22129821777344,0.9999998807907104,749.5443725585938,144.88351440429688,0.9999998807907104,476.5640563964844,242.9988555908203,0.9999988079071045,462.79620361328125,258.8424072265625,1.0,473.73419189453125,263.4208068847656,0.9999949932098389,467.4476318359375,268.72296142578125,0.9999973773956299,457.6966552734375,268.1399230957031,0.999997615814209,451.6106872558594,261.1066589355469,0.9999997615814209,456.5231018066406,249.64962768554688,0.9999974370002747,489.9214172363281,182.90167236328125,0.9999998807907104,495.95550537109375,171.4922637939453,0.9999998211860657,504.2623291015625,164.41912841796875,0.9999614953994751,496.3899230957031,159.58045959472656,0.9999963045120239,489.5748596191406,163.34161376953125,0.9999985694885254,488.7902526855469,168.17892456054688,0.928611159324646,463.6146545410156,242.64407348632812,0.00031366944313049316,563.6514892578125,166.3126983642578,0.9999992847442627,581.5137329101562,154.27040100097656,0.9999974966049194,577.9603271484375,145.51551818847656,0.9987754225730896,585.8619995117188,143.28659057617188,0.9999086856842041,593.759033203125,145.2061004638672,0.9999916553497314,596.5337524414062,152.58270263671875,0.9934347867965698,592.0300903320312,163.22427368164062,0.43012529611587524,615.6632080078125,215.6637725830078,0.9999977350234985,633.6307983398438,205.29884338378906,0.9999982118606567,628.874755859375,214.88038635253906,0.6231403350830078,636.5060424804688,218.72694396972656,0.9999982118606567,646.0120239257812,216.6136016845703,0.9999997019767761,647.62451171875,206.3914031982422,0.9999712109565735,643.6689453125,195.3074493408203,0.9988827705383301
113,372.3152770996094,235.9357147216797,1.0,473.74847412109375,214.60740661621094,1.0,468.7551574707031,199.51156616210938,1.0,472.77935791015625,230.30514526367188,1.0,597.7989501953125,204.00364685058594,1.0,582.8273315429688,183.5642547607422,0.9999998807907104,533.4693603515625,206.626953125,0.9999999403953552,591.9085693359375,193.29379272460938,1.0,657.3518676757812,165.47645568847656,0.9999997615814209,747.7981567382812,144.08941650390625,0.9999998807907104,475.9026184082031,242.61068725585938,0.9999959468841553,462.7493591308594,258.9250183105469,1.0,474.18096923828125,262.62701416015625,0.999995768070221,468.6692199707031,268.6022033691406,0.9999976754188538,458.47283935546875,269.2589111328125,0.9999980926513672,451.4679260253906,262.04400634765625,0.9999995231628418,456.40850830078125,249.48080444335938,0.9999971389770508,488.21063232421875,184.41517639160156,0.9999999403953552,495.28057861328125,172.10194396972656,0.9999996423721313,503.77978515625,165.3912353515625,0.9999722242355347,495.3496398925781,160.5048828125,0.999996542930603,488.9710693359375,163.92440795898438,0.9999972581863403,488.1167297363281,168.79356384277344,0.7563768625259399,566.1483764648438,175.9127655029297,0.004286736249923706,560.9762573242188,168.89508056640625,0.9999988079071045,575.4077758789062,157.76332092285156,0.9999960660934448,571.9364013671875,150.51779174804688,0.9993322491645813,580.4061889648438,147.641357421875,0.999980628490448,590.6512451171875,151.23623657226562,0.9998778700828552,592.8112182617188,156.32740783691406,0.9069880843162537,584.9472045898438,166.2473602294922,0.005533307790756226,615.7652587890625,214.66299438476562,0.9999954104423523,635.01123046875,204.93585205078125,0.9999970197677612,628.8181762695312,214.298095703125,0.2641562223434448,635.2237548828125,218.3600616455078,0.9999980926513672,644.3278198242188,217.13995361328125,0.9999991655349731,647.5430297851562,207.33016967773438,0.9998795390129089,643.8197631835938,196.4091033935547,0.9977226257324219
114,369.36322021484375,237.48294067382812,1.0,472.3687744140625,215.76817321777344,1.0,467.75006103515625,200.93775939941406,0.9999998807907104,470.7710266113281,231.40399169921875,1.0,596.9188232421875,204.28573608398438,1.0,581.4039916992188,184.4661865234375,0.9999997615814209,532.7711181640625,207.139892578125,0.9999997615814209,590.4315795898438,193.96571350097656,1.0,655.5997314453125,164.7476043701172,0.9999995827674866,743.9620971679688,143.92637634277344,1.0,474.9889221191406,243.16954040527344,0.9999978542327881,462.6882019042969,259.2303771972656,1.0,473.71429443359375,262.66131591796875,0.9999920129776001,468.3260498046875,268.41497802734375,0.999994158744812,458.3661804199219,269.01959228515625,0.9999963045120239,451.3015441894531,261.89642333984375,0.9999994039535522,456.3028869628906,249.51333618164062,0.9999954104423523,486.4409484863281,185.7678985595703,1.0,494.6475830078125,172.3506317138672,0.9999998807907104,504.22296142578125,165.6711883544922,0.9999878406524658,495.19091796875,160.08056640625,0.9999992251396179,488.1888122558594,163.8068389892578,0.9999990463256836,486.94781494140625,169.05783081054688,0.9263903498649597,565.0308837890625,174.65383911132812,0.02109357714653015,558.86181640625,169.81472778320312,0.9999985694885254,573.6001586914062,159.1768035888672,0.9999997019767761,567.2955322265625,152.1887969970703,0.9999911785125732,577.257080078125,147.92642211914062,0.9999994039535522,587.9590454101562,150.9342803955078,0.9999923706054688,590.8809204101562,156.70285034179688,0.9870433807373047,582.8323364257812,166.29098510742188,0.03855770826339722,615.6264038085938,214.48133850097656,0.9999896287918091,634.9732055664062,204.8514862060547,0.9999979734420776,628.8870239257812,214.3375701904297,0.40052223205566406,634.9951171875,218.90185546875,0.9999984502792358,644.54638671875,216.9839324951172,0.9999992251396179,647.6365356445312,207.96286010742188,0.9999040961265564,643.6699829101562,197.09164428710938,0.9986578226089478
115,368.0173034667969,238.71258544921875,1.0,470.6028747558594,216.38619995117188,1.0,464.73114013671875,201.0041046142578,0.9999998807907104,468.9912109375,232.37094116210938,1.0,594.3568115234375,203.99082946777344,0.9999999403953552,579.0745239257812,183.53675842285156,0.9999997615814209,530.9440307617188,207.85806274414062,0.9999999403953552,588.0588989257812,193.58544921875,1.0,653.0411987304688,164.78726196289062,0.9999991655349731,741.9361572265625,144.70208740234375,1.0,473.8894348144531,243.6677703857422,0.9999986290931702,462.6502380371094,259.4113464355469,1.0,473.7046813964844,263.5896301269531,0.9999925494194031,467.761962890625,268.7413024902344,0.9999955892562866,458.1884765625,269.0977783203125,0.999996542930603,451.4150085449219,261.8417663574219,0.999999463558197,456.2303161621094,249.55245971679688,0.9999979734420776,484.7220764160156,186.69651794433594,1.0,494.8305358886719,172.05169677734375,0.9999998807907104,503.87811279296875,164.9390411376953,0.9999948740005493,495.106689453125,160.07086181640625,0.9999997019767761,487.87335205078125,164.3501434326172,0.9999997019767761,486.30914306640625,170.17962646484375,0.9779430627822876,563.2274169921875,174.31777954101562,0.028656870126724243,557.0916137695312,172.03439331054688,0.9999992847442627,570.3889770507812,158.81509399414062,0.9999991059303284,562.4197998046875,152.28555297851562,0.9999953508377075,572.6133422851562,148.00343322753906,0.999998927116394,582.3428955078125,150.3945770263672,0.9999988079071045,587.4741821289062,156.55538940429688,0.9971473813056946,579.2774047851562,166.24249267578125,0.17279505729675293,613.4298706054688,215.1553497314453,0.9999974966049194,632.7046508789062,205.95762634277344,0.999999463558197,626.078857421875,214.98326110839844,0.4276004433631897,631.8826293945312,219.6136474609375,0.9999969005584717,640.8975830078125,217.9932861328125,0.9999948740005493,643.4815063476562,209.49989318847656,0.9998166561126709,640.8635864257812,198.02976989746094,0.9956405162811279
116,365.7078552246094,239.025146484375,0.9999999403953552,467.1199645996094,217.4954833984375,1.0,461.2230529785156,202.9340057373047,0.9999992847442627,466.025146484375,232.9861602783203,1.0,592.0833740234375,204.61337280273438,0.9999998807907104,577.106689453125,184.3229522705078,0.9999992847442627,528.6924438476562,208.64340209960938,0.9999998807907104,585.2883911132812,194.52560424804688,0.9999998807907104,650.7991333007812,165.75830078125,0.9999992847442627,739.9368896484375,144.63638305664062,1.0,473.52374267578125,243.64279174804688,0.9999985694885254,462.9173278808594,259.16357421875,1.0,474.13238525390625,263.4884948730469,0.9999891519546509,468.15625,268.4344787597656,0.9999973773956299,458.6957702636719,269.2274475097656,0.999997615814209,451.6657409667969,262.56524658203125,0.9999995827674866,455.610107421875,249.54127502441406,0.9999994039535522,481.9663391113281,187.2259063720703,0.9999998807907104,493.625244140625,172.68923950195312,0.9999994039535522,502.9605407714844,165.34033203125,0.9999955892562866,495.222900390625,161.4757843017578,0.9999994039535522,487.35443115234375,165.1774139404297,0.9999992847442627,485.1190185546875,170.02182006835938,0.8753839731216431,561.116455078125,175.05526733398438,0.026514559984207153,555.4266967773438,172.32241821289062,0.9999992251396179,569.0266723632812,159.4810028076172,0.9999986886978149,561.44970703125,152.45632934570312,0.9999957084655762,572.2391967773438,148.13525390625,0.9999992251396179,581.9073486328125,150.48536682128906,0.9999992251396179,586.7174682617188,156.5938262939453,0.9974253177642822,578.1878051757812,166.81460571289062,0.23819047212600708,612.7532348632812,215.759765625,0.9999979734420776,632.944580078125,206.7554931640625,0.9999991655349731,626.0582275390625,215.82713317871094,0.14613106846809387,632.4459838867188,219.17050170898438,0.9999830722808838,639.4521484375,218.9496612548828,0.9999775290489197,641.7577514648438,210.2872314453125,0.9996124505996704,640.101318359375,200.2098846435547,0.9885694980621338
117,363.4563903808594,240.33682250976562,0.9999999403953552,465.64111328125,219.04689025878906,1.0,460.1302795410156,203.63189697265625,0.9999997615814209,465.15142822265625,233.4659423828125,1.0,590.5736694335938,204.80491638183594,0.9999995231628418,575.0101318359375,185.1110382080078,0.9999988079071045,527.3627319335938,208.71409606933594,0.9999998807907104,584.3287963867188,195.46995544433594,0.9999998807907104,647.6235961914062,166.23724365234375,0.9999992847442627,737.9771728515625,144.41238403320312,1.0,472.94781494140625,245.10023498535156,0.9999990463256836,462.95465087890625,259.2369689941406,1.0,473.78173828125,263.3381042480469,0.9999843835830688,468.25469970703125,268.7339782714844,0.999992847442627,458.4404296875,268.9937438964844,0.9999919533729553,451.90582275390625,262.5520324707031,0.9999993443489075,456.111083984375,250.33999633789062,0.9999991655349731,479.33978271484375,187.39645385742188,0.9999999403953552,487.88031005859375,177.33331298828125,0.9999339580535889,496.7813415527344,168.7456512451172,0.9916175603866577,489.602294921875,163.8173370361328,0.9971833229064941,483.94268798828125,167.20298767089844,0.9988462924957275,482.1165466308594,173.56260681152344,0.11807379126548767,558.5646362304688,176.22598266601562,0.010777592658996582,553.6050415039062,172.14833068847656,0.999998927116394,568.3463134765625,159.76112365722656,0.999998927116394,560.8952026367188,152.51483154296875,0.999997615814209,571.5504150390625,147.86581420898438,0.9999994039535522,581.1475830078125,150.5492401123047,0.9999997019767761,585.8529663085938,157.354736328125,0.9995088577270508,576.10498046875,168.283935546875,0.46329352259635925,610.8353881835938,216.1455535888672,0.9999926090240479,632.5638427734375,206.6842041015625,0.9999992251396179,627.1943359375,217.1851348876953,0.12099301815032959,631.7579345703125,219.46774291992188,0.9998962879180908,638.3255004882812,218.63059997558594,0.9998630881309509,641.2149047851562,210.234130859375,0.998860239982605,639.1788940429688,200.9353485107422,0.9790399074554443
118,360.9359130859375,241.93655395507812,1.0,463.02569580078125,219.9855194091797,0.9999999403953552,456.1332092285156,204.245361328125,0.9999997615814209,463.00537109375,234.4884796142578,0.9999997615814209,589.7515258789062,205.1458282470703,0.9999996423721313,574.3199462890625,185.4157257080078,0.9999985098838806,523.9105224609375,208.39996337890625,1.0,583.2092895507812,195.55897521972656,1.0,646.86376953125,166.4160919189453,0.9999997019767761,736.4693603515625,144.48561096191406,1.0,472.1557312011719,245.34922790527344,0.9999994039535522,463.1524353027344,259.66705322265625,1.0,474.46197509765625,263.1688537597656,0.9999656677246094,468.9373474121094,268.9356994628906,0.9999717473983765,458.9312744140625,269.5131530761719,0.99996417760849,451.84478759765625,263.12030029296875,0.9999985694885254,455.7923889160156,250.95375061035156,0.9999983310699463,472.9494323730469,187.49790954589844,0.9999998211860657,480.9056396484375,175.25753784179688,0.9988503456115723,490.26904296875,165.2308349609375,0.4521310329437256,485.5158996582031,161.89974975585938,0.5984420776367188,478.6198425292969,163.9077911376953,0.5194992423057556,476.2928161621094,171.05323791503906,0.0011436939239501953,558.2747192382812,176.11122131347656,0.0037915408611297607,552.963134765625,172.18540954589844,0.9999994039535522,567.0059204101562,159.1721649169922,0.9999979734420776,560.2755126953125,152.6140594482422,0.9999498128890991,570.5718383789062,148.2915496826172,0.9999980330467224,580.0901489257812,150.90138244628906,0.9999977946281433,584.0438842773438,157.4965057373047,0.9921066164970398,574.8522338867188,167.6617431640625,0.09721562266349792,609.865478515625,215.54794311523438,0.9999975562095642,629.1320190429688,207.61508178710938,0.9999915361404419,627.7346801757812,217.82546997070312,0.09053093194961548,628.403076171875,220.20086669921875,0.9053035974502563,634.476806640625,218.8123321533203,0.5850000977516174,636.6693115234375,209.1210174560547,0.26778990030288696,635.2828369140625,200.7557830810547,0.2152378261089325
119,359.6397705078125,243.07073974609375,1.0,460.0322265625,220.66712951660156,1.0,454.29547119140625,205.3260955810547,1.0,461.3173522949219,235.636962890625,0.9999995231628418,586.8252563476562,205.46627807617188,0.9999995827674866,571.9824829101562,185.55873107910156,0.9999992847442627,520.9450073242188,209.16868591308594,1.0,580.3325805664062,195.81082153320312,1.0,644.9606323242188,166.9743194580078,0.9999998211860657,735.0989990234375,145.27735900878906,1.0,470.877685546875,245.79598999023438,0.9999995827674866,463.55145263671875,259.44024658203125,1.0,474.4641418457031,263.1435241699219,0.999981164932251,469.24627685546875,268.9610595703125,0.9999851584434509,459.302978515625,269.7054138183594,0.9999794960021973,452.50213623046875,262.9554443359375,0.9999984502792358,455.7623291015625,250.9143524169922,0.999995231628418,467.35308837890625,188.19241333007812,0.9999998807907104,467.8824462890625,178.705078125,0.9999808073043823,474.1991271972656,171.45059204101562,0.04567202925682068,469.4234313964844,165.3314971923828,0.08044001460075378,465.3135070800781,167.58949279785156,0.37568581104278564,463.3541259765625,173.2007293701172,0.010353714227676392,555.3219604492188,179.82284545898438,0.002325594425201416,551.5423583984375,171.28564453125,0.999999463558197,566.6966552734375,159.60784912109375,0.999998927116394,560.4281616210938,152.72409057617188,0.999964714050293,570.0309448242188,147.930908203125,0.9999984502792358,579.5496826171875,150.9542999267578,0.9999982714653015,583.28173828125,157.92274475097656,0.9976787567138672,575.620849609375,167.89199829101562,0.11313340067863464,609.1485595703125,215.52108764648438,0.9999985694885254,627.0152587890625,207.83712768554688,0.9999794960021973,626.8705444335938,217.49679565429688,0.09445694088935852,629.6030883789062,221.19635009765625,0.9327216148376465,632.4359741210938,218.90472412109375,0.6535836458206177,635.8246459960938,211.67503356933594,0.10975688695907593,635.7156372070312,201.72496032714844,0.09384468197822571
120,358.51885986328125,243.9060516357422,1.0,459.182373046875,220.73475646972656,1.0,452.752685546875,204.88710021972656,1.0,460.3937072753906,235.4634246826172,0.9999972581863403,584.9932250976562,205.13172912597656,0.9999992847442627,570.198486328125,185.66171264648438,0.999998927116394,518.9923095703125,209.69239807128906,0.9999998211860657,578.115234375,195.921630859375,0.9999998807907104,643.9486083984375,167.65769958496094,0.9999998807907104,734.8767700195312,146.93357849121094,0.9999998807907104,471.4692077636719,246.00901794433594,0.9999994039535522,463.72442626953125,258.78106689453125,1.0,475.0556640625,262.2044982910156,0.9999915957450867,469.5631408691406,268.21685791015625,0.9999876022338867,459.2664794921875,268.9884948730469,0.9999898672103882,452.2781066894531,262.18963623046875,0.9999986290931702,455.6846008300781,249.65774536132812,0.999989926815033,456.95513916015625,185.6104278564453,0.9999932050704956,452.9596862792969,173.3340606689453,0.9999542832374573,461.8895263671875,166.82308959960938,0.28234800696372986,455.064697265625,160.374755859375,0.19728192687034607,450.56005859375,161.65380859375,0.21848911046981812,446.99993896484375,165.2499542236328,0.007272928953170776,554.49560546875,179.33070373535156,0.0018646419048309326,550.0563354492188,171.22784423828125,0.9999997615814209,566.3150634765625,160.2622833251953,0.9999993443489075,559.6968383789062,153.1364288330078,0.9999799728393555,568.9249267578125,147.79640197753906,0.9999986886978149,578.7156372070312,150.65585327148438,0.9999990463256836,582.9949951171875,158.1228790283203,0.9996455907821655,575.8259887695312,168.5340118408203,0.21520942449569702,608.169921875,216.4831085205078,0.9999992251396179,622.9342041015625,208.54766845703125,0.9998600482940674,625.1029052734375,217.720947265625,0.023739486932754517,626.65869140625,220.9640655517578,0.5229204893112183,628.3265991210938,220.640625,0.11227381229400635,628.3756103515625,213.5340576171875,0.0028708577156066895,633.7760009765625,202.9033660888672,0.006741583347320557
121,356.7030334472656,244.8265838623047,1.0,456.9607849121094,220.53758239746094,0.9999998807907104,447.6575012207031,205.43038940429688,0.9999998807907104,458.698974609375,235.24081420898438,0.9999988079071045,583.9915161132812,205.245849609375,0.9999997019767761,568.5277099609375,185.72335815429688,0.9999992847442627,516.8541259765625,209.4987030029297,0.9999998807907104,576.07080078125,195.95382690429688,0.9999998807907104,642.52587890625,168.5840606689453,0.9999997615814209,732.9049682617188,148.07281494140625,0.9999999403953552,471.18963623046875,244.58326721191406,0.9999994039535522,464.7113037109375,257.239013671875,1.0,476.7049560546875,261.59161376953125,0.9999594688415527,470.23846435546875,267.5609436035156,0.9999784231185913,460.0982971191406,268.32464599609375,0.9999917149543762,453.47906494140625,260.5955505371094,0.9999988079071045,456.7408142089844,247.52496337890625,0.9999617338180542,445.56005859375,184.6960906982422,0.9999929666519165,427.3722839355469,175.5716094970703,0.9994839429855347,434.17694091796875,167.2661590576172,0.2544124722480774,428.6053466796875,163.79193115234375,0.15534168481826782,423.69647216796875,166.23587036132812,0.08759060502052307,420.23907470703125,170.13490295410156,0.04082894325256348,427.2803039550781,190.35671997070312,0.006211727857589722,548.1683959960938,170.7193603515625,0.9999995231628418,565.6642456054688,160.18577575683594,0.9999994039535522,559.298828125,152.88233947753906,0.9999845027923584,568.3294067382812,147.3629608154297,0.999998927116394,578.4934692382812,149.96664428710938,0.999999463558197,582.7642822265625,157.85235595703125,0.9997009038925171,575.4739990234375,168.95741271972656,0.2286088764667511,606.0692138671875,216.1597442626953,0.999993085861206,623.4697875976562,206.9362030029297,0.9999781847000122,624.1785278320312,217.21438598632812,0.032179832458496094,627.9910278320312,219.35748291015625,0.7448835968971252,631.980224609375,218.2447967529297,0.47267094254493713,633.6080932617188,209.4487762451172,0.018313497304916382,631.3114624023438,202.33465576171875,0.011270701885223389
122,354.8152770996094,245.80810546875,1.0,454.1408386230469,220.4481201171875,0.9999999403953552,442.415771484375,206.09580993652344,0.9999982714653015,457.0633544921875,234.87400817871094,0.999999463558197,580.8267211914062,206.3374481201172,1.0,566.8673706054688,185.52413940429688,1.0,514.8463134765625,208.8511199951172,0.9999999403953552,574.6392822265625,195.55169677734375,1.0,641.7929077148438,168.6256866455078,0.9999988079071045,727.9609375,150.326416015625,1.0,469.9087829589844,243.96859741210938,0.9999997019767761,466.6761169433594,257.7773132324219,1.0,477.9524841308594,260.0231018066406,0.9998927712440491,473.0501708984375,266.5002746582031,0.9998613595962524,464.0094299316406,269.6443786621094,0.9998922348022461,456.0538024902344,262.609130859375,0.9999621510505676,458.0288391113281,249.61502075195312,0.9954284429550171,432.2917785644531,185.30091857910156,0.9999973177909851,411.7519226074219,184.4496612548828,0.9999942779541016,416.9577331542969,174.70562744140625,0.9843413829803467,411.7130432128906,173.49412536621094,0.9862927198410034,401.7916564941406,176.6122283935547,0.9989228844642639,400.7312316894531,183.33132934570312,0.9991258978843689,405.58013916015625,191.3485565185547,0.997677206993103,546.41650390625,169.62925720214844,0.9999992251396179,564.3128051757812,159.94264221191406,0.9999990463256836,558.8203125,153.58758544921875,0.9999728202819824,567.8177490234375,148.1759490966797,0.999997615814209,577.86376953125,151.21153259277344,0.9999985098838806,581.9998779296875,159.3903350830078,0.9994996190071106,573.5345458984375,169.5915985107422,0.19976571202278137,599.5001831054688,218.8197479248047,0.9999971389770508,620.1029663085938,210.99310302734375,0.9997333288192749,622.1520385742188,222.799072265625,0.014521032571792603,622.0411987304688,222.06297302246094,0.02694380283355713,629.2168579101562,222.567138671875,0.003138035535812378,640.1725463867188,210.86508178710938,0.0004956424236297607,628.84130859375,205.21368408203125,0.002908945083618164
123,350.9748229980469,247.04067993164062,1.0,447.45074462890625,219.94056701660156,1.0,436.84112548828125,207.20559692382812,0.9999961853027344,452.59014892578125,234.24288940429688,0.9999999403953552,574.5231323242188,205.9339141845703,1.0,563.3412475585938,184.0933380126953,1.0,511.0559997558594,207.76828002929688,1.0,569.51171875,194.8369903564453,1.0,640.0794067382812,171.24737548828125,0.9999984502792358,725.8900756835938,153.22705078125,1.0,466.26727294921875,242.47174072265625,0.9999986886978149,466.7894287109375,257.58367919921875,1.0,478.4837646484375,258.68316650390625,0.9999641180038452,474.8021545410156,265.7291259765625,0.9999183416366577,466.666259765625,269.5151062011719,0.9999186992645264,456.7410888671875,264.5499267578125,0.999861478805542,457.50311279296875,250.48141479492188,0.9935125112533569,423.66644287109375,186.9141845703125,0.9999733567237854,399.6714172363281,187.20106506347656,0.9999934434890747,403.9904479980469,178.09718322753906,0.9909892678260803,400.1674499511719,178.20758056640625,0.9947252869606018,392.40985107421875,180.6194305419922,0.9989049434661865,392.25225830078125,187.8461456298828,0.9877084493637085,399.5597839355469,194.6077880859375,0.982529878616333,543.1392211914062,169.33328247070312,0.9999982118606567,564.39990234375,160.1219024658203,0.9999980330467224,557.8609008789062,153.57510375976562,0.9999710917472839,566.233642578125,148.13693237304688,0.9999979734420776,576.0018310546875,149.13414001464844,0.9999982118606567,581.8702392578125,158.0472869873047,0.9995919466018677,568.2479858398438,169.615234375,0.4909587800502777,578.1199340820312,225.6233367919922,0.9999996423721313,594.8272705078125,219.69216918945312,0.999491810798645,591.2303466796875,220.96810913085938,0.014522910118103027,592.9180908203125,229.78244018554688,0.01887926459312439,477.01593017578125,269.2713928222656,0.0018819570541381836,607.3228149414062,217.53598022460938,0.0006194710731506348,604.6932373046875,210.6580352783203,0.11514818668365479
124,347.4156799316406,247.8975372314453,1.0,444.1180725097656,220.95912170410156,1.0,430.6163024902344,207.95518493652344,0.9999937415122986,448.154052734375,235.481201171875,0.9999998807907104,569.5709838867188,207.7265167236328,1.0,559.2263793945312,183.43695068359375,1.0,506.11474609375,206.09576416015625,0.9999998807907104,564.8844604492188,195.44056701660156,1.0,635.5485229492188,175.9156951904297,0.9999985694885254,723.1073608398438,156.6795196533203,1.0,462.5274353027344,243.69911193847656,0.9999995231628418,466.31207275390625,258.14764404296875,1.0,478.6246643066406,258.99737548828125,0.9999984502792358,475.9212951660156,266.7832336425781,0.9999872446060181,466.4683532714844,270.55157470703125,0.9999707937240601,456.659423828125,266.86376953125,0.9997422099113464,455.97698974609375,252.8142852783203,0.991890549659729,416.5062561035156,190.955322265625,0.9999992847442627,390.46844482421875,192.59617614746094,1.0,396.67181396484375,183.6770782470703,0.9999939203262329,390.29388427734375,182.02793884277344,0.9999974966049194,380.4510498046875,187.94204711914062,0.9999983310699463,380.31646728515625,196.387451171875,0.9999812245368958,392.57269287109375,204.03587341308594,0.9998651742935181,540.245361328125,166.1831512451172,0.9999996423721313,563.7103881835938,160.1707763671875,0.9999977350234985,556.064208984375,153.9784393310547,0.9999001026153564,564.7598876953125,147.05650329589844,0.999997615814209,577.3541259765625,147.57681274414062,0.9999955892562866,582.6148071289062,156.85504150390625,0.9967054128646851,568.3510131835938,168.623779296875,0.07804760336875916,562.9644775390625,225.83851623535156,0.9999988079071045,583.30517578125,226.11288452148438,0.8245526552200317,576.7776489257812,228.26995849609375,0.011471331119537354,578.5138549804688,232.15492248535156,0.00788891315460205,477.544921875,269.9525146484375,0.0037106871604919434,484.3253479003906,263.13323974609375,0.000436633825302124,598.9210815429688,219.12252807617188,0.0008142590522766113
125,341.73431396484375,248.70794677734375,1.0,438.4670104980469,222.10162353515625,0.9999997019767761,425.3492431640625,209.07334899902344,0.9999982118606567,444.49249267578125,236.7998046875,0.9999998211860657,558.161376953125,208.47865295410156,1.0,554.4849853515625,182.7777557373047,1.0,496.3476867675781,204.87753295898438,0.9999998807907104,557.0853881835938,195.90635681152344,1.0,630.6696166992188,178.06602478027344,0.9999997615814209,720.2283325195312,162.0042266845703,1.0,459.9184875488281,244.34271240234375,0.9999996423721313,466.3072204589844,257.2204284667969,1.0,478.78955078125,258.38470458984375,0.9999997615814209,475.2318115234375,266.6204833984375,0.9999977350234985,465.5283203125,270.71673583984375,0.9999943971633911,457.0736083984375,267.00091552734375,0.9999344944953918,454.8370056152344,254.04273986816406,0.9957507848739624,415.0837707519531,190.57005310058594,0.9999993443489075,390.5601806640625,191.2837371826172,0.9999999403953552,396.6502380371094,183.02622985839844,0.9999892711639404,390.5973815917969,182.32781982421875,0.9999918937683105,381.9088439941406,185.82496643066406,0.9999873638153076,381.7906188964844,193.6947021484375,0.9997072219848633,391.11322021484375,200.10853576660156,0.9992284774780273,540.654541015625,161.37509155273438,0.9999997019767761,564.8292846679688,157.30625915527344,0.9999995231628418,558.2489013671875,152.51657104492188,0.9988123178482056,567.3807373046875,145.21612548828125,0.9999672770500183,576.6690673828125,147.65155029296875,0.9999942779541016,583.144775390625,154.30340576171875,0.9973443746566772,571.3418579101562,164.2881317138672,0.024104148149490356,546.3464965820312,228.14956665039062,0.9999997019767761,565.559326171875,237.4478759765625,0.99988853931427,554.2015380859375,245.9031219482422,0.09577354788780212,563.1243896484375,250.51148986816406,0.08813369274139404,572.3265991210938,250.30897521972656,0.004418164491653442,581.4735107421875,239.7687225341797,0.05927509069442749,579.306884765625,225.92433166503906,0.342517614364624
126,336.912109375,250.44264221191406,1.0,432.3179626464844,223.03204345703125,0.9999999403953552,419.72674560546875,211.10874938964844,0.9999998807907104,439.95196533203125,237.62815856933594,0.9999998807907104,550.4757080078125,206.9931640625,1.0,549.9642333984375,181.47091674804688,1.0,490.9973449707031,205.52560424804688,0.9999997615814209,551.4921264648438,194.2423095703125,1.0,624.1629638671875,180.41871643066406,0.9999998807907104,716.0159301757812,167.05760192871094,1.0,457.30523681640625,245.1512451171875,0.9999994039535522,465.8227233886719,256.951416015625,1.0,478.9936218261719,259.04840087890625,0.9999999403953552,474.69189453125,267.09478759765625,0.9999986886978149,465.0699768066406,270.694580078125,0.9999951124191284,456.99725341796875,267.13885498046875,0.99986732006073,454.0838317871094,254.57949829101562,0.9689860343933105,411.62579345703125,190.9871826171875,0.999997615814209,389.06597900390625,191.5706329345703,1.0,395.7788391113281,182.171630859375,0.9999843239784241,388.8587341308594,181.54818725585938,0.999993622303009,380.10223388671875,186.42312622070312,0.9999971389770508,379.95782470703125,194.64779663085938,0.9999860525131226,390.02764892578125,200.78030395507812,0.999903678894043,540.2318115234375,159.63343811035156,0.9999996423721313,564.7779541015625,156.41358947753906,0.9999990463256836,558.45556640625,151.69741821289062,0.9866098165512085,568.1220092773438,144.32763671875,0.9996833801269531,576.3750610351562,147.07923889160156,0.9999833106994629,583.5603637695312,152.8858184814453,0.9939579963684082,573.656982421875,162.68484497070312,0.019448429346084595,539.78759765625,226.7660675048828,0.999998152256012,555.523681640625,238.88763427734375,0.9999494552612305,545.5646362304688,247.43910217285156,0.23345845937728882,550.6797485351562,250.37664794921875,0.20122340321540833,565.3330688476562,251.34756469726562,0.022928863763809204,571.787353515625,241.99853515625,0.06095734238624573,565.4924926757812,229.60816955566406,0.463358610868454
127,331.77423095703125,251.8110809326172,0.9999998807907104,428.44677734375,224.35707092285156,0.9999998807907104,414.459228515625,212.68658447265625,0.9999999403953552,435.7296142578125,238.60934448242188,0.9999998807907104,544.21142578125,206.1389617919922,1.0,545.5625610351562,180.76992797851562,1.0,485.80743408203125,204.24142456054688,0.9999996423721313,546.5276489257812,193.04747009277344,1.0,618.861083984375,182.5081787109375,0.9999997615814209,707.5579223632812,169.40101623535156,1.0,455.36614990234375,246.5071258544922,0.9999998807907104,465.1427307128906,256.6836242675781,1.0,478.9338073730469,258.514404296875,0.9999995827674866,475.21051025390625,267.2118835449219,0.9999978542327881,465.1688232421875,271.1466369628906,0.9999929666519165,457.2021484375,268.13623046875,0.9997806549072266,453.8587646484375,256.4573974609375,0.963645339012146,409.8619689941406,191.65927124023438,0.9999995827674866,388.09381103515625,191.69215393066406,1.0,394.0382385253906,182.1561279296875,0.9999945759773254,386.9425354003906,181.0880889892578,0.9999970197677612,377.8916320800781,186.54795837402344,0.9999985694885254,378.8229064941406,195.5842742919922,0.9999904632568359,389.7059326171875,201.09593200683594,0.9999538064002991,536.1839599609375,160.037109375,0.9999973773956299,563.52490234375,157.25877380371094,0.9999955892562866,556.29052734375,152.31683349609375,0.762898325920105,567.585693359375,144.9677734375,0.998542070388794,575.1878051757812,147.76986694335938,0.9999658465385437,582.45068359375,153.8955535888672,0.992568850517273,572.020263671875,162.0546875,0.0056341588497161865,528.6058959960938,223.42367553710938,0.9999993443489075,541.31884765625,239.266845703125,0.999984085559845,530.6952514648438,246.02081298828125,0.9901851415634155,538.0270385742188,250.95509338378906,0.9700343608856201,548.1913452148438,251.53721618652344,0.93570876121521,556.7103271484375,243.3096923828125,0.9357996582984924,551.8032836914062,230.05563354492188,0.9937061667442322
128,328.6836242675781,252.7130889892578,0.9999999403953552,424.7606201171875,225.76220703125,0.9999998807907104,412.5521545410156,213.7884979248047,0.9999997615814209,430.3841552734375,239.83335876464844,0.9999997615814209,539.5175170898438,206.9752197265625,0.9999999403953552,541.042236328125,181.27874755859375,1.0,481.5404357910156,205.0902099609375,0.9999997615814209,540.751953125,194.16697692871094,1.0,614.0848388671875,183.12347412109375,0.9999998807907104,701.5344848632812,167.60313415527344,0.9999998807907104,452.96368408203125,247.53744506835938,0.9999996423721313,464.54058837890625,257.4483642578125,1.0,478.0404052734375,258.323486328125,0.9999997019767761,474.30517578125,267.16168212890625,0.9999973177909851,464.27545166015625,271.8083190917969,0.9999885559082031,456.0768127441406,267.7106628417969,0.9997991323471069,452.21331787109375,256.84814453125,0.9931161403656006,410.5469665527344,191.86778259277344,0.9999998807907104,387.293212890625,191.59869384765625,1.0,392.9427185058594,182.1966094970703,0.9999986886978149,386.0108642578125,181.38893127441406,0.9999992847442627,377.24737548828125,186.8369140625,0.9999991059303284,378.4071350097656,196.19151306152344,0.9999934434890747,390.0234375,201.55435180664062,0.9999752640724182,533.7327880859375,160.56459045410156,0.9999954700469971,562.48486328125,158.7819061279297,0.9999542236328125,556.7014770507812,152.4248809814453,0.571915864944458,567.8285522460938,146.10888671875,0.9965715408325195,575.253173828125,149.16893005371094,0.9998141527175903,582.345703125,154.91513061523438,0.9475101232528687,567.6210327148438,165.49798583984375,0.011167764663696289,521.8652954101562,222.77728271484375,0.9999984502792358,535.0791015625,239.16671752929688,0.9999673366546631,525.055908203125,245.83572387695312,0.851485013961792,534.3646240234375,249.97409057617188,0.7451480627059937,544.07275390625,249.92401123046875,0.853290319442749,552.0030517578125,242.9871826171875,0.9146344661712646,545.8092651367188,231.3515167236328,0.9895800948143005
129,324.8606872558594,254.2270965576172,1.0,420.71881103515625,227.0642852783203,1.0,408.1488952636719,215.1082763671875,0.9999997615814209,428.4314880371094,240.80799865722656,0.9999998211860657,535.2977294921875,208.36001586914062,0.9999999403953552,537.4669189453125,182.57859802246094,1.0,476.1686096191406,205.77720642089844,0.999999463558197,537.3162841796875,195.40341186523438,1.0,611.0040893554688,183.01695251464844,0.9999998807907104,698.0977172851562,165.49365234375,0.9999998807907104,449.64141845703125,248.0748291015625,0.9999992251396179,464.5328063964844,257.1824951171875,1.0,477.30023193359375,257.4979553222656,0.9999992847442627,474.31109619140625,266.61346435546875,0.9999943971633911,464.71722412109375,272.0745849609375,0.9999924898147583,455.7858581542969,268.30560302734375,0.9998416900634766,451.1869201660156,258.45751953125,0.9982646703720093,408.0726013183594,194.0076904296875,1.0,386.02557373046875,192.48184204101562,1.0,391.871826171875,183.54873657226562,0.9999969005584717,384.2309265136719,182.94873046875,0.999999463558197,375.3410949707031,188.5260467529297,0.9999992847442627,377.440185546875,198.01084899902344,0.9999979734420776,388.24542236328125,202.5428466796875,0.999997615814209,536.546630859375,160.07369995117188,0.9999961853027344,563.2494506835938,158.40940856933594,0.999958872795105,558.4946899414062,152.71826171875,0.7090190649032593,566.1756591796875,148.38819885253906,0.9867684841156006,574.2586059570312,149.10752868652344,0.9990966320037842,582.1383056640625,154.62588500976562,0.904236912727356,567.7468872070312,166.82496643066406,0.007071316242218018,518.2255249023438,224.4833526611328,0.999998927116394,533.2572021484375,239.2002716064453,0.9999932050704956,523.0177001953125,246.50714111328125,0.9909267425537109,533.24560546875,251.66392517089844,0.9915980100631714,543.7677612304688,250.07859802246094,0.9908016920089722,550.0146484375,241.60128784179688,0.984925389289856,542.912109375,230.08514404296875,0.9929116368293762
130,319.9669494628906,254.38372802734375,1.0,416.32989501953125,226.97381591796875,1.0,405.2087097167969,215.17649841308594,0.9999999403953552,425.79534912109375,241.29794311523438,0.9999998211860657,530.7874755859375,208.9899444580078,1.0,534.1436767578125,183.6904296875,1.0,472.5082092285156,206.17434692382812,0.9999995231628418,533.310791015625,196.2578582763672,1.0,607.6138305664062,182.50161743164062,0.9999998807907104,693.5050659179688,162.71717834472656,1.0,447.0760498046875,247.79603576660156,0.9999951720237732,461.44036865234375,256.393798828125,0.9999999403953552,474.81207275390625,256.7650451660156,0.9999997019767761,472.453369140625,265.5325012207031,0.9999989867210388,463.3974304199219,271.1045227050781,0.9999935626983643,455.71636962890625,267.6886901855469,0.9998633861541748,449.1086730957031,258.8587646484375,0.998496949672699,405.4963073730469,193.9930877685547,1.0,385.0176696777344,192.25592041015625,1.0,390.8147888183594,183.04832458496094,0.9999982118606567,382.3876647949219,183.41079711914062,0.9999990463256836,375.1820983886719,188.82481384277344,0.9999985694885254,377.4654235839844,198.4596405029297,0.9999960660934448,386.5527038574219,201.7371063232422,0.9999938011169434,534.8103637695312,160.79701232910156,0.999997615814209,562.0200805664062,159.4998779296875,0.999861478805542,558.2314453125,153.03138732910156,0.5461649298667908,565.2889404296875,149.56317138671875,0.9841468930244446,573.431640625,150.29010009765625,0.9975872039794922,582.0157470703125,155.68661499023438,0.8924453258514404,566.5755004882812,168.31515502929688,0.007366806268692017,514.492919921875,223.4598846435547,0.9999994039535522,532.387451171875,239.66212463378906,0.9999964833259583,522.5608520507812,247.22293090820312,0.9964021444320679,533.0686645507812,253.22537231445312,0.9981288313865662,543.751953125,250.6861114501953,0.9979437589645386,550.0057983398438,242.03115844726562,0.9977817535400391,542.3922729492188,230.2220001220703,0.9934366941452026
131,317.87384033203125,253.3973846435547,0.9999998807907104,414.7279357910156,226.58544921875,1.0,402.6884460449219,215.0823516845703,1.0,423.4266357421875,241.40789794921875,0.9999999403953552,528.1377563476562,209.19424438476562,1.0,530.9117431640625,184.66226196289062,1.0,469.58746337890625,206.4118194580078,0.9999995231628418,530.011474609375,196.51651000976562,1.0,603.7202758789062,184.0199737548828,0.9999997019767761,688.2640380859375,161.60638427734375,1.0,444.8242492675781,248.26979064941406,0.9999961256980896,459.0850830078125,256.650146484375,0.9999998807907104,472.444091796875,258.2430419921875,0.9999990463256836,469.49737548828125,266.0154113769531,0.9999997615814209,461.6012268066406,271.164306640625,0.9999969005584717,453.6007385253906,267.9087219238281,0.9998956918716431,447.50518798828125,259.0697326660156,0.9925289154052734,402.5407409667969,193.95787048339844,1.0,383.23565673828125,192.31993103027344,0.9999999403953552,388.6877746582031,182.9402313232422,0.9999992847442627,380.6716003417969,182.89834594726562,0.9999991655349731,373.3082580566406,188.31103515625,0.999998927116394,375.5901184082031,198.6412811279297,0.9999932050704956,384.1274719238281,201.6256561279297,0.9999802708625793,533.6735229492188,161.99063110351562,0.9999988079071045,560.7696533203125,160.2668914794922,0.9993695020675659,557.44384765625,153.03172302246094,0.07145494222640991,564.5382690429688,150.63613891601562,0.8370718955993652,571.9356079101562,151.78782653808594,0.9823304414749146,579.8357543945312,156.92495727539062,0.7618330717086792,565.5302734375,169.5048828125,0.0018193721771240234,513.3350219726562,223.98683166503906,0.9999991655349731,531.9212036132812,239.8279266357422,0.9999955892562866,521.4028930664062,247.65249633789062,0.9984257817268372,532.7633056640625,253.497314453125,0.9994251728057861,543.6277465820312,250.974609375,0.9993560314178467,549.6979370117188,242.2356414794922,0.999404788017273,542.9351806640625,230.3546905517578,0.9966968297958374
132,312.8113098144531,252.40586853027344,0.9999999403953552,412.3999328613281,228.09884643554688,1.0,399.90472412109375,215.60317993164062,0.9999999403953552,420.1860656738281,242.1494598388672,1.0,526.8143310546875,209.79855346679688,0.9999999403953552,527.5570678710938,186.9110565185547,0.9999999403953552,466.1775207519531,206.1558380126953,0.9999996423721313,527.5177001953125,198.6424102783203,1.0,601.7520141601562,184.14962768554688,0.9999996423721313,685.9292602539062,160.9117431640625,0.9999998807907104,441.8448486328125,248.6841583251953,0.9999938011169434,456.73748779296875,256.2102966308594,1.0,467.5001525878906,258.2928161621094,0.9999991655349731,465.75433349609375,265.4877014160156,0.9999990463256836,457.1741638183594,270.4321594238281,0.9999948740005493,450.3318786621094,267.19171142578125,0.9998601675033569,444.71368408203125,258.51953125,0.9975079894065857,401.14404296875,194.22604370117188,1.0,384.23223876953125,192.5743865966797,0.9999999403953552,389.0844421386719,182.39817810058594,0.9999998807907104,380.7156982421875,182.21951293945312,0.9999996423721313,373.2561340332031,187.94569396972656,0.9999992847442627,375.5586853027344,198.7437286376953,0.9999963045120239,383.9888916015625,201.8375701904297,0.9999886155128479,533.7465209960938,162.51568603515625,0.9999995231628418,557.0364379882812,161.16615295410156,0.9995535016059875,558.043212890625,153.5595703125,0.1616099774837494,564.8082275390625,151.0075225830078,0.90773606300354,571.1646728515625,152.13075256347656,0.9845045804977417,579.3243408203125,156.8613739013672,0.8116205334663391,565.1350708007812,170.4288330078125,0.0008052587509155273,512.7801513671875,225.99575805664062,0.9999992847442627,531.9488525390625,239.49746704101562,0.9999873042106628,522.3583984375,246.33523559570312,0.9895473718643188,531.9713745117188,252.78164672851562,0.9991756081581116,543.4581298828125,250.87655639648438,0.9991476535797119,550.1058349609375,242.523681640625,0.9992215633392334,543.2763061523438,230.309326171875,0.992289662361145
133,309.86541748046875,250.00132751464844,1.0,410.11767578125,228.9415740966797,0.9999998807907104,398.2600402832031,215.71502685546875,0.9999997615814209,416.4899597167969,242.7084503173828,1.0,526.1951293945312,210.96615600585938,1.0,525.8804931640625,187.7239227294922,1.0,464.534423828125,206.7982940673828,0.9999998807907104,526.2557373046875,199.48080444335938,1.0,600.3857421875,185.8814239501953,0.9999992847442627,684.7738647460938,162.3688201904297,0.9999999403953552,434.22698974609375,250.66665649414062,0.9995225071907043,440.2975769042969,257.633056640625,0.47364622354507446,469.03839111328125,266.7298278808594,0.011117219924926758,683.74072265625,170.93760681152344,0.0003362894058227539,435.1955871582031,264.66357421875,0.0008255243301391602,432.5859069824219,261.4621276855469,0.27323001623153687,426.3303527832031,254.4943084716797,0.09765273332595825,400.9295654296875,194.59075927734375,1.0,384.4276428222656,192.5305633544922,1.0,389.2254638671875,182.5618896484375,0.9999998211860657,380.7806701660156,182.37478637695312,0.9999997019767761,373.4588928222656,187.841064453125,0.9999996423721313,375.4425354003906,198.23193359375,0.9999979138374329,383.9683837890625,201.57334899902344,0.9999926090240479,532.33984375,164.02774047851562,0.9999992847442627,561.4862060546875,160.78245544433594,0.9980404376983643,557.764404296875,154.20668029785156,0.016284525394439697,564.8773803710938,151.12042236328125,0.6222249269485474,571.8951416015625,152.02676391601562,0.9722572565078735,580.0381469726562,156.669921875,0.633565366268158,578.0333251953125,167.51760864257812,0.000520855188369751,512.3577270507812,227.94944763183594,0.9999997019767761,532.2826538085938,239.5450897216797,0.9999858140945435,522.84130859375,246.04283142089844,0.996501088142395,532.3046264648438,252.74966430664062,0.9997817277908325,543.79736328125,250.81434631347656,0.9995564222335815,550.85107421875,242.579345703125,0.9995057582855225,543.9257202148438,230.2635498046875,0.9950360059738159
134,307.6918640136719,250.75576782226562,1.0,408.70904541015625,229.25674438476562,0.9999998807907104,398.126953125,215.0154266357422,0.9999997019767761,414.22784423828125,243.738037109375,1.0,524.0835571289062,211.56817626953125,1.0,523.9071044921875,188.15760803222656,0.9999998807907104,462.6572265625,207.86007690429688,0.9999998211860657,524.3189697265625,199.87335205078125,0.9999998807907104,599.7731323242188,186.54248046875,0.9999995827674866,682.4388427734375,164.36863708496094,1.0,431.09759521484375,247.3301239013672,0.99998939037323,439.4682922363281,261.10687255859375,0.9999997615814209,451.33306884765625,263.4448547363281,0.9049608707427979,443.465087890625,267.8160705566406,0.44566336274147034,438.59564208984375,272.2349548339844,0.5245895385742188,428.78143310546875,269.07904052734375,0.944190502166748,426.110595703125,256.7900695800781,0.7348775863647461,400.40863037109375,194.89193725585938,1.0,383.97589111328125,192.2635498046875,1.0,388.4618225097656,182.58692932128906,0.9999997615814209,380.5972595214844,182.52554321289062,0.9999997019767761,373.42962646484375,187.01504516601562,0.9999995231628418,375.1334533691406,197.47756958007812,0.999997615814209,384.4831237792969,200.22775268554688,0.99997878074646,531.8441772460938,164.39100646972656,0.999998927116394,562.4129028320312,159.91046142578125,0.9996532797813416,557.9867553710938,153.7849578857422,0.3167293667793274,565.4291381835938,149.6659393310547,0.9865384697914124,573.6248168945312,150.99911499023438,0.9987685680389404,583.2646484375,154.88223266601562,0.8575920462608337,565.9069213867188,171.1219482421875,0.0020546913146972656,512.3038940429688,229.96824645996094,0.9999998211860657,532.314453125,239.33880615234375,0.9999836683273315,522.4844360351562,246.44586181640625,0.9991722106933594,532.263427734375,252.8942108154297,0.9997995495796204,544.26171875,250.70486450195312,0.9996635317802429,551.0380249023438,242.03729248046875,0.9992426633834839,543.0717163085938,229.62783813476562,0.9858002662658691
135,304.43389892578125,249.5706787109375,1.0,406.5196838378906,228.29647827148438,1.0,397.04241943359375,214.7193145751953,0.9999998807907104,410.054931640625,242.88343811035156,1.0,522.4264526367188,212.29615783691406,1.0,522.3629760742188,189.71502685546875,1.0,462.3202209472656,208.42579650878906,0.9999998807907104,523.2439575195312,201.1247100830078,1.0,598.9158325195312,188.72950744628906,0.9999999403953552,680.6791381835938,167.3603057861328,0.9999999403953552,422.5014953613281,249.0699005126953,0.9999990463256836,428.2402648925781,263.5423278808594,0.9999998211860657,439.7562561035156,262.6484680175781,0.9971222877502441,437.5579833984375,268.409912109375,0.9773842096328735,430.7279052734375,274.08856201171875,0.9034255743026733,418.52532958984375,270.3642883300781,0.983373761177063,415.4190673828125,257.97698974609375,0.9861903190612793,399.7138366699219,194.38494873046875,1.0,383.7467346191406,192.3107452392578,1.0,387.5169982910156,182.68141174316406,0.9999995231628418,379.66607666015625,183.0640411376953,0.9999995231628418,373.19378662109375,187.4623260498047,0.9999996423721313,375.12225341796875,197.54371643066406,0.9999990463256836,383.7974548339844,200.34596252441406,0.9999921321868896,529.9310913085938,166.13101196289062,0.999988317489624,560.7487182617188,161.2238311767578,0.9945230484008789,535.8995971679688,159.93072509765625,0.06277704238891602,563.1956787109375,150.84010314941406,0.9387670159339905,571.7838134765625,152.19467163085938,0.9933304786682129,579.3263549804688,156.5859832763672,0.567145049571991,562.7648315429688,171.01829528808594,0.0003541111946105957,512.0206298828125,231.2319793701172,0.9999996423721313,532.3602294921875,239.85540771484375,0.9999833106994629,522.3219604492188,246.5175323486328,0.9991838932037354,532.2138671875,253.3155517578125,0.9998538494110107,544.1233520507812,250.71788024902344,0.9998037815093994,550.9038696289062,242.56187438964844,0.9994712471961975,543.5311889648438,230.14935302734375,0.9707028865814209
136,302.51763916015625,249.21755981445312,0.9999998807907104,403.6510925292969,229.02056884765625,1.0,395.3599548339844,215.75218200683594,0.9999998807907104,408.0069885253906,244.4622039794922,1.0,521.5200805664062,212.8084259033203,1.0,521.2056274414062,190.26487731933594,0.9999998807907104,460.11663818359375,209.4207000732422,0.9999999403953552,521.9766235351562,201.41624450683594,0.9999999403953552,596.7098388671875,191.65435791015625,1.0,680.412353515625,171.18719482421875,0.9999997615814209,418.3070068359375,254.77796936035156,0.9999938607215881,420.8753356933594,272.3647155761719,0.9999960660934448,430.5578308105469,277.46722412109375,0.3055328130722046,425.5198059082031,281.99462890625,0.19770357012748718,420.3843994140625,284.1581115722656,0.19018453359603882,413.9770812988281,278.320556640625,0.6536744832992554,411.51971435546875,269.0716552734375,0.5966290831565857,398.9906311035156,194.06129455566406,1.0,383.8398742675781,192.3015899658203,1.0,387.9692687988281,182.8392333984375,0.9999996423721313,379.891357421875,183.0277099609375,0.9999997019767761,373.1692810058594,187.55113220214844,0.9999997615814209,375.07623291015625,197.33767700195312,0.9999995827674866,382.7707214355469,201.14193725585938,0.9999932646751404,529.7018432617188,167.0989990234375,0.9999939203262329,555.6403198242188,160.71841430664062,0.9999246597290039,554.5676879882812,152.8630828857422,0.9446525573730469,561.6808471679688,149.37657165527344,0.9998394250869751,571.04736328125,150.92269897460938,0.9999611377716064,578.25341796875,155.6913299560547,0.993574321269989,564.0653686523438,170.73678588867188,0.02260461449623108,509.96142578125,232.32716369628906,0.9999992847442627,531.8590087890625,240.1116485595703,0.9999904036521912,522.1729736328125,246.89259338378906,0.9997022151947021,532.6102294921875,253.64720153808594,0.999967634677887,543.8223876953125,250.78273010253906,0.9998974800109863,550.4199829101562,242.79486083984375,0.9997881650924683,542.62109375,230.4541778564453,0.9852503538131714
137,299.2916259765625,249.38763427734375,0.9999998807907104,401.3536682128906,229.4519805908203,1.0,393.50762939453125,215.17677307128906,1.0,403.6424255371094,245.12962341308594,1.0,518.615966796875,214.4227752685547,1.0,518.6321411132812,192.31973266601562,1.0,458.0801696777344,210.78269958496094,1.0,519.5311889648438,203.19830322265625,1.0,595.19970703125,194.13958740234375,0.9999999403953552,680.222900390625,177.8619842529297,0.9999998807907104,411.21429443359375,258.232177734375,0.9999909996986389,404.10400390625,279.0106201171875,1.0,415.95782470703125,282.326904296875,0.9999154806137085,411.8716735839844,287.50048828125,0.9998698234558105,402.6033935546875,291.3006591796875,0.9999823570251465,393.60552978515625,284.2736511230469,0.9999923706054688,394.0309143066406,271.4779357910156,0.9999932050704956,398.13079833984375,195.0319366455078,1.0,383.65234375,192.66848754882812,0.9999999403953552,388.296630859375,183.02609252929688,0.9999995827674866,380.2777404785156,182.8370819091797,0.9999997615814209,373.3283386230469,187.21414184570312,0.9999998211860657,375.14703369140625,196.69967651367188,0.9999995231628418,382.66937255859375,201.1765899658203,0.9999814033508301,526.8419189453125,169.2512664794922,0.9999893307685852,560.9740600585938,161.20040893554688,0.9999808669090271,556.5738525390625,153.1767120361328,0.9949842691421509,563.8594360351562,149.76181030273438,0.9999939799308777,573.197021484375,151.49899291992188,0.9999948740005493,579.797607421875,156.17495727539062,0.9992955327033997,564.928955078125,170.67726135253906,0.18163609504699707,508.2605895996094,233.9821319580078,0.9999934434890747,531.6807861328125,238.93679809570312,0.9999944567680359,521.2938232421875,246.62954711914062,0.9997211694717407,533.1685791015625,252.8986053466797,0.9999819993972778,544.0463256835938,250.37106323242188,0.9999362230300903,550.2437744140625,241.81211853027344,0.9998935461044312,541.7177124023438,228.86900329589844,0.9968352317810059
138,296.53631591796875,249.04249572753906,0.9999998807907104,398.0623779296875,230.85459899902344,1.0,390.6387634277344,215.7504425048828,0.9999999403953552,399.6992492675781,246.39768981933594,0.9999995231628418,518.0283203125,215.16513061523438,1.0,517.916015625,193.4638671875,1.0,455.9943542480469,211.73065185546875,1.0,519.1320190429688,203.94515991210938,1.0,593.188720703125,195.99526977539062,0.9999998807907104,677.5197143554688,183.8826141357422,1.0,403.96826171875,265.4325256347656,0.9998509883880615,388.634521484375,284.8243713378906,1.0,398.1991882324219,289.8324279785156,0.9454836249351501,391.67279052734375,291.5281066894531,0.5629340410232544,383.22271728515625,291.3282165527344,0.9961158633232117,376.3203125,283.2373962402344,0.9999502897262573,381.358642578125,274.2076110839844,0.9980708360671997,397.8222351074219,194.81785583496094,1.0,383.963623046875,192.95501708984375,1.0,388.8275451660156,183.4127960205078,0.9999994039535522,381.024658203125,182.94711303710938,0.9999997615814209,373.6996154785156,186.9886474609375,0.9999996423721313,375.11749267578125,196.19131469726562,0.9999991655349731,382.03546142578125,200.54754638671875,0.9998291730880737,529.4482421875,169.4428253173828,0.999996542930603,556.4930419921875,160.9177703857422,0.9999882578849792,555.5972900390625,152.83323669433594,0.9889767169952393,563.5281982421875,150.71238708496094,0.9999881982803345,571.462890625,152.1618194580078,0.9999913573265076,578.0188598632812,155.0614013671875,0.9986425638198853,565.2549438476562,169.58497619628906,0.29314813017845154,508.8002624511719,233.91688537597656,0.9999815225601196,531.1806640625,238.9314422607422,0.9999940395355225,521.3475341796875,246.31927490234375,0.994210958480835,533.6317749023438,252.8349609375,0.9999375343322754,544.0955810546875,249.806884765625,0.9998762607574463,549.5083618164062,241.20606994628906,0.9998209476470947,541.8330688476562,229.1309051513672,0.9934772253036499
139,294.7994384765625,248.54013061523438,1.0,395.1260986328125,231.4736328125,0.9999998807907104,387.8743591308594,216.98570251464844,0.9999998807907104,395.91033935546875,248.4528045654297,0.9999973773956299,515.4492797851562,217.20263671875,1.0,514.7059326171875,195.29156494140625,1.0,453.6015319824219,214.46755981445312,0.9999998807907104,515.9097290039062,206.07937622070312,1.0,590.6460571289062,199.55935668945312,0.9999998807907104,674.8165893554688,185.84780883789062,1.0,392.61370849609375,269.01092529296875,0.9999734163284302,373.5883483886719,281.8988342285156,0.9999999403953552,381.7718811035156,289.72113037109375,0.9999839663505554,374.76727294921875,292.3251647949219,0.9999983310699463,367.03082275390625,290.4322814941406,0.9999994039535522,363.6870422363281,281.0121765136719,0.999998927116394,366.9813232421875,271.76220703125,0.9999933242797852,396.457763671875,196.36256408691406,1.0,384.00799560546875,193.55528259277344,0.9999999403953552,388.9103088378906,183.9093017578125,0.9999989867210388,381.6643371582031,183.61676025390625,0.9999994039535522,374.3574523925781,187.02291870117188,0.9999988079071045,374.9493408203125,196.3765869140625,0.9999878406524658,382.9532470703125,200.42587280273438,0.9788450002670288,518.1500854492188,170.897705078125,0.9999954104423523,547.5587768554688,161.90879821777344,0.9999934434890747,538.5952758789062,157.39892578125,0.9863532185554504,549.3101196289062,151.35812377929688,0.9999798536300659,557.06884765625,151.73655700683594,0.9999977946281433,562.669677734375,155.96786499023438,0.9993667602539062,553.7014770507812,169.5978546142578,0.5917775630950928,508.6448059082031,235.49667358398438,0.999987006187439,531.7066650390625,237.83456420898438,0.9999955892562866,523.06787109375,245.23577880859375,0.9639351963996887,534.3447875976562,252.67196655273438,0.9999090433120728,544.2368774414062,249.9063262939453,0.999840259552002,550.0069580078125,240.92306518554688,0.9997811317443848,540.8505859375,228.63609313964844,0.9609506130218506
140,290.77166748046875,247.3577117919922,1.0,391.2778015136719,231.8016357421875,0.9999998807907104,385.9027099609375,216.2715301513672,0.9999999403953552,390.9679870605469,249.30670166015625,0.999999463558197,513.7969360351562,219.09115600585938,1.0,512.6463623046875,196.35211181640625,1.0,451.81689453125,216.75621032714844,0.9999998211860657,513.7553100585938,207.7876434326172,1.0,589.1067504882812,201.3107147216797,0.9999996423721313,673.4486083984375,186.69232177734375,1.0,384.60101318359375,268.3371887207031,0.9999915361404419,366.4335021972656,281.52850341796875,0.9999999403953552,375.8374328613281,289.1345520019531,0.9999947547912598,368.0584716796875,293.766357421875,0.9999959468841553,359.26171875,293.34539794921875,1.0,354.39385986328125,283.9964599609375,0.9999999403953552,359.20794677734375,271.05609130859375,0.9999996423721313,394.1756896972656,198.39688110351562,0.9999998807907104,384.9697265625,192.93516540527344,0.9999996423721313,389.3258056640625,183.91964721679688,0.9999954700469971,382.10870361328125,183.6540985107422,0.9999977350234985,375.414306640625,186.6104278564453,0.9999957084655762,375.2242431640625,194.82080078125,0.9999160766601562,382.2424621582031,198.7414093017578,0.6348869800567627,515.3643798828125,171.17056274414062,0.9999966621398926,542.5886840820312,162.28065490722656,0.9999938011169434,535.6621704101562,156.4872283935547,0.9501883387565613,542.8103637695312,151.87171936035156,0.9997354745864868,552.248779296875,152.64158630371094,0.9999544620513916,559.1861572265625,154.83802795410156,0.9951772093772888,549.1109619140625,170.93630981445312,0.03572770953178406,508.063720703125,236.95343017578125,0.9999760389328003,532.0831298828125,237.46055603027344,0.9999922513961792,523.6846923828125,245.32229614257812,0.841399073600769,534.3295288085938,252.5078887939453,0.9998753070831299,544.7060546875,250.18960571289062,0.9998370409011841,549.3658447265625,240.24671936035156,0.9989907741546631,541.2792358398438,228.9800567626953,0.5691084265708923
141,287.33245849609375,247.32614135742188,1.0,387.526123046875,231.3106231689453,1.0,382.5680236816406,216.18927001953125,0.9999997615814209,387.0267028808594,247.77899169921875,0.9999998211860657,510.75958251953125,220.9950408935547,1.0,508.3052673339844,198.3470458984375,1.0,448.3807067871094,219.64456176757812,0.9999998807907104,509.3825378417969,209.5682373046875,1.0,584.2423706054688,203.78775024414062,0.9999994039535522,671.3699340820312,186.55845642089844,0.9999999403953552,380.9681091308594,266.93310546875,0.9999865293502808,360.6023254394531,282.5898132324219,0.9999998807907104,370.0536804199219,289.308837890625,0.9999995231628418,366.0938415527344,294.8775939941406,0.9999997615814209,355.3885192871094,294.1636962890625,0.9999998807907104,349.7176818847656,284.7623596191406,0.999995231628418,353.1518859863281,272.43524169921875,0.9999998807907104,393.4551696777344,199.18142700195312,0.9999995231628418,385.4780578613281,193.5227813720703,0.9999995231628418,390.2854309082031,184.65011596679688,0.9999868869781494,383.2637634277344,184.13580322265625,0.9999967813491821,376.3337097167969,186.9534912109375,0.9999943375587463,375.45672607421875,194.6177215576172,0.9998940229415894,381.3899230957031,198.48887634277344,0.28210026025772095,505.7703552246094,170.27476501464844,0.9999974966049194,533.4030151367188,165.29917907714844,0.9999998807907104,527.862060546875,157.27821350097656,0.9999048113822937,535.7412719726562,152.45921325683594,0.9999885559082031,542.8248901367188,156.00743103027344,0.9999858736991882,548.7028198242188,159.60569763183594,0.9983807802200317,538.482421875,174.91390991210938,0.5909478068351746,507.5008544921875,238.98085021972656,0.9999666213989258,532.5224609375,240.1571044921875,0.9999827146530151,524.1407470703125,246.46994018554688,0.6360348463058472,533.9423217773438,252.8729248046875,0.9997035264968872,544.3231201171875,251.18386840820312,0.9997602701187134,548.3501586914062,241.17784118652344,0.9971088171005249,541.8696899414062,232.19854736328125,0.11963388323783875
142,283.3345031738281,246.7454376220703,1.0,382.9916076660156,234.3153076171875,1.0,379.29815673828125,217.5279541015625,0.9999996423721313,382.354248046875,249.4149627685547,0.9999991655349731,509.0533752441406,222.57318115234375,1.0,503.81103515625,199.27212524414062,1.0,446.5912170410156,222.3628692626953,0.9999997615814209,506.6593933105469,210.77273559570312,1.0,579.2835693359375,204.22962951660156,0.9999997019767761,668.055908203125,186.07888793945312,0.9999988079071045,379.0032653808594,267.1993103027344,0.9999902248382568,360.6111145019531,282.76470947265625,0.9999998807907104,369.52978515625,289.86175537109375,0.999999463558197,365.17388916015625,295.7944030761719,0.9999995231628418,354.3063659667969,294.72589111328125,0.9999999403953552,349.8563232421875,287.2826232910156,0.999996542930603,352.0480651855469,273.39117431640625,0.9999998807907104,392.5901794433594,200.30963134765625,0.9999998807907104,385.2231140136719,192.80860900878906,0.9999995827674866,391.7362976074219,184.6503448486328,0.999997615814209,383.93328857421875,182.6932373046875,0.9999992847442627,375.88958740234375,185.89694213867188,0.9999977350234985,374.48583984375,194.01748657226562,0.9998509883880615,380.1135559082031,198.8887939453125,0.1369108259677887,493.1787109375,176.79905700683594,0.9999992251396179,516.7932739257812,168.95945739746094,0.9999985098838806,511.82763671875,161.7643585205078,0.9997272491455078,520.4171142578125,157.42523193359375,0.9999006986618042,527.33251953125,159.84481811523438,0.999981701374054,532.2589721679688,166.12786865234375,0.99543696641922,522.3065795898438,177.9408416748047,0.026016712188720703,505.1460876464844,240.67892456054688,0.9999908804893494,533.9054565429688,241.34454345703125,0.9999014735221863,526.1714477539062,246.97079467773438,0.026098936796188354,535.2203979492188,252.41836547851562,0.9904128313064575,544.95068359375,252.08567810058594,0.9966315031051636,548.313232421875,241.59303283691406,0.9425060153007507,541.6503295898438,231.87791442871094,0.012003153562545776
143,279.4391174316406,246.72885131835938,1.0,380.1491394042969,234.21023559570312,1.0,376.99615478515625,217.71322631835938,0.9999998807907104,378.8110656738281,250.25711059570312,0.999998927116394,504.673583984375,224.2903289794922,1.0,498.0940246582031,202.27761840820312,1.0,441.76763916015625,223.3730926513672,0.9999998807907104,501.3023681640625,213.1155242919922,1.0,575.0287475585938,206.62286376953125,0.9999990463256836,662.6472778320312,187.1420440673828,0.9999999403953552,376.5783386230469,266.5758056640625,0.9999935626983643,360.39459228515625,282.2430725097656,0.9999998807907104,370.04949951171875,288.0636291503906,0.999998927116394,365.3762512207031,294.913330078125,0.9999992251396179,354.4197692871094,294.3174743652344,0.9999998211860657,349.2967224121094,287.52703857421875,0.9999969005584717,351.03826904296875,273.3134460449219,0.9999999403953552,389.5549621582031,202.20359802246094,0.9999998807907104,384.78533935546875,191.98753356933594,0.9999996423721313,394.34735107421875,184.52630615234375,0.9999966025352478,385.151611328125,180.0308837890625,0.9999996423721313,376.0075378417969,185.69700622558594,0.999995768070221,373.86004638671875,193.99884033203125,0.9993780851364136,379.0956115722656,199.5851287841797,0.02499520778656006,482.94970703125,182.55557250976562,0.9999972581863403,504.42901611328125,173.6143035888672,0.999990701675415,497.5179748535156,165.3525848388672,0.999775230884552,506.3635559082031,161.1355743408203,0.9998784065246582,514.5772094726562,165.189453125,0.9999747276306152,518.9406127929688,172.1005401611328,0.998037576675415,509.8322448730469,182.28785705566406,0.045756131410598755,507.9197998046875,243.63064575195312,0.9999996423721313,532.488525390625,240.97325134277344,0.9999885559082031,525.6063842773438,248.40277099609375,0.01019105315208435,534.576171875,252.0110626220703,0.9810435771942139,544.7830810546875,251.5172119140625,0.9904211759567261,548.1825561523438,240.81170654296875,0.8852969408035278,539.397705078125,232.06080627441406,0.0060058534145355225
144,276.5910949707031,246.8566131591797,1.0,377.0169982910156,234.879638671875,1.0,372.86572265625,218.6949005126953,1.0,375.3497619628906,250.73562622070312,0.9999998807907104,500.7092590332031,227.99856567382812,1.0,491.8170166015625,205.70736694335938,0.9999999403953552,436.873291015625,225.34539794921875,0.9999998807907104,496.59820556640625,216.192626953125,1.0,569.96826171875,207.07424926757812,0.9999994039535522,659.1185302734375,187.32379150390625,0.9999998807907104,375.31304931640625,266.5879821777344,0.9999975562095642,359.14666748046875,283.48394775390625,0.9999999403953552,368.8402404785156,289.29425048828125,0.9999985694885254,364.11474609375,295.2278137207031,0.9999986886978149,353.3133239746094,294.595703125,0.9999995231628418,348.67425537109375,288.1934509277344,0.9999959468841553,349.9936218261719,273.7991027832031,0.9999997615814209,385.908447265625,204.44349670410156,0.9999998807907104,385.1591796875,192.4611053466797,0.9999996423721313,393.62445068359375,185.32713317871094,0.9999912977218628,385.7997741699219,180.3787384033203,0.9999996423721313,377.4956359863281,185.00723266601562,0.9999910593032837,374.6332702636719,193.9632568359375,0.9943715929985046,377.36187744140625,198.01138305664062,0.005821853876113892,476.5314025878906,187.09584045410156,0.9999990463256836,496.2125244140625,178.28585815429688,0.9999896287918091,493.2024841308594,169.18991088867188,0.9918605089187622,500.25018310546875,166.163330078125,0.999029278755188,507.5160827636719,169.89608764648438,0.9995489120483398,511.0673522949219,176.34390258789062,0.9965568780899048,504.6571044921875,186.0489501953125,0.025788813829421997,507.48223876953125,245.77919006347656,0.999998927116394,531.8877563476562,241.0977783203125,0.9999968409538269,525.0051879882812,248.52781677246094,0.0524958074092865,532.3514404296875,252.24285888671875,0.9693951606750488,544.377197265625,251.11929321289062,0.9548222422599792,547.0732421875,241.2381134033203,0.6306931376457214,538.98583984375,232.8731231689453,0.0020714402198791504
145,272.90545654296875,247.77130126953125,1.0,372.8802185058594,235.23480224609375,1.0,368.97222900390625,219.14077758789062,1.0,370.5832214355469,251.36476135253906,1.0,499.10943603515625,229.65264892578125,1.0,488.3509826660156,208.52293395996094,1.0,434.1081848144531,227.9173583984375,1.0,493.91802978515625,218.83984375,1.0,564.6446533203125,206.98199462890625,0.9999996423721313,653.7738037109375,188.9567413330078,0.9999996423721313,372.67291259765625,265.8956604003906,0.9999991655349731,357.71917724609375,283.5660705566406,1.0,368.80938720703125,289.0345764160156,0.999998927116394,362.9466552734375,294.96514892578125,0.9999988079071045,352.7706298828125,294.5263366699219,0.999999463558197,347.5149230957031,287.71649169921875,0.9999934434890747,349.38238525390625,273.62457275390625,0.999998927116394,384.6831359863281,204.43385314941406,0.9999997615814209,385.5963134765625,192.81906127929688,0.9999995231628418,393.3359375,185.84600830078125,0.9998215436935425,386.2826232910156,180.96859741210938,0.9999970197677612,379.09228515625,184.16236877441406,0.9999722242355347,375.362548828125,194.63885498046875,0.8194992542266846,377.2323303222656,196.5744171142578,0.0005950033664703369,471.0135803222656,190.2148895263672,0.9999997615814209,489.4517517089844,181.0420379638672,0.9999997019767761,483.84027099609375,171.52783203125,0.9999362230300903,493.0758361816406,167.65872192382812,0.9999749660491943,502.6845397949219,171.03392028808594,0.9999915957450867,505.29345703125,178.78262329101562,0.9990237951278687,497.4664306640625,190.53512573242188,0.3112333118915558,507.39093017578125,246.84271240234375,0.9999994039535522,531.2229614257812,241.2447509765625,0.999999463558197,525.1622314453125,248.88856506347656,0.3849135637283325,532.4093627929688,252.42503356933594,0.9986464977264404,544.7550659179688,252.53262329101562,0.9963929653167725,547.8943481445312,242.3321075439453,0.9008488655090332,537.73046875,233.16207885742188,0.018715500831604004
146,270.2715148925781,248.2513427734375,0.9999998807907104,369.6158752441406,236.78582763671875,1.0,365.02093505859375,220.1734619140625,0.9999996423721313,368.3329772949219,250.74533081054688,1.0,496.3927001953125,231.96849060058594,1.0,483.8822937011719,210.41810607910156,1.0,431.103759765625,230.15586853027344,1.0,489.92645263671875,220.7809600830078,1.0,560.7950439453125,208.0979461669922,0.9999992847442627,649.6427612304688,191.49783325195312,0.9999997615814209,371.077880859375,266.072021484375,0.999999463558197,357.4368896484375,283.1747131347656,1.0,367.9720153808594,288.7191467285156,0.999998927116394,362.52734375,294.4482421875,0.9999986886978149,353.1110534667969,294.08349609375,0.9999995827674866,347.19866943359375,285.4867248535156,0.9999914169311523,349.5513610839844,273.2390441894531,0.9999985694885254,382.02630615234375,206.0289306640625,0.9999997615814209,385.7312316894531,192.7662353515625,0.9999994039535522,392.99896240234375,185.30844116210938,0.9998385310173035,385.9654846191406,180.60842895507812,0.9999979138374329,379.0350341796875,183.80572509765625,0.9999852776527405,376.016357421875,193.7666473388672,0.8263839483261108,470.88970947265625,198.3838348388672,0.0039476752281188965,464.6177673339844,194.17453002929688,0.9999997019767761,483.1762390136719,182.58270263671875,0.9999997615814209,478.41925048828125,174.38816833496094,0.9999934434890747,487.547119140625,169.73159790039062,0.9999917149543762,497.1033630371094,172.76043701171875,0.9999938011169434,500.2433776855469,181.49481201171875,0.9987070560455322,490.92962646484375,194.05465698242188,0.10847863554954529,508.0730895996094,246.85049438476562,0.9999958872795105,531.1030883789062,240.7233428955078,0.9999991655349731,524.4989013671875,248.58761596679688,0.3316842317581177,530.9736938476562,252.98802185058594,0.9997715950012207,542.2457275390625,252.13543701171875,0.9987022280693054,546.7203979492188,243.89268493652344,0.9819295406341553,541.0320434570312,233.8467559814453,0.024872690439224243
147,267.413330078125,250.2549285888672,0.9999999403953552,367.13470458984375,237.48475646972656,1.0,364.07989501953125,221.19676208496094,0.9999998211860657,365.2845764160156,251.1817169189453,0.9999997615814209,493.5264892578125,233.05726623535156,0.9999998807907104,479.6451110839844,210.1689910888672,1.0,427.7032470703125,231.70704650878906,0.9999998807907104,486.2106018066406,221.5810089111328,1.0,556.8494873046875,209.4169464111328,0.9999984502792358,646.8465576171875,193.16749572753906,1.0,370.40582275390625,266.4448547363281,0.9999996423721313,357.20391845703125,283.6039733886719,1.0,367.373291015625,288.9223327636719,0.9999977350234985,362.3352355957031,294.2345275878906,0.9999966621398926,353.2508850097656,294.2632751464844,0.9999989867210388,347.1157531738281,284.4205017089844,0.9999884963035583,350.17864990234375,273.16387939453125,0.9999926090240479,378.6802673339844,205.81991577148438,0.9999998807907104,384.09906005859375,192.75381469726562,0.9999997615814209,394.4158935546875,185.67942810058594,0.9997791647911072,387.4544677734375,179.84780883789062,0.9999976754188538,380.2557678222656,182.38978576660156,0.9999892115592957,376.2851867675781,190.21890258789062,0.9342334270477295,465.6714172363281,202.31504821777344,0.002152740955352783,460.1480712890625,196.99063110351562,0.9999995231628418,475.6659240722656,184.9864959716797,0.9999997019767761,472.2501220703125,176.5055389404297,0.9999942183494568,480.5921325683594,173.21951293945312,0.9999977350234985,490.5538330078125,176.37240600585938,0.9999970197677612,494.083984375,182.20896911621094,0.9986674189567566,484.8782653808594,195.23399353027344,0.3482719957828522,508.2784729003906,247.04046630859375,0.9999704360961914,532.0386352539062,240.59420776367188,0.9999985694885254,525.1406860351562,248.72698974609375,0.20838302373886108,531.899658203125,253.80760192871094,0.9996340274810791,543.5765991210938,252.54464721679688,0.9995864629745483,547.9825439453125,243.59423828125,0.9913134574890137,540.3985595703125,234.72372436523438,0.033684998750686646
148,263.491943359375,251.10317993164062,1.0,365.4439697265625,237.05657958984375,1.0,361.8965759277344,222.3053436279297,0.9999994039535522,362.8642272949219,252.58299255371094,0.9999995827674866,490.04876708984375,233.31439208984375,0.9999998807907104,476.431396484375,211.79202270507812,1.0,424.25213623046875,232.39755249023438,0.9999994039535522,482.88958740234375,222.73675537109375,1.0,553.2879028320312,209.74867248535156,0.9999988079071045,643.7295532226562,193.85699462890625,1.0,368.44879150390625,266.1512451171875,0.9999991655349731,357.0941467285156,282.7579345703125,1.0,366.7258605957031,288.1090087890625,0.9999974370002747,361.8314208984375,293.10650634765625,0.999995231628418,353.40460205078125,293.67333984375,0.9999992251396179,347.232666015625,284.0400085449219,0.9999903440475464,349.95184326171875,273.0043640136719,0.9999822378158569,376.53125,206.58226013183594,0.9999997615814209,386.02459716796875,192.12448120117188,0.9999991655349731,395.5371398925781,185.12229919433594,0.9992422461509705,389.2235412597656,179.76370239257812,0.9999781847000122,382.96258544921875,182.2360382080078,0.9999701976776123,378.9998474121094,187.6520538330078,0.941683292388916,461.2862243652344,207.37039184570312,0.00124397873878479,455.7183837890625,199.2645721435547,0.9999996423721313,470.2182922363281,186.17654418945312,0.999999463558197,463.9992980957031,179.05836486816406,0.9999966025352478,473.27154541015625,174.34078979492188,0.9999977946281433,484.8684387207031,176.97457885742188,0.9999992847442627,488.0898132324219,184.7314910888672,0.9988170862197876,481.8927307128906,196.14724731445312,0.4983707666397095,506.8262939453125,247.318603515625,0.9999630451202393,531.0321044921875,240.27725219726562,0.9999967813491821,524.9109497070312,248.96116638183594,0.07351702451705933,530.3160400390625,253.7283935546875,0.997941255569458,542.19091796875,252.51992797851562,0.9969464540481567,546.294189453125,244.61412048339844,0.988431990146637,538.6332397460938,233.9527587890625,0.03663903474807739
149,260.5955810546875,252.97117614746094,1.0,362.80621337890625,237.3011016845703,1.0,358.9363708496094,222.61341857910156,0.9999999403953552,360.35858154296875,253.5699005126953,0.9999998807907104,486.8509826660156,236.42605590820312,1.0,473.6736755371094,213.89767456054688,0.9999998211860657,421.8348083496094,234.12364196777344,0.9999995231628418,480.2792663574219,226.03489685058594,0.9999999403953552,549.3515625,210.07894897460938,0.9999992847442627,638.6438598632812,195.7779998779297,1.0,367.06573486328125,266.5174865722656,0.9999984502792358,357.081298828125,283.5782470703125,1.0,366.4400329589844,288.6513977050781,0.9999707937240601,361.92742919921875,293.4450378417969,0.9999407529830933,353.8831787109375,294.25390625,0.9999969005584717,347.5419006347656,285.2164001464844,0.9999841451644897,349.526611328125,274.5766906738281,0.9999765157699585,373.3874816894531,207.97811889648438,0.9999998807907104,382.458984375,195.1770477294922,0.9999924898147583,393.52642822265625,184.8751983642578,0.9834302663803101,387.7340087890625,180.47105407714844,0.9985185861587524,381.2859191894531,181.8297882080078,0.9988040924072266,375.0548095703125,190.92019653320312,0.7670958042144775,455.6575927734375,208.61776733398438,0.0013228058815002441,452.89056396484375,200.53953552246094,0.9999997615814209,466.5151062011719,187.05125427246094,0.9999998807907104,459.8914794921875,179.80238342285156,0.9999992847442627,470.779052734375,175.46873474121094,0.9999995231628418,481.35394287109375,177.024658203125,0.9999990463256836,485.5653076171875,185.8013153076172,0.9996078014373779,477.6630554199219,197.95314025878906,0.4087620973587036,506.71209716796875,246.98609924316406,0.9999600648880005,530.0631713867188,239.7251739501953,0.9999932050704956,524.3720703125,248.96018981933594,0.03051629662513733,530.8720092773438,253.39138793945312,0.9988536834716797,541.7613525390625,252.78466796875,0.9983665347099304,545.7139282226562,245.22982788085938,0.9951095581054688,537.8267211914062,234.45518493652344,0.05470311641693115
150,257.3414001464844,255.68161010742188,1.0,357.4850158691406,240.02734375,1.0,353.0923767089844,224.57614135742188,0.9999998807907104,356.5957336425781,255.42453002929688,1.0,484.6850280761719,237.31292724609375,1.0,468.55670166015625,215.28262329101562,1.0,417.78619384765625,236.06927490234375,0.9999998807907104,477.1518859863281,226.79788208007812,0.9999998807907104,547.8673706054688,209.96823120117188,0.9999994039535522,638.03515625,196.48146057128906,1.0,365.5284729003906,267.9417419433594,0.9999997019767761,357.52154541015625,284.50469970703125,1.0,367.0081481933594,288.6166687011719,0.9992930293083191,362.4533996582031,294.04998779296875,0.9985239505767822,355.6730041503906,293.9119873046875,0.9999674558639526,347.45758056640625,286.36529541015625,0.9999585151672363,350.8526611328125,274.1126403808594,0.9999211430549622,366.9384460449219,208.74330139160156,1.0,371.7837219238281,197.46461486816406,0.9999950528144836,380.7270202636719,189.7735595703125,0.9891906976699829,376.2164001464844,185.6937255859375,0.9972448348999023,368.2696838378906,187.33639526367188,0.99925696849823,366.1214904785156,194.25204467773438,0.949771523475647,361.5166931152344,199.06015014648438,0.004113107919692993,449.40142822265625,200.3706817626953,0.9999996423721313,465.23712158203125,187.55130004882812,1.0,458.5240783691406,180.74635314941406,0.9999992847442627,469.0361328125,176.60926818847656,0.9999998807907104,478.4678039550781,177.71620178222656,0.9999995231628418,483.3526916503906,185.4147186279297,0.9998387098312378,474.6241149902344,197.55470275878906,0.32395291328430176,505.74542236328125,246.79977416992188,0.9999472498893738,529.72412109375,239.9839324951172,0.9999752044677734,524.0328979492188,249.4818115234375,0.017873555421829224,529.5994873046875,254.4245147705078,0.9991727471351624,541.7371826171875,252.76919555664062,0.9986717700958252,545.9658203125,245.09703063964844,0.9950087070465088,537.5718994140625,235.65843200683594,0.0405864417552948
151,254.255615234375,257.32330322265625,1.0,353.26080322265625,241.89340209960938,0.9999999403953552,347.6468811035156,226.23455810546875,1.0,352.79583740234375,256.0983581542969,1.0,482.21160888671875,237.7093963623047,0.9999998807907104,466.63800048828125,215.22984313964844,1.0,415.6477355957031,236.74493408203125,0.9999996423721313,474.6378479003906,227.10006713867188,0.9999998807907104,544.0921020507812,210.15390014648438,0.9999995231628418,634.843994140625,197.8301239013672,1.0,363.40802001953125,267.4892883300781,0.9999991655349731,358.68804931640625,284.2787170410156,0.9999998807907104,368.8258056640625,286.7389831542969,0.9992579221725464,364.2259826660156,293.61297607421875,0.9996621608734131,355.68994140625,295.3914489746094,0.9999883770942688,349.02301025390625,289.04461669921875,0.9999780654907227,350.704345703125,274.4597473144531,0.9998029470443726,361.5724792480469,209.87353515625,1.0,365.34716796875,197.0092315673828,0.9999985694885254,375.5435791015625,188.60220336914062,0.9999052286148071,368.35260009765625,185.5501708984375,0.9999607801437378,360.2143859863281,186.70594787597656,0.9999887347221375,357.3065490722656,195.83218383789062,0.9777795076370239,356.80499267578125,199.5951690673828,0.01219227910041809,448.49090576171875,200.79156494140625,0.9999998807907104,464.3620300292969,187.79034423828125,0.9999997615814209,457.8946838378906,181.9126434326172,0.9999994039535522,467.96484375,177.5140380859375,0.9999998807907104,477.4535217285156,177.93113708496094,0.9999990463256836,482.7723083496094,185.18861389160156,0.9994226694107056,472.2599792480469,198.787353515625,0.3343358337879181,503.9993591308594,246.45578002929688,0.9999480247497559,529.1456909179688,239.94952392578125,0.9998629093170166,523.3002319335938,249.92332458496094,0.002116978168487549,528.4696044921875,254.3564910888672,0.9982333183288574,541.1248168945312,253.3780517578125,0.994780421257019,545.4188232421875,245.6376953125,0.990463376045227,537.3292846679688,236.6053466796875,0.010999232530593872
152,252.79600524902344,258.6430358886719,1.0,351.09869384765625,242.02987670898438,0.9999998807907104,344.9709777832031,227.1011962890625,0.9999999403953552,351.3802795410156,256.1775207519531,1.0,479.526611328125,237.905517578125,0.9999997615814209,465.044677734375,215.6621856689453,0.9999998807907104,412.97216796875,235.95008850097656,0.999998927116394,472.6014099121094,227.83575439453125,1.0,541.1766357421875,209.79197692871094,0.9999992847442627,632.4309692382812,197.93597412109375,1.0,362.24151611328125,267.3794250488281,0.9999975562095642,359.3049011230469,284.2884826660156,0.9999999403953552,370.4835510253906,286.850341796875,0.9996994733810425,365.6582336425781,293.5108947753906,0.9999529719352722,356.7647399902344,295.92138671875,0.9999966621398926,349.6148986816406,290.12371826171875,0.9999873638153076,351.3885803222656,274.89892578125,0.9996364116668701,355.0013427734375,212.75506591796875,1.0,354.6075134277344,203.22727966308594,0.999975323677063,361.2231750488281,195.6761932373047,0.9275873899459839,357.04815673828125,192.12757873535156,0.9523091316223145,350.2635498046875,192.1375274658203,0.9646826982498169,350.8216857910156,196.42906188964844,0.22875070571899414,345.0470275878906,205.46339416503906,0.0016154348850250244,446.5630798339844,199.841552734375,0.9999998807907104,464.46673583984375,187.64100646972656,0.9999997615814209,457.8204040527344,182.4842529296875,0.9999983310699463,467.4796142578125,177.5458526611328,0.9999997615814209,476.8854675292969,177.17330932617188,0.9999985694885254,482.45245361328125,183.86007690429688,0.9995089173316956,473.2891540527344,197.7539520263672,0.13883373141288757,502.47418212890625,246.5905303955078,0.9999922513961792,528.4823608398438,239.92506408691406,0.9999715089797974,522.5089111328125,249.96209716796875,0.003539830446243286,528.4013671875,254.0752410888672,0.9982845783233643,541.1732788085938,253.55760192871094,0.9968156814575195,545.5840454101562,245.4190216064453,0.9929864406585693,536.6607666015625,235.82754516601562,0.036577075719833374
153,251.68663024902344,259.9280700683594,1.0,350.59405517578125,242.72329711914062,1.0,345.0008544921875,227.2479705810547,1.0,351.400390625,256.71405029296875,0.9999998807907104,478.21478271484375,237.3440399169922,0.999999463558197,463.9682922363281,215.12435913085938,0.9999999403953552,412.3414611816406,236.05596923828125,0.9999994039535522,471.28265380859375,226.61767578125,1.0,537.83740234375,210.5853271484375,0.9999989867210388,630.791259765625,198.4290008544922,1.0,362.6729431152344,267.28509521484375,0.9999985694885254,359.25048828125,284.5413513183594,0.9999999403953552,370.8370056152344,286.8562316894531,0.999714732170105,366.04376220703125,293.72894287109375,0.9999462962150574,356.8174743652344,296.287353515625,0.9999949932098389,349.1692199707031,289.8673095703125,0.999983549118042,351.0459289550781,274.9107666015625,0.9995075464248657,349.9578552246094,210.16220092773438,0.9999998807907104,340.7034912109375,201.7662353515625,0.9999961853027344,349.7593078613281,192.9288330078125,0.7127371430397034,341.55499267578125,191.09616088867188,0.5589924454689026,336.6587829589844,191.01109313964844,0.6902761459350586,334.3872985839844,193.84271240234375,0.46834832429885864,335.0191650390625,206.4405517578125,0.10726040601730347,444.9801025390625,199.26805114746094,1.0,464.6611633300781,187.66798400878906,0.9999997615814209,457.7855224609375,182.79461669921875,0.9999986886978149,466.92694091796875,177.5216522216797,0.9999997615814209,476.4810791015625,176.78033447265625,0.9999985694885254,482.41192626953125,183.55923461914062,0.9996936321258545,473.57354736328125,196.36692810058594,0.21227812767028809,502.30120849609375,246.61911010742188,0.9999966621398926,528.2997436523438,240.0670623779297,0.9999637603759766,522.281982421875,249.72166442871094,0.002093493938446045,528.0921630859375,253.89405822753906,0.9984441995620728,541.1263427734375,253.67494201660156,0.9967465996742249,546.4691162109375,245.2108154296875,0.9931007623672485,536.4576416015625,235.1718292236328,0.06911224126815796
154,251.346923828125,261.0092468261719,1.0,350.2203674316406,242.55702209472656,1.0,342.0436096191406,229.27113342285156,1.0,350.6866760253906,256.1168212890625,0.9999999403953552,477.2001037597656,237.28416442871094,0.9999996423721313,463.56927490234375,213.6872100830078,0.9999997615814209,411.3992004394531,236.03404235839844,0.9999991655349731,470.3514404296875,226.8334503173828,0.9999999403953552,535.6887817382812,210.34327697753906,0.9999990463256836,630.7909545898438,198.8493194580078,1.0,362.4352722167969,267.0837097167969,0.9999978542327881,359.7109069824219,284.7549133300781,0.9999998807907104,371.77703857421875,286.92572021484375,0.9996640682220459,366.76690673828125,294.1033935546875,0.9999145269393921,357.2451171875,296.653564453125,0.9999919533729553,349.1230773925781,289.6070251464844,0.9999737739562988,351.6998596191406,274.2125549316406,0.9991351962089539,339.50634765625,206.81866455078125,0.9999998211860657,321.0023498535156,201.33935546875,0.9999995827674866,326.73260498046875,193.4291229248047,0.9999285340309143,320.33062744140625,191.26547241210938,0.9999648332595825,312.901123046875,193.1858673095703,0.9999759197235107,311.9828186035156,200.15399169921875,0.9990237355232239,318.9143371582031,207.6337890625,0.9988210797309875,444.2321472167969,199.3555145263672,0.9999998807907104,464.196044921875,187.61489868164062,0.9999996423721313,457.4725646972656,182.7874298095703,0.9999979138374329,466.70068359375,177.19329833984375,0.9999995231628418,476.77252197265625,176.52120971679688,0.9999974966049194,482.57940673828125,183.50592041015625,0.9992712140083313,472.4397888183594,197.09878540039062,0.05576321482658386,502.00067138671875,246.63235473632812,0.999995231628418,528.2994995117188,240.46751403808594,0.9999834299087524,521.1098022460938,249.17691040039062,0.007882922887802124,528.0118408203125,253.95140075683594,0.9991856813430786,541.7916870117188,252.9244384765625,0.9989608526229858,547.0187377929688,243.26580810546875,0.9966294765472412,536.378662109375,234.2292022705078,0.30777260661125183
155,251.02989196777344,261.0417175292969,1.0,348.7046813964844,242.9468231201172,1.0,337.8400573730469,229.39529418945312,0.9999998807907104,351.751953125,256.6685485839844,0.9999998807907104,476.0562744140625,237.2728271484375,0.999999463558197,463.01470947265625,213.531982421875,0.9999998807907104,410.0020751953125,235.7753143310547,0.9999992251396179,469.3721618652344,226.6198272705078,1.0,535.4385986328125,210.33946228027344,0.9999992847442627,630.6568603515625,198.98583984375,1.0,361.7410583496094,267.273193359375,0.9999972581863403,359.52557373046875,284.35186767578125,0.9999998807907104,371.5667724609375,286.78118896484375,0.9994415044784546,366.04962158203125,293.5173034667969,0.9993892312049866,356.40472412109375,296.2297668457031,0.9999657869338989,348.88323974609375,288.97607421875,0.9999481439590454,350.03253173828125,275.05548095703125,0.9985947608947754,332.16510009765625,207.4237823486328,0.999998927116394,308.1202392578125,206.39503479003906,1.0,314.20208740234375,196.93740844726562,0.9999940395355225,308.0784912109375,195.0215606689453,0.9999991655349731,299.35174560546875,199.32249450683594,0.9999991655349731,299.1232604980469,208.65269470214844,0.999995231628418,307.32623291015625,216.36183166503906,0.9999904632568359,443.6463623046875,199.08827209472656,0.9999999403953552,464.45086669921875,187.6470184326172,0.9999997615814209,457.8030090332031,182.34927368164062,0.9999991655349731,467.5274658203125,176.84226989746094,0.9999997019767761,477.4922790527344,176.5651092529297,0.9999985098838806,483.1038513183594,183.7546844482422,0.9995589852333069,473.08026123046875,197.07066345214844,0.09687352180480957,501.7413635253906,245.91091918945312,0.9999896287918091,528.8428344726562,240.59400939941406,0.9999838471412659,521.575439453125,248.9081268310547,0.009123653173446655,528.7169799804688,253.83531188964844,0.9984556436538696,542.20947265625,252.85769653320312,0.9985249042510986,547.6661987304688,243.5004425048828,0.996701180934906,537.501220703125,234.67236328125,0.2838064432144165
156,250.53225708007812,261.50537109375,1.0,348.9371032714844,242.1312713623047,1.0,337.9029846191406,228.66168212890625,0.9999998211860657,351.7056579589844,256.5866394042969,0.9999999403953552,475.4783020019531,237.2310333251953,0.9999992847442627,462.0058288574219,213.35243225097656,0.9999998807907104,410.35198974609375,235.75621032714844,0.9999995827674866,468.8896484375,226.6087646484375,1.0,535.3320922851562,210.05885314941406,0.9999995231628418,630.1321411132812,199.06982421875,1.0,362.2736511230469,266.38043212890625,0.9999974966049194,359.1481018066406,284.04901123046875,0.9999999403953552,371.2703552246094,286.716064453125,0.9986655712127686,365.7904357910156,292.8175354003906,0.9974318742752075,356.0401306152344,295.4579772949219,0.9998849630355835,347.7024230957031,287.22015380859375,0.9999282360076904,351.2975769042969,273.6534423828125,0.9970289468765259,328.7811279296875,207.95645141601562,0.999999463558197,303.30877685546875,210.01443481445312,1.0,308.25146484375,200.0922393798828,0.9999949932098389,301.7355651855469,198.88735961914062,0.9999992847442627,292.2211608886719,204.91250610351562,0.9999995231628418,292.2663269042969,214.0501251220703,0.999991774559021,304.3128967285156,220.71449279785156,0.9999672770500183,443.20428466796875,199.3400115966797,0.9999998807907104,464.15460205078125,188.21238708496094,0.9999998807907104,457.6747131347656,182.37245178222656,0.9999997615814209,466.9591369628906,176.6942138671875,0.9999998211860657,477.8205871582031,176.21829223632812,0.9999992847442627,483.8353271484375,184.02523803710938,0.9998756647109985,472.2474060058594,197.57373046875,0.6078219413757324,501.5285339355469,245.93313598632812,0.9999954700469971,528.2581176757812,240.4652862548828,0.999990701675415,521.1279296875,248.47230529785156,0.029635459184646606,529.2171020507812,253.8424072265625,0.9985506534576416,542.15576171875,252.5915069580078,0.9985859394073486,547.1988525390625,243.1922607421875,0.9959836006164551,536.3541870117188,233.45687866210938,0.2669181227684021
157,249.98191833496094,261.854248046875,1.0,348.4968566894531,242.26736450195312,1.0,337.1456298828125,228.37876892089844,0.9999996423721313,350.9081115722656,256.84808349609375,0.9999999403953552,474.2878723144531,236.72793579101562,0.9999992847442627,461.63946533203125,213.18621826171875,0.9999998807907104,410.2991943359375,234.60386657714844,0.9999994039535522,467.96014404296875,226.14744567871094,1.0,535.2600708007812,210.30722045898438,0.9999997019767761,630.0924072265625,198.9170379638672,1.0,362.1182556152344,265.4354248046875,0.9999969005584717,358.8900451660156,283.79736328125,0.9999999403953552,371.0260314941406,286.5393981933594,0.9998581409454346,365.65069580078125,292.6186218261719,0.9999020099639893,356.0096435546875,295.42578125,0.9999901056289673,347.1865539550781,287.102294921875,0.9999552965164185,350.6781921386719,273.13226318359375,0.9976556897163391,325.4664001464844,209.64219665527344,0.9999998807907104,299.9127197265625,213.72027587890625,1.0,306.09332275390625,203.81675720214844,0.9999929070472717,297.23858642578125,203.1557159423828,0.9999992251396179,289.04638671875,208.1922149658203,0.9999997019767761,290.3905029296875,218.85418701171875,0.9999970197677612,301.7235107421875,224.06045532226562,0.9999866485595703,442.6042785644531,198.6841583251953,0.9999999403953552,464.0594177246094,187.7136688232422,0.9999997615814209,457.55029296875,182.2161407470703,0.9999994039535522,467.0476379394531,176.53878784179688,0.9999997615814209,477.391357421875,176.4661407470703,0.9999991655349731,483.3727111816406,184.1310272216797,0.9997572302818298,472.59765625,196.93638610839844,0.44633954763412476,499.68878173828125,247.1008758544922,0.9999958872795105,525.3525390625,241.06417846679688,0.9999954700469971,518.259765625,249.58413696289062,0.4401373863220215,526.7086181640625,254.7952117919922,0.9996241331100464,539.8672485351562,253.94488525390625,0.9996733665466309,546.67919921875,244.8018798828125,0.9989554286003113,535.3223876953125,234.3544158935547,0.40124690532684326
158,248.94139099121094,262.3152770996094,1.0,345.87249755859375,242.17391967773438,0.9999998807907104,334.6048278808594,228.16845703125,0.9999971389770508,347.73583984375,256.7337341308594,0.9999998807907104,473.6222839355469,235.90188598632812,0.999999463558197,460.73187255859375,212.96121215820312,1.0,408.6572265625,233.87896728515625,0.9999986886978149,467.2405700683594,225.42666625976562,1.0,535.0510864257812,210.5142059326172,0.9999992251396179,628.3787231445312,199.0251922607422,1.0,361.2008361816406,266.0710144042969,0.9999977946281433,359.29351806640625,284.05657958984375,0.9999998807907104,371.2802429199219,285.65283203125,0.999857485294342,367.0157775878906,292.52581787109375,0.9998317360877991,356.7214050292969,295.8375244140625,0.9999709129333496,348.2878723144531,289.0966796875,0.9998881220817566,350.2633361816406,273.09539794921875,0.9933671951293945,323.1352233886719,210.2750244140625,0.9999998807907104,297.51416015625,212.92359924316406,1.0,304.1096496582031,204.0228729248047,0.9999921321868896,295.10943603515625,203.26904296875,0.9999982118606567,286.8064270019531,208.40455627441406,0.9999993443489075,288.4274597167969,219.35609436035156,0.9999958276748657,300.4949951171875,224.2735595703125,0.9999914169311523,441.7467956542969,198.38180541992188,0.9999999403953552,463.6707763671875,187.94482421875,0.9999998211860657,457.314697265625,182.07432556152344,0.9999997019767761,467.1191711425781,176.367919921875,0.9999997615814209,477.51116943359375,176.39630126953125,0.9999994039535522,482.7778015136719,184.23626708984375,0.999803900718689,471.99957275390625,196.85768127441406,0.682004451751709,495.44769287109375,246.9307861328125,0.9999860525131226,521.32666015625,240.70193481445312,0.9999510049819946,517.2926635742188,249.8871612548828,0.01764783263206482,521.1533203125,253.83714294433594,0.9954899549484253,532.4087524414062,253.935302734375,0.9839065074920654,536.94384765625,244.29251098632812,0.6770321726799011,529.9932861328125,238.34725952148438,0.0042195916175842285
159,247.72177124023438,263.0479736328125,1.0,342.5404968261719,242.2069854736328,0.9999997019767761,332.0633239746094,227.42430114746094,0.9999943971633911,344.83544921875,256.3846130371094,0.9999998211860657,470.9192199707031,235.57684326171875,1.0,459.3281555175781,213.30079650878906,1.0,405.28125,233.95909118652344,0.9999997615814209,464.84503173828125,224.79898071289062,1.0,534.95556640625,211.1569366455078,0.9999995827674866,626.4861450195312,199.29550170898438,1.0,360.5923156738281,265.40740966796875,0.9999971389770508,360.1356506347656,283.7136535644531,0.9999998807907104,372.1393737792969,285.2873840332031,0.9998772144317627,368.2137756347656,292.3453369140625,0.9998030662536621,357.2828674316406,296.0675048828125,0.9999678730964661,348.6959228515625,289.4998779296875,0.9998972415924072,349.0282897949219,272.6655578613281,0.9898996353149414,321.8060607910156,209.84954833984375,0.9999998807907104,297.35906982421875,213.1971893310547,1.0,303.58831787109375,204.2565460205078,0.9999901652336121,295.3779602050781,203.47235107421875,0.9999984502792358,287.1430358886719,208.15211486816406,0.9999995231628418,288.8761291503906,219.0229949951172,0.999995231628418,300.35308837890625,223.40499877929688,0.9999868869781494,440.0382995605469,196.81382751464844,0.9999998807907104,462.8009948730469,188.39744567871094,0.9999998807907104,456.7186584472656,181.34996032714844,0.9999997019767761,466.8115539550781,175.88113403320312,0.9999999403953552,477.6706237792969,175.8591766357422,0.9999998807907104,483.3742980957031,184.3693389892578,0.9999839067459106,472.2611999511719,196.51596069335938,0.8653491735458374,491.1967468261719,249.19818115234375,0.9999992847442627,516.1093139648438,242.0192413330078,0.9999858140945435,511.5278625488281,250.34881591796875,0.04160195589065552,516.0224609375,253.9864044189453,0.985459566116333,526.9790649414062,251.12400817871094,0.9297264218330383,528.8253784179688,243.04591369628906,0.32788169384002686,523.4310913085938,236.01571655273438,0.0009259581565856934
160,245.6860809326172,263.1841735839844,1.0,339.9256591796875,242.36195373535156,0.9999998807907104,329.8857727050781,227.17205810546875,0.9999946355819702,343.7489929199219,256.5840148925781,0.9999999403953552,468.81610107421875,233.973876953125,1.0,456.8149108886719,213.1611328125,1.0,403.4468994140625,233.3658447265625,0.9999999403953552,462.7587585449219,223.40028381347656,1.0,533.92724609375,211.1314697265625,0.9999997019767761,627.5463256835938,198.54946899414062,1.0,358.4728698730469,264.9099426269531,0.9999985098838806,360.2000732421875,283.7953186035156,1.0,371.772216796875,284.6533508300781,0.9999409317970276,368.57666015625,292.0970764160156,0.9999269843101501,357.8085021972656,296.3269958496094,0.9999580383300781,348.8816833496094,290.30401611328125,0.9998984932899475,348.5121154785156,273.66436767578125,0.9803570508956909,319.7674865722656,209.50750732421875,0.9999997615814209,296.203857421875,212.47161865234375,1.0,302.9641418457031,204.12693786621094,0.9999789595603943,295.2091369628906,202.8817901611328,0.9999969005584717,286.92572021484375,206.87026977539062,0.9999979734420776,287.6316223144531,217.98684692382812,0.9999823570251465,299.59222412109375,222.83876037597656,0.9999420642852783,438.39788818359375,195.40032958984375,0.9999998807907104,462.29766845703125,187.91476440429688,0.9999997615814209,456.8904113769531,180.49241638183594,0.9999996423721313,466.7376403808594,175.54270935058594,0.9999997615814209,477.4759521484375,175.54327392578125,0.9999997615814209,483.0242614746094,184.2402801513672,0.999994158744812,471.30938720703125,195.27569580078125,0.9325436353683472,483.27099609375,251.3948516845703,0.9999998807907104,504.1700134277344,244.71536254882812,0.9996377229690552,499.22137451171875,249.9716033935547,0.026812702417373657,503.093994140625,254.8105926513672,0.6898577809333801,514.6000366210938,255.0033416748047,0.10670280456542969,536.4133911132812,230.05784606933594,0.0011065304279327393,535.2468872070312,230.66470336914062,0.0003654062747955322
161,241.67625427246094,263.7320251464844,1.0,337.32183837890625,243.21823120117188,1.0,325.84869384765625,228.5934295654297,0.9999955296516418,341.21990966796875,257.385986328125,1.0,465.5561218261719,236.36985778808594,1.0,456.5757141113281,212.66651916503906,1.0,402.4319763183594,233.29592895507812,0.9999999403953552,461.0913391113281,224.7934112548828,1.0,532.4755249023438,211.12734985351562,0.9999998211860657,622.8482666015625,199.7216033935547,1.0,356.8154296875,265.8260803222656,0.9999988079071045,360.52850341796875,284.1959228515625,1.0,372.21673583984375,284.3430480957031,0.9997676610946655,368.8590393066406,292.1239318847656,0.9996124505996704,358.0406494140625,296.42291259765625,0.999667763710022,349.14349365234375,291.19415283203125,0.9997485876083374,348.1097106933594,275.9327087402344,0.9777580499649048,318.646728515625,209.49746704101562,0.9999997615814209,295.53094482421875,212.65415954589844,1.0,302.856689453125,205.56565856933594,0.999958872795105,295.52105712890625,202.91909790039062,0.9999970197677612,286.5439147949219,207.07920837402344,0.9999972581863403,286.85125732421875,217.57254028320312,0.9999790191650391,298.81903076171875,223.1881866455078,0.9999661445617676,438.4654235839844,194.80870056152344,0.9999998807907104,462.6683044433594,187.8326416015625,0.9999995827674866,456.6223449707031,181.0391387939453,0.9999990463256836,466.9444885253906,174.80389404296875,0.9999995827674866,477.47332763671875,175.1188507080078,0.9999996423721313,483.3974609375,183.57154846191406,0.9999865889549255,469.69287109375,195.6511688232422,0.7256600856781006,472.4806213378906,255.75686645507812,0.9999997615814209,488.8208312988281,251.21343994140625,0.9874246120452881,485.7936096191406,254.7688751220703,0.010225057601928711,488.5232849121094,259.97900390625,0.001770704984664917,498.7279357910156,259.53515625,0.0010532736778259277,538.347900390625,229.3690948486328,0.0007967650890350342,496.1041259765625,244.33438110351562,0.00029090046882629395
162,239.02734375,264.4884033203125,1.0,334.66937255859375,243.79464721679688,0.9999998807907104,323.51080322265625,229.55712890625,0.9999984502792358,339.5220031738281,258.1523132324219,1.0,461.0374755859375,236.86500549316406,1.0,455.81903076171875,212.5740966796875,1.0,398.42364501953125,233.16781616210938,1.0,458.4660949707031,225.04476928710938,1.0,530.9982299804688,212.16757202148438,0.9999999403953552,623.015625,199.45350646972656,1.0,355.1667785644531,266.1954040527344,0.999998927116394,360.7688293457031,284.3146667480469,1.0,372.0440979003906,284.5884704589844,0.9999208450317383,369.0356750488281,292.2690734863281,0.9999074935913086,358.75146484375,296.5807189941406,0.9997933506965637,349.91680908203125,291.8414611816406,0.9997826218605042,347.766357421875,277.455322265625,0.9741714000701904,317.21826171875,209.644775390625,0.9999996423721313,295.1674499511719,212.63255310058594,1.0,302.1661071777344,205.4066925048828,0.9999673962593079,295.00738525390625,202.48138427734375,0.9999979734420776,285.7984924316406,207.2335662841797,0.9999963641166687,286.0406494140625,217.15737915039062,0.9999619126319885,297.3345642089844,223.3092041015625,0.9999620914459229,439.2498779296875,193.13075256347656,0.9999995827674866,463.2081604003906,187.26658630371094,0.9999996423721313,457.41094970703125,180.65878295898438,0.9999986886978149,466.89385986328125,174.53213500976562,0.9999991059303284,477.5086669921875,175.0305633544922,0.9999985694885254,483.5851745605469,182.80575561523438,0.9999473094940186,470.28662109375,195.19247436523438,0.5066990852355957,456.8782043457031,256.2189025878906,0.9999992847442627,482.5826416015625,255.6701202392578,0.9999024868011475,470.985595703125,263.4510498046875,0.024384260177612305,482.94879150390625,266.20068359375,0.05461195111274719,491.73101806640625,268.0857238769531,0.007294356822967529,496.96990966796875,258.3822937011719,0.04522651433944702,491.42779541015625,247.2838897705078,0.0037072300910949707
163,235.1203155517578,264.3829345703125,0.9999999403953552,332.3608703613281,244.57383728027344,1.0,321.44122314453125,230.26934814453125,0.9999988079071045,336.7044372558594,259.09637451171875,1.0,454.90899658203125,238.30479431152344,1.0,452.48486328125,213.33872985839844,1.0,394.4934387207031,233.6479949951172,0.9999998807907104,455.65289306640625,226.03895568847656,1.0,527.791015625,212.4921417236328,1.0,620.8556518554688,199.49293518066406,1.0,353.8518371582031,266.64031982421875,0.9999990463256836,360.4414367675781,284.6571350097656,1.0,371.6947326660156,285.0506286621094,0.9999908208847046,369.0281677246094,292.8214111328125,0.9999945163726807,358.8700256347656,297.5241394042969,0.9999445676803589,350.7855224609375,292.7405700683594,0.9998651146888733,347.56610107421875,279.3276062011719,0.9792416095733643,317.9091796875,210.7664794921875,0.9999997615814209,295.0970153808594,212.95846557617188,1.0,301.76849365234375,205.49160766601562,0.9999793767929077,294.61553955078125,202.81808471679688,0.999998927116394,286.36346435546875,207.0120849609375,0.9999975562095642,285.8504943847656,217.41827392578125,0.9999775886535645,297.2710266113281,223.68040466308594,0.999976396560669,438.4868469238281,192.81451416015625,0.9999996423721313,463.3713073730469,187.02093505859375,0.9999996423721313,457.3680725097656,181.07177734375,0.9999983310699463,466.64324951171875,174.60714721679688,0.9999988079071045,477.4026794433594,174.7910614013672,0.9999980926513672,483.7439270019531,182.1152801513672,0.9999475479125977,470.386474609375,194.48672485351562,0.46674609184265137,444.8579406738281,258.14385986328125,0.9999994039535522,470.42254638671875,261.2695617675781,0.9999619722366333,462.566162109375,270.403076171875,0.9995877742767334,470.9556579589844,273.8193359375,0.8570456504821777,482.7190856933594,271.7570495605469,0.9603140354156494,486.9170227050781,263.17791748046875,0.8485223054885864,479.7925109863281,251.19601440429688,0.031175822019577026
164,233.26243591308594,264.9495849609375,0.9999998807907104,330.4585876464844,245.54254150390625,1.0,319.6111145019531,230.7297821044922,0.9999983310699463,335.88861083984375,260.0199890136719,0.9999998807907104,450.9000244140625,238.54161071777344,1.0,449.7260437011719,212.63096618652344,1.0,390.074462890625,233.7648162841797,0.9999997615814209,452.6575927734375,225.6666717529297,1.0,524.9193725585938,212.90834045410156,0.9999996423721313,618.2490234375,199.2764892578125,1.0,351.9992980957031,266.99176025390625,0.9999995231628418,359.9135437011719,284.3739929199219,1.0,370.40240478515625,285.5026550292969,0.9999958276748657,367.79510498046875,292.86688232421875,0.9999992251396179,358.4792785644531,297.1229248046875,0.9999866485595703,350.3153991699219,292.4665832519531,0.9998806715011597,346.9073791503906,279.5823974609375,0.9560681581497192,316.6824035644531,210.7248992919922,0.9999996423721313,294.8346862792969,213.13723754882812,1.0,301.88446044921875,205.35708618164062,0.999971866607666,294.4501647949219,202.70069885253906,0.9999989867210388,285.9559631347656,206.61170959472656,0.9999979734420776,285.55743408203125,217.27999877929688,0.9999785423278809,297.0531921386719,223.89015197753906,0.9999784231185913,438.521728515625,192.99685668945312,0.9999996423721313,463.4026794433594,186.8196563720703,0.999999463558197,458.0204162597656,180.59732055664062,0.9999970197677612,467.1325378417969,174.7893524169922,0.9999983906745911,477.3548583984375,174.576904296875,0.9999973773956299,483.8807373046875,181.79547119140625,0.9999533891677856,470.8154602050781,194.2266082763672,0.42227068543434143,440.099853515625,258.5098571777344,0.9999997615814209,463.1158142089844,261.8155212402344,0.9999699592590332,453.8243408203125,272.1354064941406,0.9912350177764893,463.8670349121094,274.2757568359375,0.16714966297149658,470.2966003417969,274.2652282714844,0.05560237169265747,480.03741455078125,265.3527526855469,0.0693141520023346,472.09637451171875,252.5870361328125,0.00594136118888855
165,230.82557678222656,265.1953430175781,1.0,329.7438659667969,247.08277893066406,0.9999998807907104,318.2269287109375,232.2732696533203,0.9999969005584717,335.2598571777344,261.24139404296875,0.9999999403953552,447.2951354980469,238.9410400390625,1.0,447.07867431640625,212.4088134765625,1.0,388.7177734375,233.43299865722656,0.9999999403953552,448.25634765625,225.82603454589844,1.0,521.6424560546875,214.02316284179688,0.9999997615814209,614.3873291015625,199.78280639648438,1.0,350.7256164550781,267.9302978515625,0.9999997615814209,360.2004699707031,284.76495361328125,1.0,370.3254699707031,286.2391662597656,0.9999943971633911,367.2140808105469,293.1091003417969,0.9999990463256836,358.6231689453125,296.8294677734375,0.9999697208404541,350.8484802246094,292.74212646484375,0.9995969533920288,347.5767517089844,280.73382568359375,0.5783551931381226,316.0027160644531,212.23487854003906,0.9999998807907104,294.96185302734375,213.35403442382812,1.0,301.7753601074219,205.48779296875,0.9999859929084778,294.1628723144531,203.05569458007812,0.9999994039535522,285.7198791503906,207.15505981445312,0.9999987483024597,285.8550109863281,216.56842041015625,0.9999725818634033,295.8826599121094,223.91432189941406,0.9999858140945435,438.4084167480469,192.1174774169922,0.9999997615814209,463.21832275390625,186.95382690429688,0.9999995827674866,457.358154296875,180.06158447265625,0.9999977946281433,466.6482849121094,175.1394805908203,0.9999986886978149,476.6770935058594,174.81570434570312,0.9999988079071045,483.35430908203125,182.27464294433594,0.9999892115592957,469.8485412597656,194.15206909179688,0.7277194261550903,438.41607666015625,258.5263671875,1.0,458.04736328125,261.60076904296875,0.999758780002594,449.2146911621094,270.2917175292969,0.8465145230293274,457.014404296875,272.2633361816406,0.007952898740768433,467.4215087890625,270.2386474609375,0.02605229616165161,472.12982177734375,263.1136474609375,0.009266525506973267,466.0787353515625,253.1501922607422,0.0017286837100982666
166,229.44810485839844,266.4597473144531,1.0,326.4978332519531,246.24359130859375,1.0,316.2004699707031,231.27392578125,0.9999984502792358,331.4541931152344,261.2137145996094,0.9999998807907104,446.3528137207031,237.65402221679688,1.0,445.45892333984375,211.72171020507812,1.0,387.75457763671875,233.10552978515625,1.0,446.4840087890625,224.45303344726562,1.0,519.399169921875,216.02438354492188,0.9999995827674866,610.6767578125,201.52066040039062,1.0,348.9627380371094,268.0504455566406,0.9999991655349731,360.1695861816406,284.3159484863281,0.9999998807907104,370.4463806152344,286.3134460449219,0.9999979734420776,367.72760009765625,293.13568115234375,0.9999998807907104,359.8701171875,297.08880615234375,0.9999935626983643,351.87255859375,293.0456237792969,0.9998798370361328,349.5108642578125,284.1537780761719,0.38735055923461914,314.6533508300781,212.17205810546875,0.9999998807907104,294.2752990722656,213.19493103027344,1.0,301.0676574707031,205.48117065429688,0.9999757409095764,293.8412170410156,203.22064208984375,0.9999990463256836,285.53070068359375,207.384765625,0.9999985694885254,285.7532958984375,216.40985107421875,0.9999740719795227,295.1895446777344,223.63055419921875,0.999984085559845,436.5764465332031,189.59266662597656,1.0,462.11328125,187.03831481933594,0.9999995231628418,457.71337890625,179.4073944091797,0.9999983310699463,466.0281066894531,175.4102783203125,0.9999992847442627,476.38397216796875,174.5267333984375,0.9999991655349731,483.5910949707031,182.6231231689453,0.999993085861206,469.3013000488281,193.84457397460938,0.925812840461731,435.698974609375,257.1020812988281,0.9999996423721313,451.3676452636719,262.531005859375,0.9999068975448608,444.706298828125,269.9609375,0.2742653787136078,452.4278869628906,272.9053039550781,0.011232823133468628,461.7939453125,270.9161682128906,0.014921844005584717,466.3890686035156,265.01153564453125,0.02942681312561035,458.7958984375,255.61917114257812,0.0012010633945465088
167,227.49575805664062,266.50567626953125,1.0,324.392578125,246.296875,1.0,313.684814453125,231.7062225341797,0.9999988079071045,329.4806213378906,261.4498596191406,1.0,445.01531982421875,237.12200927734375,1.0,444.19696044921875,211.60513305664062,1.0,385.9552917480469,232.61834716796875,1.0,445.2571105957031,223.81924438476562,1.0,518.9718627929688,217.08123779296875,0.9999995231628418,608.99169921875,202.7918701171875,1.0,347.82568359375,268.7104797363281,0.9999988079071045,360.01153564453125,284.22412109375,1.0,370.6602478027344,286.2249450683594,0.9999961853027344,367.4391174316406,292.87298583984375,0.9999997019767761,359.866943359375,296.5341491699219,0.9999898076057434,352.401611328125,292.65234375,0.9997395277023315,349.40509033203125,284.6806335449219,0.2353631556034088,313.712646484375,212.7070770263672,0.9999998807907104,293.726318359375,213.1598663330078,1.0,300.98211669921875,205.7294464111328,0.9999738931655884,293.8903503417969,203.3392791748047,0.999998927116394,285.4098205566406,207.30702209472656,0.9999977350234985,285.3470458984375,215.75271606445312,0.9999720454216003,293.879150390625,222.6137237548828,0.9999788999557495,435.9002380371094,188.10800170898438,0.9999998807907104,461.89324951171875,186.74229431152344,0.9999997019767761,457.6491394042969,178.55914306640625,0.9999985694885254,465.7380676269531,175.04530334472656,0.9999995231628418,476.0785827636719,174.26551818847656,0.9999994039535522,483.4076843261719,182.41575622558594,0.9999967217445374,469.3951416015625,193.19435119628906,0.979712963104248,432.590576171875,255.49046325683594,0.9999971389770508,447.7901611328125,263.14288330078125,0.9999865293502808,440.5730285644531,271.1839904785156,0.882415235042572,449.26055908203125,273.50341796875,0.3257703185081482,457.635986328125,273.34295654296875,0.7985450029373169,464.2264099121094,264.40093994140625,0.7452241778373718,456.3021240234375,256.039794921875,0.25877606868743896
168,225.47955322265625,266.4815979003906,1.0,322.46539306640625,246.38265991210938,1.0,312.2071838378906,232.3528289794922,0.9999986886978149,328.53369140625,261.42974853515625,1.0,443.3714599609375,236.83538818359375,1.0,443.21038818359375,211.3241424560547,1.0,384.453857421875,231.88600158691406,1.0,443.2368469238281,223.5786590576172,1.0,518.0931396484375,216.78799438476562,0.9999996423721313,608.12451171875,204.4020538330078,1.0,346.7765808105469,268.8037109375,0.9999979138374329,359.64404296875,283.80181884765625,1.0,370.37322998046875,285.9983215332031,0.9999958872795105,367.2266540527344,292.3463134765625,0.9999997615814209,360.2104187011719,296.7594909667969,0.9999921917915344,352.817626953125,292.81475830078125,0.9998034238815308,347.9165954589844,285.6545104980469,0.47238996624946594,312.9209899902344,213.371826171875,1.0,293.51324462890625,213.16331481933594,1.0,301.4521484375,206.01968383789062,0.9999716281890869,294.207275390625,203.33323669433594,0.999997615814209,286.0281677246094,206.8239288330078,0.9999946355819702,285.37139892578125,214.82650756835938,0.9999532699584961,292.70343017578125,221.75892639160156,0.9999483823776245,435.6740417480469,188.22312927246094,0.9999998807907104,461.7801818847656,186.9643096923828,0.9999995231628418,457.5320129394531,178.8041534423828,0.9999986886978149,465.29241943359375,175.11898803710938,0.999999463558197,475.5687255859375,174.31590270996094,0.9999994039535522,482.8911437988281,182.39410400390625,0.9999963641166687,468.94110107421875,193.0992431640625,0.9799443483352661,429.0086669921875,254.62393188476562,0.9999986886978149,447.4310302734375,261.1883544921875,0.9999889135360718,437.7127380371094,270.44378662109375,0.9958525896072388,448.0131530761719,272.6642150878906,0.714834451675415,457.21478271484375,271.94317626953125,0.9311736226081848,463.16162109375,263.06201171875,0.7730503082275391,454.7709655761719,254.86781311035156,0.800871729850769
169,224.07484436035156,266.5770263671875,1.0,321.19378662109375,246.33377075195312,1.0,311.3018798828125,232.64918518066406,0.9999990463256836,327.1997375488281,261.4283752441406,1.0,441.5362548828125,236.2907257080078,0.9999998807907104,442.2236328125,211.31185913085938,1.0,382.1548156738281,232.00836181640625,1.0,441.9696350097656,223.59823608398438,1.0,515.2736206054688,217.60391235351562,0.9999997019767761,605.3800048828125,203.2522430419922,1.0,345.651123046875,269.4806213378906,0.9999961853027344,359.4386291503906,284.6473693847656,0.9999998807907104,370.65509033203125,287.4833984375,0.999968409538269,367.2305908203125,293.3686218261719,0.9999989867210388,360.6458740234375,297.029541015625,0.9999657869338989,353.2323303222656,293.5565490722656,0.9994094371795654,347.9841613769531,286.9288330078125,0.24678418040275574,312.4129943847656,213.4369659423828,1.0,293.14898681640625,213.14080810546875,1.0,301.3020324707031,205.9864959716797,0.9999709725379944,293.8133239746094,203.18618774414062,0.9999986290931702,285.4181823730469,206.75881958007812,0.9999966621398926,285.22503662109375,215.52818298339844,0.999966025352478,292.56341552734375,221.99090576171875,0.9999586343765259,434.84515380859375,188.39845275878906,0.9999999403953552,461.3114929199219,187.17059326171875,0.999999463558197,456.8240966796875,178.7261962890625,0.9999982714653015,465.23199462890625,175.05213928222656,0.999999463558197,475.4290466308594,174.5200958251953,0.9999994039535522,482.9642333984375,182.7210693359375,0.9999960660934448,468.6080627441406,193.51699829101562,0.9863409399986267,426.3478088378906,254.01593017578125,0.9999963045120239,443.1406555175781,262.7891845703125,0.9999977946281433,432.9015808105469,271.80078125,0.9999854564666748,445.5726013183594,275.9189758300781,0.9999221563339233,455.758056640625,273.0380859375,0.999906063079834,461.6349182128906,265.3448486328125,0.99993896484375,452.9578552246094,255.27908325195312,0.9988518953323364
170,222.31109619140625,266.60150146484375,0.9999999403953552,320.5724792480469,247.13523864746094,1.0,311.0076904296875,233.2901153564453,0.9999995827674866,326.7407531738281,261.7184753417969,1.0,440.0044250488281,237.10032653808594,1.0,440.90576171875,211.04490661621094,1.0,380.6241455078125,231.84254455566406,1.0,441.1570129394531,223.86453247070312,1.0,514.6099243164062,217.5360870361328,0.9999997615814209,603.5048828125,205.65284729003906,0.9999998807907104,344.6070251464844,269.89178466796875,0.9999939203262329,358.6359558105469,284.7881774902344,0.9999998807907104,370.2284851074219,287.1320495605469,0.9998692274093628,367.1341857910156,293.3717956542969,0.9999979138374329,360.332275390625,296.65277099609375,0.9999163150787354,354.027587890625,294.46319580078125,0.9984321594238281,347.73504638671875,286.8659973144531,0.46502184867858887,311.7223205566406,214.10470581054688,1.0,293.0572509765625,212.83517456054688,1.0,300.6911315917969,205.82423400878906,0.9999677538871765,293.8173522949219,203.169189453125,0.9999978542327881,285.6530456542969,207.24014282226562,0.9999920129776001,285.28912353515625,214.75172424316406,0.9999455213546753,291.6084289550781,220.9366912841797,0.99993896484375,434.43731689453125,188.3928680419922,0.9999997615814209,461.0165710449219,186.7670440673828,0.999998927116394,455.8044738769531,178.57806396484375,0.9999898672103882,464.5751037597656,175.01544189453125,0.9999986886978149,474.89617919921875,174.59669494628906,0.9999986886978149,482.3055725097656,181.91006469726562,0.9999882578849792,467.8547058105469,193.27928161621094,0.8833341598510742,424.01141357421875,254.36819458007812,0.9999986290931702,441.6280517578125,262.2478332519531,0.9999969005584717,431.51611328125,271.57232666015625,0.9999662637710571,444.55517578125,275.22216796875,0.999919056892395,455.1390075683594,272.1455993652344,0.9998274445533752,460.7432556152344,264.4933776855469,0.9996227025985718,450.96221923828125,255.2212677001953,0.9916342496871948
171,220.25204467773438,266.59246826171875,1.0,319.4933776855469,247.43646240234375,0.9999998807907104,309.4139709472656,233.243408203125,0.9999998211860657,325.383544921875,261.7352600097656,1.0,436.81890869140625,237.83535766601562,1.0,438.5068359375,211.31280517578125,1.0,379.0594177246094,232.064697265625,1.0,439.1559753417969,224.0719451904297,1.0,513.1798706054688,217.550048828125,0.9999997615814209,602.19091796875,205.80479431152344,1.0,344.2487487792969,269.6260070800781,0.999994695186615,358.51611328125,284.9841613769531,0.9999998807907104,370.48760986328125,287.8041076660156,0.9998956918716431,367.1854553222656,293.4550476074219,0.999997615814209,360.4239196777344,296.96142578125,0.9998952150344849,354.0558166503906,294.7557373046875,0.9987376928329468,347.510986328125,287.39605712890625,0.7535773515701294,311.28765869140625,214.2144012451172,1.0,292.8556213378906,212.32435607910156,1.0,300.4893798828125,205.1663818359375,0.9999495148658752,293.8005065917969,202.90374755859375,0.9999938011169434,285.77655029296875,206.90603637695312,0.9999798536300659,285.06396484375,214.10800170898438,0.9998490810394287,291.2769470214844,220.1540069580078,0.9997059106826782,434.5526123046875,188.37828063964844,0.9999997019767761,461.05755615234375,186.447509765625,0.9999990463256836,457.3179016113281,177.85784912109375,0.9999797344207764,464.59100341796875,175.108154296875,0.9999985098838806,475.08856201171875,174.53126525878906,0.9999979734420776,482.3916015625,181.77552795410156,0.9999879598617554,467.51068115234375,193.75376892089844,0.913688063621521,421.4824523925781,254.63739013671875,0.9999994039535522,440.0881652832031,263.6727294921875,0.9999977350234985,431.5142822265625,271.599853515625,0.999955952167511,444.36181640625,274.6368103027344,0.9999439716339111,455.3611145019531,271.2107238769531,0.9998593330383301,460.39239501953125,263.2231140136719,0.9994807243347168,449.274658203125,254.0899200439453,0.9947619438171387
172,219.26268005371094,266.5647277832031,0.9999998807907104,317.9645690917969,247.8067626953125,0.9999998807907104,307.85552978515625,233.76878356933594,0.9999999403953552,323.5445251464844,261.6070556640625,1.0,435.4108581542969,237.26272583007812,1.0,437.08489990234375,211.1317901611328,1.0,378.2313537597656,231.32437133789062,1.0,437.6286926269531,223.9509735107422,1.0,512.1492919921875,217.89483642578125,0.9999997019767761,601.1488037109375,206.4305419921875,1.0,342.6276550292969,269.20745849609375,0.9999983310699463,356.44012451171875,281.7032775878906,1.0,366.7272033691406,283.276123046875,0.9999908804893494,365.801025390625,289.34588623046875,0.9999986886978149,359.6900634765625,294.4447326660156,0.9999356269836426,352.8943786621094,292.1497497558594,0.9979050159454346,345.8323974609375,285.5389709472656,0.9476381540298462,310.0360412597656,214.35531616210938,1.0,292.60260009765625,211.90357971191406,1.0,299.7720642089844,204.65121459960938,0.9998974800109863,293.1189880371094,202.80360412597656,0.9999803304672241,285.0751953125,205.945556640625,0.9999523758888245,284.869140625,213.47402954101562,0.9993829727172852,290.5604553222656,219.41867065429688,0.9971392750740051,433.76507568359375,188.88046264648438,0.9999992847442627,460.844970703125,186.60731506347656,0.9999983310699463,456.9142150878906,178.0404052734375,0.9999660849571228,464.4910888671875,175.0963592529297,0.9999985694885254,474.8935546875,174.5625762939453,0.9999979734420776,482.0869140625,181.9016876220703,0.9999839067459106,467.124755859375,193.62701416015625,0.7644177079200745,421.0458068847656,254.44027709960938,0.9999988079071045,440.0595397949219,263.6925964355469,0.9999971389770508,432.7487487792969,273.0931396484375,0.9999550580978394,445.089111328125,274.998779296875,0.9999476671218872,456.4035949707031,271.3217468261719,0.9998582601547241,460.6312255859375,262.9580993652344,0.9995748400688171,449.2906188964844,253.95176696777344,0.9907200336456299
173,218.09677124023438,265.8320617675781,0.9999998807907104,316.4946594238281,248.2794952392578,1.0,305.8340148925781,234.28350830078125,1.0,322.3026123046875,261.59326171875,1.0,433.458984375,237.8686981201172,1.0,435.342041015625,211.6444854736328,1.0,375.55767822265625,231.6831817626953,0.9999998807907104,435.4805908203125,224.6293487548828,1.0,511.48358154296875,218.15919494628906,0.9999995827674866,601.0436401367188,206.392822265625,1.0,341.540771484375,269.4671630859375,0.9999974966049194,354.8566589355469,281.8843688964844,1.0,365.555419921875,283.4973449707031,0.9998118281364441,363.7000732421875,287.7976379394531,0.9998854398727417,357.2034606933594,292.9249572753906,0.998507022857666,350.2420654296875,291.7593078613281,0.98142409324646,344.0242614746094,285.7591552734375,0.7355265021324158,309.6382141113281,214.9346160888672,1.0,292.6336364746094,212.0359649658203,1.0,299.66229248046875,204.41110229492188,0.9999308586120605,292.36260986328125,202.81497192382812,0.9999778270721436,284.4650573730469,206.92056274414062,0.9999774098396301,284.33392333984375,214.33837890625,0.9995276927947998,291.31341552734375,220.0604248046875,0.9972511529922485,433.6863098144531,189.12652587890625,0.9999995231628418,461.01910400390625,186.53359985351562,0.9999979138374329,455.02996826171875,178.3516845703125,0.9999372363090515,464.0218505859375,175.3276824951172,0.9999982118606567,474.57958984375,174.49130249023438,0.9999974966049194,481.84588623046875,181.64300537109375,0.9999843835830688,467.1035461425781,193.84483337402344,0.7616956830024719,420.23223876953125,255.14889526367188,0.9999992251396179,439.92449951171875,263.0128479003906,0.9999986290931702,432.72882080078125,272.4295654296875,0.9999591112136841,444.7636413574219,274.315185546875,0.9999769926071167,455.8143005371094,271.01995849609375,0.9999173879623413,460.5469665527344,262.83941650390625,0.9997373223304749,448.80072021484375,253.28941345214844,0.9920995235443115
174,215.84768676757812,265.7651062011719,1.0,315.1012878417969,248.74110412597656,1.0,304.8844299316406,234.4875030517578,0.9999998807907104,320.3086853027344,261.52642822265625,1.0,431.0516357421875,238.7408447265625,1.0,433.9723205566406,212.6099853515625,1.0,374.1178283691406,232.0669708251953,0.9999998807907104,434.1741638183594,225.08486938476562,1.0,509.2899169921875,219.99484252929688,0.9999989867210388,599.82470703125,206.48301696777344,1.0,340.1744079589844,270.1284484863281,0.9999966621398926,355.1907653808594,282.1647644042969,1.0,365.9401550292969,284.3905334472656,0.999919056892395,364.4637451171875,288.3356018066406,0.9999539852142334,357.6377258300781,293.4915466308594,0.9987112283706665,350.7845458984375,292.5709228515625,0.9735379219055176,343.8409423828125,286.3518981933594,0.7177556753158569,309.2662048339844,215.334228515625,1.0,292.5639953613281,212.04129028320312,1.0,299.9937438964844,204.49005126953125,0.9998290538787842,292.6614990234375,203.01449584960938,0.9999545812606812,284.6094970703125,206.66241455078125,0.999965250492096,284.38690185546875,213.8596649169922,0.9992995262145996,290.6283874511719,219.67259216308594,0.9947213530540466,433.2177429199219,189.153076171875,0.9999996423721313,460.7898254394531,186.8444061279297,0.9999985694885254,454.6454772949219,178.668701171875,0.9999659061431885,463.9183654785156,175.61866760253906,0.9999984502792358,474.2667236328125,174.64173889160156,0.9999983310699463,481.74822998046875,181.8538360595703,0.9999918937683105,467.3144226074219,194.17652893066406,0.8920586109161377,418.8271179199219,256.0823669433594,0.9999976754188538,440.1737976074219,262.7276306152344,0.9999986886978149,433.3495788574219,272.40606689453125,0.9999249577522278,444.7787170410156,273.8379821777344,0.999980092048645,455.6717224121094,270.76348876953125,0.9999152421951294,459.9798889160156,262.6681823730469,0.999834418296814,448.7557678222656,253.03421020507812,0.98626309633255
175,212.87770080566406,265.024658203125,1.0,313.0946960449219,249.35862731933594,0.9999998807907104,303.8318786621094,234.6774139404297,0.9999998807907104,318.60498046875,263.06231689453125,1.0,430.7695617675781,239.08526611328125,0.9999999403953552,432.4544677734375,213.61488342285156,1.0,372.9239196777344,233.01675415039062,0.9999999403953552,432.429443359375,226.5825653076172,1.0,508.0809326171875,220.63433837890625,0.999998927116394,599.1690673828125,206.54331970214844,1.0,335.1808776855469,268.1643981933594,0.9999746680259705,352.2439270019531,281.4939880371094,0.999998927116394,361.472900390625,283.86639404296875,0.9661296606063843,359.04473876953125,290.2533874511719,0.8767614960670471,352.59771728515625,291.6943359375,0.73661869764328,341.4621276855469,289.13580322265625,0.9012438058853149,329.3412780761719,274.285888671875,0.795207142829895,309.15179443359375,215.701416015625,1.0,292.60577392578125,212.26129150390625,1.0,299.8335266113281,204.61199951171875,0.9999064207077026,292.68792724609375,203.2754669189453,0.9999765157699585,284.55242919921875,207.18043518066406,0.9999806880950928,284.4237060546875,214.2784881591797,0.9996294975280762,290.5444030761719,219.91448974609375,0.9979113340377808,432.2034912109375,189.10679626464844,0.9999997019767761,460.73681640625,187.1973419189453,0.999998927116394,454.8256530761719,178.85910034179688,0.9999856948852539,464.00091552734375,175.77267456054688,0.999998927116394,474.4008483886719,174.96656799316406,0.9999987483024597,482.1144714355469,182.26266479492188,0.9999924898147583,466.86480712890625,194.55450439453125,0.9388130307197571,416.03643798828125,255.12765502929688,0.9999938011169434,437.8948974609375,263.2221984863281,0.9999990463256836,429.95458984375,271.9294128417969,0.9999179840087891,442.0541687011719,274.7407531738281,0.9999921917915344,452.7527160644531,271.6922302246094,0.9999777674674988,457.4216003417969,263.5118713378906,0.9998253583908081,446.3603210449219,252.723876953125,0.9802110195159912
176,210.9748992919922,264.69781494140625,1.0,313.4577941894531,249.01072692871094,0.9999998807907104,302.98419189453125,234.77870178222656,1.0,316.27008056640625,263.2909851074219,1.0,429.942626953125,239.5338897705078,1.0,430.9955139160156,213.7710418701172,1.0,372.2108154296875,233.8213653564453,0.9999998807907104,431.2063903808594,226.76791381835938,1.0,507.3174743652344,221.22637939453125,0.9999992847442627,598.9635620117188,208.3538360595703,1.0,332.9650573730469,268.5832824707031,0.9999850988388062,343.459716796875,280.3848876953125,0.9999746084213257,353.2722473144531,281.8016662597656,0.5607122182846069,350.0865478515625,287.290283203125,0.2449793517589569,346.9344482421875,289.55499267578125,0.026159971952438354,327.4124755859375,280.8291015625,0.3593921363353729,324.4584045410156,274.1569519042969,0.5123441219329834,308.4172668457031,215.88726806640625,1.0,292.35601806640625,211.901123046875,1.0,299.80865478515625,204.4885711669922,0.9998475313186646,292.43115234375,203.10665893554688,0.9999583959579468,284.0708312988281,207.31906127929688,0.9999774694442749,284.16473388671875,214.57342529296875,0.9996589422225952,290.42205810546875,219.6700439453125,0.9976719617843628,431.89447021484375,189.6888427734375,0.9999995231628418,462.2581481933594,188.19192504882812,0.9999990463256836,456.4957580566406,178.66493225097656,0.9999830722808838,464.2607116699219,175.80560302734375,0.9999991655349731,474.88690185546875,175.06954956054688,0.9999986290931702,482.2301025390625,182.4038848876953,0.9999923706054688,466.83917236328125,195.02981567382812,0.9030667543411255,416.6004333496094,256.7165832519531,0.9999970197677612,438.369384765625,262.2452697753906,0.9999994039535522,431.16265869140625,272.65740966796875,0.9999337196350098,443.3591003417969,274.2554626464844,0.9999850988388062,453.4061584472656,270.4056396484375,0.9999375343322754,457.5032043457031,262.155517578125,0.9994877576828003,445.5565185546875,251.0664825439453,0.9727383852005005
177,209.58856201171875,264.6194763183594,1.0,312.2132873535156,248.17164611816406,1.0,302.4371337890625,234.58895874023438,1.0,315.36865234375,263.5368347167969,1.0,429.1952819824219,239.65878295898438,1.0,429.95379638671875,213.96981811523438,1.0,372.1697998046875,234.17552185058594,0.9999998807907104,430.2633972167969,226.82777404785156,1.0,505.922607421875,222.09288024902344,0.9999996423721313,596.5619506835938,209.47682189941406,1.0,332.1548156738281,269.73870849609375,0.9999744892120361,339.53857421875,281.2895202636719,0.9986414313316345,349.95050048828125,283.09820556640625,0.018293410539627075,338.7561950683594,284.90338134765625,0.0011383593082427979,329.770263671875,288.63323974609375,0.0006939172744750977,324.8647766113281,280.4960632324219,0.2341633141040802,322.4334411621094,274.1062316894531,0.6612719297409058,308.8604431152344,216.12423706054688,1.0,292.785400390625,212.08425903320312,1.0,299.7851867675781,204.65005493164062,0.9998574256896973,292.61456298828125,203.49395751953125,0.9999654293060303,284.5445556640625,207.73817443847656,0.9999850392341614,284.7347106933594,214.76431274414062,0.9997345209121704,290.926513671875,219.88404846191406,0.9970289468765259,431.8744201660156,189.64808654785156,0.999999463558197,462.1005554199219,188.50177001953125,0.9999990463256836,454.3996887207031,178.9131622314453,0.9999837875366211,463.909912109375,175.80389404296875,0.9999992251396179,474.58685302734375,175.1365203857422,0.9999986886978149,482.0815734863281,182.1672821044922,0.9999938607215881,467.2977294921875,195.27073669433594,0.9251306056976318,416.0472106933594,256.637939453125,0.9999938011169434,438.2689514160156,262.08306884765625,0.9999990463256836,431.3290710449219,272.2860107421875,0.9999606609344482,443.4200439453125,274.217041015625,0.9999948740005493,453.5714416503906,270.57208251953125,0.9999755620956421,457.5304260253906,262.3921203613281,0.9997023940086365,446.33502197265625,251.00111389160156,0.9706105589866638
178,208.83326721191406,264.9503173828125,1.0,310.70843505859375,249.36563110351562,1.0,302.2411804199219,234.18600463867188,0.9999998807907104,312.7372131347656,263.9820861816406,1.0,428.68133544921875,240.2345428466797,1.0,428.869384765625,214.96267700195312,1.0,370.78570556640625,234.80032348632812,0.9999998807907104,429.2029113769531,227.6087188720703,1.0,504.33868408203125,222.39617919921875,0.9999996423721313,595.0825805664062,210.75848388671875,1.0,332.1698303222656,271.209716796875,0.9996861219406128,340.8537292480469,283.3909912109375,0.9798080325126648,363.53033447265625,289.0217590332031,0.0056168437004089355,361.2342529296875,292.604736328125,0.0007091164588928223,352.45208740234375,305.5240478515625,0.000341564416885376,319.7491455078125,279.8271484375,0.10277360677719116,320.0361633300781,275.4130554199219,0.33189982175827026,308.2993469238281,216.360107421875,1.0,292.7359619140625,212.3086700439453,1.0,299.8475341796875,205.07150268554688,0.9999697208404541,292.36279296875,203.68206787109375,0.9999877214431763,284.0562744140625,208.42166137695312,0.9999951124191284,284.570068359375,216.0817108154297,0.9999182224273682,291.30474853515625,220.37435913085938,0.9990139603614807,431.92669677734375,190.1602020263672,0.9999992847442627,462.065673828125,188.60821533203125,0.9999992847442627,454.2993469238281,179.07177734375,0.999982476234436,463.85797119140625,175.8741455078125,0.9999992847442627,474.40716552734375,175.2400360107422,0.999998927116394,481.66583251953125,182.37353515625,0.9999954700469971,467.5454406738281,195.5896759033203,0.9599764943122864,415.4229736328125,257.5482482910156,0.9999916553497314,438.4297790527344,262.0613708496094,0.9999988079071045,431.927734375,272.35443115234375,0.9999786615371704,443.79766845703125,274.0357666015625,0.9999960660934448,453.69854736328125,270.4571838378906,0.9999751448631287,458.117919921875,262.57440185546875,0.9996196031570435,446.7864990234375,251.22689819335938,0.9688960313796997
179,207.33563232421875,265.0120849609375,1.0,308.4894104003906,248.99514770507812,1.0,301.05584716796875,234.7069091796875,0.9999998807907104,312.1183776855469,263.2747497558594,1.0,426.98699951171875,240.7617645263672,1.0,427.5292053222656,215.65138244628906,1.0,368.9591369628906,235.5148162841797,0.9999998807907104,427.5632629394531,228.2179412841797,1.0,502.967041015625,222.5644989013672,0.9999998211860657,594.7977294921875,209.3683319091797,1.0,326.93572998046875,271.53607177734375,0.9999878406524658,336.9331970214844,283.8204040527344,0.9987396001815796,347.39935302734375,284.0102844238281,0.027261942625045776,346.25848388671875,287.6764221191406,0.002840489149093628,593.8320922851562,219.42189025878906,0.0001818835735321045,318.735107421875,281.92462158203125,0.01439926028251648,318.3526611328125,276.7004089355469,0.30330413579940796,307.4457702636719,216.91555786132812,1.0,292.7289733886719,212.3077392578125,1.0,299.849365234375,205.06341552734375,0.9999656677246094,292.34124755859375,203.68299865722656,0.9999861717224121,284.0912170410156,208.2672576904297,0.9999932050704956,284.7606506347656,215.69537353515625,0.9999344348907471,290.6950988769531,219.75836181640625,0.9996910095214844,432.2794189453125,189.94757080078125,0.9999997615814209,461.9306640625,188.839111328125,0.9999995231628418,456.47412109375,179.0213623046875,0.9999837875366211,463.7716064453125,176.15382385253906,0.9999992847442627,473.9231872558594,175.1625518798828,0.9999990463256836,481.15960693359375,182.4040069580078,0.9999970197677612,467.53466796875,195.81031799316406,0.9951925873756409,415.10845947265625,258.78631591796875,0.9999909996986389,439.1903991699219,261.7626037597656,0.9999991655349731,432.0783996582031,271.7604675292969,0.9999808073043823,444.0491027832031,273.669189453125,0.9999966621398926,453.55523681640625,270.1768798828125,0.9999781847000122,458.018798828125,262.28228759765625,0.9997260570526123,446.9502258300781,250.80804443359375,0.9555636644363403
180,205.66249084472656,264.5455017089844,0.9999998807907104,307.103759765625,249.61624145507812,1.0,299.7370910644531,234.99778747558594,0.9999998807907104,310.1609191894531,263.44171142578125,1.0,425.77276611328125,241.12173461914062,1.0,426.318115234375,216.6160888671875,1.0,367.9310302734375,235.9475860595703,0.9999998211860657,426.69195556640625,228.98170471191406,1.0,501.2093811035156,222.9969482421875,0.9999998807907104,594.1411743164062,209.3558349609375,1.0,325.42730712890625,275.84271240234375,0.9980001449584961,345.9786071777344,289.9320068359375,0.7115048170089722,360.4907531738281,292.39227294921875,0.002463430166244507,475.2511901855469,177.4778594970703,0.0005600452423095703,472.6997985839844,178.75540161132812,0.00013056397438049316,309.13916015625,281.6882019042969,0.0014723539352416992,314.2607727050781,279.8210144042969,0.006453394889831543,306.9716491699219,217.00144958496094,1.0,292.5035705566406,212.1219482421875,1.0,299.85784912109375,204.778076171875,0.9999750852584839,292.5191650390625,203.23907470703125,0.9999898076057434,284.0711669921875,207.8683319091797,0.9999898672103882,285.135986328125,214.97512817382812,0.9999039173126221,289.8661193847656,219.32398986816406,0.999559223651886,431.62322998046875,190.50753784179688,0.9999996423721313,461.96337890625,188.96253967285156,0.9999996423721313,456.5001525878906,179.42018127441406,0.9999877214431763,463.796630859375,176.58811950683594,0.9999992847442627,475.0992736816406,175.9189910888672,0.9999991655349731,480.80596923828125,182.57843017578125,0.999997615814209,467.650634765625,195.9278106689453,0.998228907585144,415.55718994140625,258.69219970703125,0.9999892115592957,439.5372619628906,261.74322509765625,0.9999984502792358,431.54986572265625,271.6670227050781,0.9998922348022461,443.2803649902344,274.1050109863281,0.9999924898147583,453.1234436035156,270.5541687011719,0.9999638795852661,458.02960205078125,262.4788513183594,0.9995401501655579,447.51153564453125,250.71456909179688,0.9593001008033752
181,205.35595703125,265.0835266113281,0.9999997615814209,305.3441162109375,249.1840362548828,1.0,298.3160705566406,234.29428100585938,1.0,306.76409912109375,263.372314453125,1.0,424.4632873535156,241.93467712402344,1.0,425.0301818847656,217.1887969970703,1.0,366.37249755859375,236.47608947753906,0.9999997615814209,425.20379638671875,229.53759765625,1.0,500.4490051269531,223.0017852783203,0.9999998807907104,591.8115234375,210.93795776367188,1.0,315.8375549316406,274.42889404296875,0.9999982118606567,311.9010314941406,284.2526550292969,0.9999915361404419,321.8145446777344,287.26275634765625,0.1941053867340088,317.69024658203125,291.5638122558594,0.012407153844833374,309.8128662109375,291.1284484863281,0.10838583111763,305.0567321777344,287.7852783203125,0.9700933694839478,306.2024230957031,279.2755432128906,0.9427846670150757,306.23199462890625,217.00509643554688,1.0,292.22137451171875,212.0755157470703,1.0,300.1125183105469,205.11024475097656,0.9999696016311646,293.3175354003906,203.18145751953125,0.9999902248382568,284.62841796875,207.0842742919922,0.9999806880950928,284.8808898925781,213.80160522460938,0.9998986721038818,288.6884460449219,218.50927734375,0.9994497895240784,431.43511962890625,190.5807342529297,0.9999997615814209,461.7387390136719,189.2604217529297,0.9999997615814209,456.6930236816406,179.63499450683594,0.9999916553497314,463.6541748046875,176.9405975341797,0.9999994039535522,475.0614929199219,176.09202575683594,0.9999994039535522,480.3219909667969,182.6509246826172,0.9999973773956299,467.54534912109375,196.19613647460938,0.9981070160865784,415.32525634765625,259.367919921875,0.9999977946281433,438.7575988769531,261.44195556640625,0.9999988675117493,431.0533752441406,271.4706726074219,0.9998385906219482,443.0000305175781,273.443603515625,0.9999884963035583,452.91552734375,270.12353515625,0.9999343156814575,457.0657958984375,261.7970275878906,0.9992589950561523,446.70172119140625,249.7895965576172,0.936458945274353
182,204.52806091308594,265.0953063964844,0.9999998807907104,304.1087951660156,250.0412139892578,1.0,297.5445556640625,234.46429443359375,1.0,305.4908142089844,264.16845703125,1.0,422.447021484375,242.98666381835938,1.0,424.3543701171875,218.19143676757812,1.0,364.0913391113281,237.12525939941406,0.9999998807907104,423.2074890136719,230.2531280517578,1.0,497.8385925292969,223.84234619140625,0.9999998807907104,590.4196166992188,211.52383422851562,1.0,315.1031494140625,279.839599609375,0.9999880790710449,308.4206848144531,295.5258483886719,0.9999978542327881,318.3521423339844,296.1749267578125,0.03076958656311035,314.48175048828125,300.6538391113281,0.009162336587905884,307.2887268066406,304.1803283691406,0.7017225027084351,299.0269775390625,295.9472351074219,0.9898231029510498,301.9578857421875,285.7716064453125,0.9904476404190063,305.6936340332031,216.53282165527344,0.9999999403953552,292.57073974609375,211.93191528320312,0.9999999403953552,300.29681396484375,205.14443969726562,0.9998582601547241,293.3111267089844,203.1774139404297,0.9999638795852661,284.64813232421875,206.76658630371094,0.999951958656311,284.97021484375,213.1505584716797,0.9996908903121948,290.0176696777344,218.70208740234375,0.9972531199455261,430.8066101074219,190.56964111328125,0.9999997019767761,462.1161193847656,189.23416137695312,0.9999997615814209,456.9854431152344,179.60011291503906,0.9999942779541016,463.600341796875,175.10198974609375,0.999999463558197,475.23175048828125,175.859130859375,0.999999463558197,480.4747619628906,182.349365234375,0.9999978542327881,468.3691101074219,196.10855102539062,0.998283326625824,413.96148681640625,261.32086181640625,0.999999463558197,438.5976257324219,261.6432800292969,0.9999996423721313,430.3704833984375,271.7037658691406,0.9999431371688843,443.0185852050781,274.0371398925781,0.9999969601631165,452.3029479980469,269.97955322265625,0.999964714050293,456.4054870605469,261.9586181640625,0.9994727969169617,446.7044982910156,249.8138427734375,0.9666562080383301
183,202.16615295410156,264.4373474121094,0.9999999403953552,302.5180358886719,250.73202514648438,1.0,295.79815673828125,235.08798217773438,1.0,302.937255859375,263.89447021484375,0.9999997019767761,420.6057434082031,243.556640625,1.0,421.8089599609375,218.5862274169922,1.0,362.49432373046875,238.0836944580078,0.9999996423721313,421.36590576171875,230.7079620361328,1.0,496.4347839355469,224.33615112304688,0.9999997615814209,589.244873046875,211.74473571777344,1.0,310.89093017578125,279.6549987792969,0.9999985694885254,299.856689453125,295.53887939453125,0.9999994039535522,311.8436279296875,296.8266296386719,0.05799102783203125,305.5873107910156,301.3641052246094,0.06568944454193115,296.87298583984375,304.099365234375,0.8571125268936157,288.4364929199219,295.2065124511719,0.9929807186126709,292.6019287109375,286.83575439453125,0.9986435770988464,305.24310302734375,217.35003662109375,1.0,293.1488342285156,212.1044921875,0.9999999403953552,301.3992004394531,205.75787353515625,0.9989702701568604,293.8211669921875,203.1595001220703,0.9997645616531372,285.4695739746094,205.7256317138672,0.9994297027587891,285.0173645019531,211.91334533691406,0.9971296191215515,289.72369384765625,218.1332550048828,0.9859284162521362,429.2448425292969,191.71173095703125,0.9999995231628418,462.2655029296875,189.44993591308594,0.9999996423721313,455.44818115234375,180.56417846679688,0.9999943971633911,463.403564453125,176.97434997558594,0.9999994039535522,474.67376708984375,176.0362548828125,0.9999996423721313,479.99737548828125,182.20985412597656,0.9999985694885254,468.321533203125,195.9739990234375,0.9989666938781738,413.4098815917969,263.0020751953125,0.9999997019767761,439.1037902832031,261.9728698730469,0.9999997615814209,430.4351501464844,272.27325439453125,0.999967098236084,443.11651611328125,274.3970031738281,0.9999990463256836,452.428955078125,270.1618957519531,0.9999803304672241,456.2428283691406,262.10986328125,0.9998019933700562,446.15625,249.76376342773438,0.985706627368927
184,200.75115966796875,264.7055358886719,0.9999999403953552,300.69317626953125,250.87677001953125,1.0,295.9058837890625,235.40988159179688,0.9999999403953552,301.402587890625,266.23095703125,0.9999957084655762,421.0313720703125,243.99656677246094,1.0,420.8425598144531,219.3070526123047,1.0,361.53509521484375,237.47023010253906,0.9999995827674866,420.84063720703125,231.3763427734375,1.0,494.7916259765625,224.5093231201172,0.9999997615814209,587.650146484375,212.64845275878906,1.0,307.14312744140625,282.5494689941406,0.9999974370002747,292.0320129394531,296.773681640625,0.9999996423721313,302.54364013671875,300.035400390625,0.0473954975605011,294.800537109375,301.583740234375,0.12839153409004211,287.9201965332031,301.3115234375,0.9934198260307312,282.70794677734375,295.6769714355469,0.9999164342880249,285.7423400878906,288.0003967285156,0.9974886178970337,304.75872802734375,217.82061767578125,1.0,292.768798828125,212.13746643066406,0.9999998807907104,301.22381591796875,205.72731018066406,0.9990173578262329,293.48394775390625,203.0126953125,0.9998816251754761,284.9849548339844,206.1743927001953,0.9998638033866882,284.46209716796875,212.5477752685547,0.9982455968856812,289.8851013183594,218.2213592529297,0.9658641815185547,429.3494873046875,192.32052612304688,0.9999995231628418,462.36279296875,189.2371826171875,0.9999996423721313,455.50323486328125,180.57371520996094,0.9999962449073792,462.9454345703125,176.900390625,0.9999991655349731,474.38739013671875,175.78378295898438,0.9999997615814209,479.83929443359375,181.86744689941406,0.9999986886978149,468.80938720703125,195.63226318359375,0.9985511302947998,413.009033203125,263.4062194824219,0.9999998807907104,439.10113525390625,262.39105224609375,0.9999996423721313,430.69818115234375,272.910888671875,0.9999712705612183,443.6271057128906,274.8435974121094,0.9999992847442627,452.63787841796875,270.61114501953125,0.9999901056289673,455.8985595703125,262.3085632324219,0.9998769164085388,446.2355041503906,250.4827880859375,0.9890540838241577
185,199.26052856445312,264.50341796875,1.0,298.6001281738281,251.6540985107422,1.0,294.2745056152344,235.65447998046875,0.9999999403953552,298.4110107421875,267.13818359375,0.9999971985816956,418.796875,245.3743133544922,1.0,419.0229797363281,220.329345703125,1.0,359.05157470703125,238.2054901123047,0.9999995827674866,419.1540832519531,232.60150146484375,1.0,494.7062683105469,226.12823486328125,0.9999997615814209,586.2078247070312,213.5080108642578,1.0,297.5712585449219,285.2829284667969,0.9999942779541016,280.8106384277344,297.94024658203125,0.9999998807907104,289.1322326660156,303.0163879394531,0.9996627569198608,283.0856628417969,306.64990234375,0.9999077320098877,274.7242431640625,305.4750671386719,0.9999919533729553,270.3736267089844,298.1177062988281,0.9999944567680359,274.2645568847656,288.6479187011719,0.9999984502792358,303.2019958496094,218.20361328125,1.0,292.4910888671875,211.99493408203125,0.9999998807907104,300.9142761230469,205.70718383789062,0.9990281462669373,293.1492004394531,202.7194061279297,0.9999035596847534,284.94671630859375,205.63101196289062,0.9998468160629272,284.0752258300781,212.01217651367188,0.9984211921691895,289.498046875,217.59713745117188,0.9537309408187866,428.21246337890625,193.978759765625,0.9999996423721313,462.0846252441406,189.04673767089844,0.9999995231628418,455.68707275390625,180.3573760986328,0.9999946355819702,462.83746337890625,177.21878051757812,0.9999991059303284,474.0519714355469,175.986328125,0.9999997615814209,479.8476867675781,182.63870239257812,0.9999979734420776,468.4214782714844,195.9730224609375,0.9982160329818726,413.3966064453125,264.5634460449219,0.9999994039535522,439.3680725097656,262.17596435546875,0.9999997615814209,430.6921691894531,272.11407470703125,0.9999438524246216,443.2242431640625,274.6604919433594,0.9999995231628418,452.1463928222656,270.1570129394531,0.9999929666519165,455.1514587402344,261.8292541503906,0.999936044216156,446.1541442871094,249.38265991210938,0.9928700923919678
186,196.90127563476562,263.66119384765625,1.0,297.118896484375,251.86256408691406,1.0,292.7506408691406,235.86273193359375,1.0,296.5176696777344,268.63702392578125,0.9999995231628418,416.4678649902344,245.8578338623047,1.0,416.8667907714844,221.72486877441406,1.0,357.401611328125,239.5408172607422,0.9999999403953552,416.997802734375,233.67787170410156,1.0,491.8870849609375,226.4268798828125,0.9999999403953552,583.818359375,213.3000946044922,1.0,293.6657409667969,287.88885498046875,0.9999982118606567,273.9729919433594,301.7716369628906,1.0,282.10382080078125,307.34893798828125,0.9995542764663696,276.1160888671875,310.0034484863281,0.9997559785842896,267.7887268066406,307.6683349609375,0.9999808073043823,264.85040283203125,299.7695007324219,0.9999940991401672,268.6775207519531,292.613037109375,0.999859094619751,303.5445861816406,218.7914581298828,1.0,292.8742980957031,212.44778442382812,0.9999998211860657,302.6460266113281,206.08822631835938,0.9947746992111206,293.23516845703125,202.99391174316406,0.99955815076828,285.3409423828125,205.5801239013672,0.9996488094329834,284.6529235839844,211.74905395507812,0.9964105486869812,289.7236328125,217.44154357910156,0.877499520778656,427.1001281738281,196.04188537597656,0.9999996423721313,461.70745849609375,189.310546875,0.9999992847442627,455.463623046875,180.56700134277344,0.999995231628418,462.8298645019531,177.51760864257812,0.9999986886978149,473.9111328125,176.22584533691406,0.9999997615814209,479.9256896972656,183.1616973876953,0.9999984502792358,467.8272705078125,196.25640869140625,0.9996374845504761,411.7630310058594,265.7153625488281,0.9999990463256836,439.0599670410156,262.5252990722656,0.9999999403953552,430.40838623046875,272.2780456542969,0.9998072385787964,443.0067138671875,274.8052673339844,0.9999992847442627,452.07305908203125,270.777587890625,0.9999931454658508,454.6343994140625,262.3398742675781,0.9998946189880371,445.2646179199219,249.93405151367188,0.9914215803146362
187,195.5828857421875,264.0303955078125,1.0,295.0755615234375,252.0579833984375,0.9999999403953552,290.8022155761719,236.3016815185547,1.0,294.3705139160156,268.630859375,0.9999996423721313,415.96502685546875,246.51963806152344,1.0,415.7925109863281,222.33834838867188,1.0,356.1593933105469,240.4779052734375,1.0,416.343017578125,234.54879760742188,1.0,489.3521423339844,227.07077026367188,0.9999998807907104,581.2196655273438,213.87355041503906,1.0,288.7864685058594,288.2955627441406,0.9999938607215881,269.66046142578125,301.33349609375,0.9999997019767761,279.01824951171875,305.290283203125,0.9900355339050293,272.8129577636719,307.20294189453125,0.9256021976470947,264.6891784667969,305.92626953125,0.997431218624115,260.92022705078125,299.5243225097656,0.9997397661209106,266.4658508300781,290.0925598144531,0.9873148202896118,302.7037658691406,219.49655151367188,0.9999998807907104,292.2914123535156,212.2739715576172,0.9999998807907104,301.0340270996094,205.763427734375,0.9998388290405273,293.39288330078125,202.70091247558594,0.9999842643737793,285.1446838378906,205.96127319335938,0.9999427795410156,283.6595458984375,212.12318420410156,0.9995629787445068,288.5045471191406,217.9319305419922,0.9798531532287598,427.8224792480469,196.49725341796875,0.9999998807907104,459.4471740722656,190.98873901367188,0.9999991059303284,453.5059814453125,182.50082397460938,0.9999971389770508,460.4725646972656,177.76083374023438,0.9999994039535522,471.1539611816406,178.21340942382812,0.9999998807907104,477.14996337890625,183.28228759765625,0.9999933838844299,467.48870849609375,197.8820343017578,0.9955175518989563,412.0924987792969,265.6990966796875,0.9999995231628418,439.06402587890625,262.3692932128906,0.9999998807907104,430.9992980957031,272.2963562011719,0.9979507327079773,443.05615234375,274.60321044921875,0.9999990463256836,452.62457275390625,271.0168151855469,0.9999924898147583,455.2063903808594,262.23577880859375,0.9997279644012451,445.8441162109375,250.59564208984375,0.8926293849945068
188,193.7734375,263.720947265625,1.0,293.9065246582031,251.87368774414062,1.0,289.6489562988281,236.68576049804688,1.0,292.8873596191406,268.34051513671875,0.9999995231628418,415.254150390625,247.3418426513672,1.0,414.9809875488281,222.8480224609375,0.9999998807907104,355.1883239746094,242.21849060058594,0.9999999403953552,416.2530212402344,235.61277770996094,1.0,486.7102966308594,227.466552734375,0.9999999403953552,578.912841796875,213.93321228027344,1.0,286.0679016113281,286.90460205078125,0.999991774559021,268.23101806640625,298.3086853027344,0.9999998807907104,276.4552001953125,304.1412048339844,0.9999185800552368,270.05499267578125,307.3633728027344,0.9997458457946777,261.27081298828125,305.2345275878906,0.9999933838844299,257.3829345703125,297.53900146484375,0.9999985694885254,262.1431579589844,287.7935485839844,0.9999966025352478,301.5449523925781,220.39500427246094,0.9999998807907104,291.9895324707031,212.6156463623047,1.0,301.3766174316406,206.19007873535156,0.9999834895133972,293.6524963378906,202.84205627441406,0.9999972581863403,284.7615661621094,205.7060089111328,0.9999836683273315,283.2663269042969,212.73680114746094,0.9998843669891357,288.12835693359375,218.58998107910156,0.9941893815994263,423.2826232910156,197.6580352783203,0.9999992251396179,451.4783020019531,189.52622985839844,0.9999973773956299,444.11492919921875,182.60179138183594,0.9195590019226074,450.04693603515625,176.73458862304688,0.9999163150787354,457.9804382324219,177.3145751953125,0.9999960660934448,467.2832946777344,179.41600036621094,0.9999793171882629,461.0682678222656,195.19754028320312,0.6102462410926819,413.0002746582031,266.23675537109375,0.9999992847442627,438.0357360839844,262.82208251953125,0.9999997615814209,430.90618896484375,272.4922790527344,0.9936472177505493,442.1843566894531,274.61114501953125,0.9999992847442627,451.899169921875,271.0115966796875,0.9999939799308777,454.176513671875,262.2772216796875,0.9997597932815552,445.1171569824219,251.37127685546875,0.8838729858398438
189,191.65992736816406,263.86895751953125,1.0,291.8267822265625,252.00350952148438,1.0,286.9867248535156,237.52365112304688,1.0,290.7982177734375,267.4808654785156,0.9999990463256836,414.6638488769531,248.5816650390625,1.0,412.5466613769531,225.00897216796875,1.0,352.9530029296875,243.95567321777344,0.9999998807907104,414.5928039550781,236.506103515625,1.0,485.5203857421875,228.27178955078125,1.0,574.406494140625,215.7203826904297,1.0,282.86322021484375,285.72149658203125,0.9999841451644897,264.4335021972656,296.5827941894531,0.9999997019767761,272.8502197265625,303.30596923828125,0.9996911287307739,266.3675537109375,306.37548828125,0.9997090101242065,258.0076599121094,304.4301452636719,0.9999854564666748,255.08392333984375,295.9874572753906,0.9999948740005493,259.1756591796875,286.3606262207031,0.9999972581863403,299.75,222.05728149414062,0.9999998211860657,292.13580322265625,213.1322021484375,1.0,301.3900451660156,207.17465209960938,0.9999836087226868,294.039306640625,203.33888244628906,0.9999983310699463,285.1880187988281,205.83657836914062,0.9999833106994629,283.3100891113281,212.48524475097656,0.9998759627342224,287.3939514160156,218.91246032714844,0.986731767654419,417.6652526855469,196.57872009277344,0.9999987483024597,445.12835693359375,186.99757385253906,0.9999934434890747,438.3578186035156,179.62083435058594,0.9694703817367554,446.38262939453125,175.67173767089844,0.9998899698257446,454.40087890625,175.25949096679688,0.9999947547912598,460.04107666015625,179.6978302001953,0.9998558759689331,451.8323669433594,195.96995544433594,0.7801778316497803,413.31597900390625,268.082763671875,0.9999996423721313,438.5650634765625,263.18878173828125,0.9999997615814209,431.8291320800781,272.65057373046875,0.9874911308288574,442.4041748046875,274.6776123046875,0.9999995231628418,451.7569885253906,271.0015869140625,0.9999945163726807,454.0148010253906,262.44708251953125,0.999836266040802,445.15179443359375,251.5798797607422,0.9073975086212158
190,189.02017211914062,263.2593078613281,1.0,289.0211486816406,252.2709197998047,1.0,284.91766357421875,237.6779327392578,0.9999998807907104,287.3465881347656,266.6964416503906,0.9999980330467224,414.0098571777344,249.5372772216797,1.0,411.15374755859375,225.3361358642578,1.0,351.42901611328125,245.39523315429688,0.9999998807907104,412.63623046875,237.70904541015625,1.0,482.3985290527344,229.49888610839844,1.0,572.7503662109375,215.20289611816406,1.0,280.9010009765625,285.2713623046875,0.9999807476997375,263.2723388671875,296.9555969238281,0.9999998807907104,271.75439453125,303.58551025390625,0.9999085664749146,265.7170715332031,307.3981628417969,0.9999362230300903,256.9881896972656,306.1691589355469,0.9999874234199524,253.5306854248047,298.1160888671875,0.9999943971633911,257.4277038574219,286.7804260253906,0.9999983310699463,298.41326904296875,222.99349975585938,0.9999999403953552,292.53192138671875,213.1269989013672,0.9999998807907104,302.6575927734375,207.27871704101562,0.9999774098396301,294.7503356933594,203.486328125,0.9999979138374329,285.98175048828125,205.4759521484375,0.9999840259552002,284.0682678222656,211.6744384765625,0.9998393058776855,287.0631408691406,218.10975646972656,0.9559022188186646,404.929931640625,200.21910095214844,0.9999988079071045,430.32818603515625,186.7318115234375,0.9999992847442627,423.3177185058594,179.05328369140625,0.9999885559082031,431.4651184082031,174.8499755859375,0.9999943971633911,441.8145751953125,176.01153564453125,0.9999980926513672,445.4791259765625,181.8958282470703,0.9998977184295654,437.09942626953125,197.43714904785156,0.6617933511734009,414.52545166015625,269.8448486328125,0.9999998211860657,439.31689453125,263.1573486328125,0.9999997019767761,431.73876953125,272.71453857421875,0.983339250087738,442.2843322753906,274.9385070800781,0.9999994039535522,452.4861145019531,271.2755432128906,0.999992847442627,454.3642272949219,262.32928466796875,0.9993219375610352,446.8147277832031,251.9230194091797,0.8170437216758728
191,187.10787963867188,264.2017517089844,0.9999999403953552,287.1210021972656,252.84213256835938,1.0,284.81109619140625,237.7382049560547,0.9999998807907104,285.5782470703125,268.41217041015625,0.9999971389770508,411.41619873046875,251.22740173339844,1.0,405.9197998046875,228.244873046875,1.0,347.8644714355469,247.0107421875,0.9999999403953552,408.66412353515625,239.30653381347656,1.0,478.9136047363281,230.66722106933594,0.9999998807907104,570.511962890625,216.29782104492188,1.0,279.55078125,284.6161804199219,0.9999915361404419,263.0396728515625,296.7906188964844,0.9999998807907104,272.46319580078125,302.1681213378906,0.9999072551727295,265.9104919433594,307.2412414550781,0.9999557137489319,257.11566162109375,306.743408203125,0.9999903440475464,252.96063232421875,298.7926330566406,0.9999944567680359,256.6590270996094,287.2662353515625,0.9999980330467224,298.35028076171875,224.44874572753906,0.9999998807907104,292.12384033203125,213.84092712402344,0.9999998807907104,302.336669921875,208.1368408203125,0.9999803304672241,294.973388671875,203.8618621826172,0.9999977350234985,286.0657653808594,205.3383331298828,0.9999852180480957,284.4686279296875,211.47531127929688,0.9997619986534119,286.6545104980469,218.31521606445312,0.9212394952774048,398.48760986328125,204.1145782470703,0.9999982714653015,421.1413879394531,191.84780883789062,0.9999861717224121,416.97991943359375,185.13827514648438,0.9993585348129272,424.2933349609375,178.75021362304688,0.9996013045310974,432.507080078125,179.1739044189453,0.9999500513076782,438.5859680175781,183.58860778808594,0.9807278513908386,431.6844482421875,199.64625549316406,0.0036869049072265625,413.9960021972656,269.3703308105469,0.9999992847442627,438.6445007324219,263.40386962890625,0.9999998807907104,430.7170715332031,272.4785461425781,0.982538104057312,441.3316650390625,274.977294921875,0.9999996423721313,451.5148010253906,273.1817321777344,0.9999961853027344,453.13055419921875,261.6300354003906,0.9998096227645874,444.8886413574219,251.51458740234375,0.9487728476524353
192,185.10507202148438,264.21600341796875,0.9999999403953552,285.1191101074219,252.8202362060547,1.0,281.3446960449219,238.85205078125,0.9999998807907104,283.2743225097656,268.9852294921875,0.9999979138374329,408.3625793457031,251.84539794921875,1.0,401.4067077636719,228.86280822753906,1.0,345.3850402832031,246.86451721191406,0.9999999403953552,404.7151794433594,240.3926239013672,1.0,477.2581481933594,232.55271911621094,0.9999995827674866,569.5860595703125,216.71917724609375,1.0,278.16168212890625,285.0261535644531,0.9999967813491821,261.6760559082031,297.1714782714844,0.9999998807907104,271.0015563964844,302.9652099609375,0.9999423027038574,266.1099853515625,307.404052734375,0.9999549388885498,257.830810546875,306.55096435546875,0.9999884963035583,251.2081298828125,299.0903625488281,0.999995231628418,255.45181274414062,287.7380065917969,0.9999970197677612,295.7395324707031,225.66415405273438,1.0,292.1260986328125,214.48472595214844,0.9999998211860657,303.09173583984375,208.71939086914062,0.999983549118042,295.50347900390625,203.67721557617188,0.9999976754188538,286.30010986328125,205.1127471923828,0.999992311000824,284.5117492675781,211.17376708984375,0.9995357990264893,286.2388610839844,217.98196411132812,0.5943202376365662,384.7705993652344,209.8056182861328,0.9999992847442627,408.44964599609375,200.35562133789062,0.9999995231628418,402.01507568359375,192.03118896484375,0.9999971389770508,413.5718994140625,185.9817352294922,0.9999954104423523,423.1937255859375,188.61436462402344,0.9999828338623047,427.8670349121094,193.00863647460938,0.7811172604560852,414.1745300292969,211.0169677734375,0.003893226385116577,413.2934875488281,270.2216796875,0.9999995827674866,437.99468994140625,263.6401062011719,0.9999998807907104,431.0509948730469,272.7126770019531,0.9877663850784302,441.6720275878906,275.223876953125,0.9999997615814209,452.00689697265625,272.0374450683594,0.9999948143959045,453.47723388671875,262.7837829589844,0.999628484249115,444.8642883300781,253.32801818847656,0.8766748905181885
193,182.4917755126953,264.4927673339844,1.0,282.50994873046875,253.5085906982422,0.9999998807907104,278.5665283203125,238.9189453125,0.9999998807907104,281.47894287109375,269.85845947265625,0.9999992847442627,404.9815673828125,253.37301635742188,1.0,396.7034606933594,230.74331665039062,1.0,343.7079162597656,248.45974731445312,0.9999996423721313,400.9551086425781,242.0375518798828,1.0,474.0380554199219,232.59661865234375,0.9999986886978149,568.3193969726562,217.49716186523438,0.9999998211860657,276.5842590332031,284.71337890625,0.9999985098838806,260.60321044921875,297.8421325683594,1.0,269.5625305175781,303.38067626953125,0.9999815225601196,264.1189270019531,308.08099365234375,0.9999923706054688,255.97373962402344,306.7524719238281,0.9999972581863403,249.31216430664062,299.308349609375,0.9999929070472717,254.23260498046875,287.78814697265625,0.9999915957450867,293.8196716308594,225.72406005859375,0.9999999403953552,292.19879150390625,215.04676818847656,0.9999997615814209,303.3367004394531,209.05995178222656,0.9999862909317017,295.8025207519531,203.97384643554688,0.999998152256012,286.5342102050781,205.27813720703125,0.9999960660934448,284.69287109375,211.4004364013672,0.9992402791976929,286.02032470703125,218.51332092285156,0.18586421012878418,379.16693115234375,215.22093200683594,0.9999996423721313,399.0093688964844,207.0068817138672,0.9999964237213135,393.3892822265625,198.64395141601562,0.9999205470085144,404.6736145019531,195.52288818359375,0.9999790191650391,413.67724609375,196.2296142578125,0.9996603727340698,416.06585693359375,203.12677001953125,0.3901524543762207,407.2273864746094,215.16949462890625,0.001461416482925415,413.6924133300781,270.7265930175781,0.9999995827674866,437.8651428222656,263.67413330078125,0.9999999403953552,431.4955749511719,272.437744140625,0.9979647397994995,442.3475646972656,274.54388427734375,0.9999998807907104,452.0689697265625,273.2055358886719,0.9999976754188538,453.5362243652344,262.4523010253906,0.9998546838760376,446.0127258300781,253.60479736328125,0.9287235736846924
194,180.33236694335938,265.1109924316406,1.0,280.91192626953125,253.9750518798828,0.9999998807907104,276.75897216796875,239.0355224609375,0.9999998807907104,279.6039733886719,270.53582763671875,0.9999997615814209,402.5762939453125,254.65354919433594,1.0,393.1234130859375,233.12353515625,0.9999998807907104,341.99249267578125,249.6447296142578,0.999999463558197,398.37847900390625,243.44688415527344,1.0,468.9873962402344,233.99832153320312,0.9999992251396179,563.3489990234375,220.67730712890625,0.9999998211860657,275.27642822265625,285.230712890625,0.9999984502792358,258.81585693359375,298.3345031738281,1.0,268.0556945800781,303.9814147949219,0.9999903440475464,262.31494140625,308.30316162109375,0.9999977350234985,255.1387481689453,306.7467346191406,0.9999988079071045,249.4872589111328,299.0534362792969,0.9999936819076538,254.0346221923828,287.771728515625,0.999978244304657,291.9575500488281,225.87928771972656,0.9999998807907104,292.1833190917969,214.82052612304688,0.9999997615814209,303.59930419921875,209.16848754882812,0.999977707862854,296.056396484375,203.4807891845703,0.9999982118606567,286.7334289550781,204.6840057373047,0.9999976754188538,284.3838195800781,210.75315856933594,0.9989279508590698,284.8636169433594,218.02499389648438,0.06912979483604431,376.2289123535156,217.0706024169922,0.9999980926513672,395.56195068359375,208.814208984375,0.9999984502792358,390.48663330078125,201.43789672851562,0.9997557401657104,402.279052734375,198.91380310058594,0.9999852180480957,410.4911804199219,199.99134826660156,0.9998089075088501,415.4507751464844,206.39524841308594,0.7087467312812805,400.42041015625,221.36019897460938,0.0015250444412231445,413.78143310546875,271.28692626953125,0.9999991655349731,436.483154296875,263.41986083984375,0.9999999403953552,430.41961669921875,272.20513916015625,0.989377498626709,441.18438720703125,274.84033203125,0.9999997615814209,451.71148681640625,272.3097839355469,0.9999953508377075,452.71435546875,262.48602294921875,0.9997990131378174,444.32275390625,253.584716796875,0.9365209341049194
195,178.8869171142578,265.7362060546875,1.0,278.74847412109375,254.3837432861328,1.0,274.8497619628906,239.04200744628906,1.0,277.0489501953125,271.08087158203125,0.9999998807907104,401.16619873046875,255.72210693359375,1.0,391.30035400390625,234.30026245117188,1.0,339.362548828125,250.692626953125,0.9999997615814209,396.79327392578125,244.4687042236328,1.0,465.569091796875,234.21115112304688,0.9999992847442627,560.0888671875,222.1298828125,0.9999995827674866,275.1700134277344,285.022705078125,0.9999992251396179,258.3213195800781,298.54034423828125,1.0,267.2306823730469,303.96490478515625,0.9999704957008362,261.1307373046875,308.0509338378906,0.9999961853027344,254.5074920654297,306.0260925292969,0.9999983310699463,249.21160888671875,298.4700927734375,0.9999932050704956,253.97006225585938,287.8061828613281,0.9999003410339355,290.6553955078125,226.13209533691406,0.9999999403953552,292.24774169921875,214.89828491210938,0.9999998807907104,303.2080383300781,209.10015869140625,0.9999849796295166,295.8369445800781,203.55935668945312,0.9999989867210388,286.63641357421875,204.84608459472656,0.9999986290931702,284.6528015136719,210.66566467285156,0.999419093132019,284.7906188964844,218.12539672851562,0.06127604842185974,373.6373596191406,218.02310180664062,0.999998927116394,392.0238952636719,208.539794921875,0.9999984502792358,387.02740478515625,199.21649169921875,0.9999935626983643,397.75616455078125,195.0832061767578,0.9999972581863403,407.4297790527344,198.13848876953125,0.9999969005584717,410.3209228515625,205.05184936523438,0.9933459758758545,398.5955505371094,220.70037841796875,0.0036064982414245605,413.58111572265625,271.4935302734375,0.9999994039535522,435.95355224609375,263.4693908691406,0.9999999403953552,430.5579833984375,272.2994079589844,0.9825923442840576,440.07623291015625,275.1346130371094,0.9999996423721313,449.7312927246094,272.4599914550781,0.9999970197677612,451.1638488769531,262.91143798828125,0.9999119639396667,443.75469970703125,253.46896362304688,0.9621835947036743
196,176.4462432861328,265.83270263671875,0.9999999403953552,276.5647888183594,254.69985961914062,1.0,272.4647216796875,239.75030517578125,1.0,274.41400146484375,271.31939697265625,0.9999998807907104,400.20159912109375,256.4808349609375,0.9999999403953552,388.0891418457031,235.28309631347656,1.0,338.7023620605469,252.45582580566406,0.9999998211860657,394.4585266113281,245.82373046875,1.0,464.4378967285156,234.01119995117188,0.9999990463256836,557.5527954101562,222.7991943359375,0.9999985694885254,274.8398132324219,285.25531005859375,0.9999982714653015,257.9172058105469,299.5570983886719,0.9999999403953552,266.2703552246094,304.32806396484375,0.9999838471412659,260.47265625,308.3905029296875,0.9999967813491821,254.4350128173828,306.18841552734375,0.9999979734420776,248.71324157714844,299.3385009765625,0.999993622303009,252.96981811523438,290.56024169921875,0.9995332360267639,288.73077392578125,226.41162109375,1.0,292.1621398925781,214.9784393310547,0.9999998211860657,303.1720275878906,209.38397216796875,0.999960720539093,295.87646484375,203.20652770996094,0.9999975562095642,287.136474609375,204.52999877929688,0.9999985098838806,284.869384765625,211.25213623046875,0.9993058443069458,284.85845947265625,217.80006408691406,0.07331311702728271,371.6214599609375,219.52149963378906,0.9999971389770508,387.9930725097656,207.57098388671875,0.9999994039535522,381.5408020019531,199.7202911376953,0.9999902248382568,392.5231628417969,195.27452087402344,0.9999967813491821,401.7663269042969,196.89805603027344,0.9999955892562866,405.490966796875,203.4781951904297,0.9888566732406616,397.3882141113281,219.21449279785156,0.0013618171215057373,412.5074462890625,272.1173095703125,0.9999994039535522,435.7497253417969,263.8316650390625,0.9999997615814209,430.5133361816406,272.8252868652344,0.8530168533325195,439.47344970703125,275.957763671875,0.9999982118606567,449.5990905761719,272.6524353027344,0.9999942779541016,450.2070617675781,263.2476501464844,0.9992740750312805,443.23809814453125,254.18173217773438,0.7177229523658752
197,174.32069396972656,265.25103759765625,0.9999997615814209,274.9813537597656,254.99057006835938,1.0,271.6213073730469,239.8966827392578,0.9999999403953552,272.7477722167969,270.92242431640625,0.9999995231628418,399.4874572753906,257.52325439453125,1.0,387.2338562011719,236.15614318847656,1.0,336.49896240234375,254.3545684814453,0.9999997615814209,393.4187927246094,246.8802947998047,1.0,462.8451843261719,233.47576904296875,0.9999980926513672,555.4150390625,222.76840209960938,0.999998927116394,274.3309631347656,284.9625549316406,0.9999986886978149,257.456298828125,300.3261413574219,1.0,266.05426025390625,304.5152282714844,0.999928891658783,260.0552978515625,308.3002014160156,0.9999799728393555,254.63015747070312,305.95928955078125,0.9999915361404419,248.3922119140625,299.0948181152344,0.999991238117218,252.94236755371094,288.55609130859375,0.9990764856338501,287.84234619140625,226.5483856201172,0.9999998807907104,291.7354431152344,214.48802185058594,0.9999997615814209,302.7539978027344,209.11282348632812,0.9999639987945557,295.39874267578125,202.93017578125,0.9999978542327881,286.2375793457031,204.77841186523438,0.9999957084655762,283.94921875,211.66232299804688,0.9984667301177979,374.44805908203125,226.7438201904297,0.006539374589920044,370.0880126953125,220.8129425048828,0.9999970197677612,382.12493896484375,207.18048095703125,0.9999969005584717,378.76971435546875,202.31961059570312,0.9999712705612183,388.870849609375,199.70277404785156,0.9999988079071045,398.49786376953125,200.65676879882812,0.9999427795410156,401.716796875,207.13107299804688,0.9211223125457764,393.48809814453125,219.7334442138672,0.0037627220153808594,411.8876037597656,272.9316711425781,0.9999994039535522,436.0186767578125,263.9159851074219,0.9999996423721313,430.37890625,273.1697998046875,0.5288410186767578,439.4987487792969,276.133056640625,0.9999963045120239,449.90191650390625,273.1488342285156,0.9999938011169434,452.9795227050781,264.8623046875,0.9992086887359619,443.746337890625,254.28160095214844,0.4421702027320862
198,171.33668518066406,265.20489501953125,0.9999998211860657,273.33233642578125,255.1466064453125,0.9999999403953552,269.6461486816406,239.76548767089844,0.9999999403953552,270.7906799316406,270.8800354003906,0.9999974966049194,397.6250305175781,258.62908935546875,1.0,385.4212646484375,237.54971313476562,1.0,335.0987854003906,254.1300048828125,0.9999998807907104,392.29791259765625,248.5740966796875,0.9999998807907104,460.52459716796875,233.92092895507812,0.9999982118606567,553.260498046875,221.7894287109375,0.9999996423721313,273.278076171875,284.6814270019531,0.9999977946281433,257.8375549316406,301.1412353515625,1.0,266.3870544433594,304.5221862792969,0.9999480247497559,260.7129211425781,308.99212646484375,0.9999884963035583,255.05213928222656,306.9549865722656,0.9999942779541016,248.54306030273438,299.7723083496094,0.9999874234199524,253.1738739013672,288.8439636230469,0.9995367527008057,289.5521240234375,226.69497680664062,0.9999998807907104,291.5213317871094,214.6608123779297,0.9999997615814209,301.84130859375,207.82855224609375,0.9999358654022217,295.666259765625,202.9812469482422,0.9999955892562866,286.62249755859375,204.8159942626953,0.9999939203262329,284.1357421875,210.87442016601562,0.9980460405349731,371.4064636230469,227.83572387695312,0.00914621353149414,366.9419250488281,223.68463134765625,0.9999980926513672,378.3094177246094,208.72996520996094,0.9999994039535522,375.3785095214844,203.1682891845703,0.9998978972434998,384.4559631347656,200.80776977539062,0.9999958872795105,394.1539611816406,202.12594604492188,0.9999139308929443,399.02362060546875,208.23043823242188,0.9445796608924866,385.27142333984375,221.08706665039062,0.010574549436569214,412.5113220214844,272.7337341308594,0.9999983310699463,437.0044250488281,263.53302001953125,0.9999995231628418,431.34088134765625,274.2806091308594,0.29584378004074097,440.2799377441406,275.7991638183594,0.9999949932098389,451.2467041015625,273.3671569824219,0.9999940991401672,453.9288024902344,264.92791748046875,0.9989171028137207,444.6621398925781,254.04046630859375,0.2953055500984192
199,169.4193572998047,265.1246337890625,0.9999998211860657,270.2870178222656,255.9105224609375,1.0,267.7765808105469,240.64166259765625,0.9999999403953552,268.14556884765625,272.0419006347656,0.9999980926513672,396.2784423828125,259.20709228515625,1.0,383.1396789550781,238.18496704101562,0.9999998807907104,333.7286682128906,254.93881225585938,1.0,391.21240234375,248.86416625976562,1.0,458.1892395019531,233.96084594726562,0.9999983310699463,549.9229736328125,220.7856903076172,0.9999999403953552,272.93389892578125,284.8558654785156,0.9999973773956299,257.994140625,301.40960693359375,0.9999999403953552,266.372314453125,304.6011962890625,0.9998108744621277,260.6318054199219,308.9107360839844,0.9999669790267944,255.05149841308594,306.59722900390625,0.9999860525131226,248.595458984375,299.54925537109375,0.9999620914459229,253.96107482910156,289.2939758300781,0.9982388615608215,287.3294372558594,226.8241729736328,1.0,290.953369140625,214.4834747314453,0.9999998807907104,301.7704772949219,207.33888244628906,0.9999724626541138,295.276611328125,203.19053649902344,0.9999985694885254,286.34747314453125,204.9573211669922,0.9999973773956299,283.4682312011719,211.1753387451172,0.9991679191589355,368.4357604980469,227.99295043945312,0.004203498363494873,365.0895690917969,224.38075256347656,0.9999982118606567,377.3953857421875,210.99105834960938,0.9999994039535522,371.59796142578125,205.85708618164062,0.999953031539917,381.6820373535156,201.7896270751953,0.999988317489624,392.4964904785156,204.87570190429688,0.9999785423278809,397.510009765625,210.23211669921875,0.9676849842071533,388.51800537109375,221.6065216064453,0.005250126123428345,412.4964904785156,272.8495178222656,0.9999985098838806,436.89984130859375,263.338623046875,0.9999992847442627,431.1134948730469,273.87835693359375,0.1737610399723053,439.9494323730469,275.71343994140625,0.9999902844429016,451.4372253417969,273.4040832519531,0.9999927878379822,452.0148620605469,264.3473815917969,0.9986727237701416,444.32940673828125,254.07281494140625,0.24263334274291992
200,166.7845458984375,266.7096252441406,1.0,269.70440673828125,256.2858581542969,1.0,266.4090270996094,240.24508666992188,1.0,267.57440185546875,273.0051574707031,0.9999985694885254,392.9028015136719,260.6417236328125,1.0,379.0519104003906,238.6281280517578,0.9999997615814209,331.3844299316406,256.31182861328125,1.0,386.8247985839844,249.73341369628906,1.0,455.87762451171875,233.17449951171875,0.9999994039535522,547.9309692382812,219.58258056640625,0.9999998807907104,271.5891418457031,284.57763671875,0.9999979734420776,258.0366516113281,300.98419189453125,0.9999999403953552,266.0300598144531,304.13165283203125,0.9997850656509399,260.6207580566406,308.4710388183594,0.9999662637710571,254.71910095214844,306.1893005371094,0.9999794960021973,248.40476989746094,299.13653564453125,0.9999140501022339,253.81150817871094,288.9300231933594,0.99790358543396,286.160888671875,226.87326049804688,0.9999998807907104,291.09918212890625,214.42308044433594,0.9999998807907104,301.08795166015625,207.92044067382812,0.9999869465827942,294.69659423828125,203.29168701171875,0.9999995231628418,286.6159973144531,205.70823669433594,0.9999988079071045,283.70538330078125,210.96591186523438,0.9998012781143188,364.0343322753906,228.2388916015625,0.006466805934906006,361.29656982421875,224.4924774169922,0.9999978542327881,375.1374816894531,210.8863525390625,0.9999980926513672,368.2499694824219,205.10137939453125,0.999968409538269,377.9430236816406,199.35296630859375,0.9999970197677612,389.5367431640625,201.0552520751953,0.9999971389770508,396.18194580078125,207.6270294189453,0.9977123737335205,386.0181579589844,221.73666381835938,0.004009842872619629,412.262939453125,271.9836730957031,0.9999964833259583,437.0162658691406,262.8298645019531,0.9999997615814209,430.74627685546875,274.0441589355469,0.19677990674972534,440.0142517089844,275.5670471191406,0.9999778270721436,451.428955078125,273.2799377441406,0.999993085861206,451.80322265625,264.3529968261719,0.9991590976715088,444.14398193359375,254.80047607421875,0.29294461011886597
201,165.63607788085938,268.47491455078125,1.0,267.58538818359375,256.4743957519531,1.0,265.357666015625,241.0417022705078,0.9999998807907104,265.25555419921875,272.13372802734375,0.9999992847442627,392.63970947265625,260.2547607421875,1.0,377.53741455078125,239.27146911621094,0.9999997615814209,330.0446472167969,257.03692626953125,1.0,385.2248229980469,249.933349609375,1.0,454.457275390625,232.7738494873047,0.9999996423721313,545.1717529296875,217.8077850341797,0.9999998807907104,270.2722473144531,285.2829284667969,0.9999983310699463,257.00775146484375,301.88677978515625,0.9999998211860657,265.6206359863281,304.3910827636719,0.9997142553329468,260.4342956542969,309.0357971191406,0.9999427199363708,254.50767517089844,306.9583435058594,0.9999697208404541,247.6031036376953,300.0030822753906,0.9999350905418396,252.5938262939453,289.75189208984375,0.999127984046936,285.5944519042969,227.63595581054688,1.0,290.54730224609375,214.88650512695312,0.9999998807907104,300.7138366699219,208.17164611816406,0.9999852180480957,294.41656494140625,203.28897094726562,0.9999995827674866,286.1488952636719,205.7823028564453,0.9999988079071045,282.927490234375,211.16624450683594,0.9998513460159302,365.9759826660156,232.3485107421875,0.00938272476196289,358.1116943359375,225.964111328125,0.9999992251396179,374.1051025390625,210.46633911132812,0.9999984502792358,365.69427490234375,204.91098022460938,0.9999668002128601,376.52813720703125,198.9623565673828,0.9999972581863403,387.912841796875,201.0102081298828,0.9999985694885254,393.8858337402344,208.26034545898438,0.9974184632301331,383.15484619140625,222.55148315429688,0.004723995923995972,411.4048767089844,272.1454162597656,0.9999969005584717,436.8095397949219,262.6138610839844,0.9999992847442627,430.6961364746094,274.114990234375,0.03955799341201782,439.9410705566406,275.8497009277344,0.9999006986618042,451.6511535644531,273.1862487792969,0.9999903440475464,453.15545654296875,266.3119201660156,0.9990531802177429,443.73870849609375,255.43356323242188,0.22334221005439758
202,166.13641357421875,269.2344665527344,1.0,265.37152099609375,257.4305725097656,1.0,262.7299499511719,241.8349609375,0.9999998807907104,263.7113342285156,273.2615661621094,0.9999998807907104,391.6624450683594,260.93505859375,1.0,376.7374572753906,239.55441284179688,0.9999997615814209,328.7626647949219,257.7140197753906,1.0,384.2633056640625,250.42701721191406,0.9999999403953552,453.278564453125,232.6729278564453,0.9999998807907104,543.3313598632812,216.52862548828125,0.9999998807907104,270.39105224609375,287.26983642578125,0.9999991655349731,256.4295349121094,303.0023498535156,0.9999997615814209,265.4635009765625,304.89105224609375,0.9993463158607483,260.22515869140625,309.5126953125,0.9996964931488037,254.39073181152344,307.5096740722656,0.9997953176498413,247.1197509765625,300.8786926269531,0.9998598098754883,252.32789611816406,291.16290283203125,0.9958100318908691,283.8345642089844,227.85153198242188,1.0,290.3380432128906,215.22976684570312,0.9999999403953552,301.4985656738281,209.49786376953125,0.9999791383743286,294.4757080078125,203.16188049316406,0.9999995231628418,286.1355285644531,205.72396850585938,0.9999985694885254,283.3495178222656,210.7982177734375,0.9997939467430115,362.9718933105469,229.8779296875,0.004344254732131958,357.6671447753906,226.3540496826172,0.9999995827674866,373.36077880859375,210.56663513183594,0.9999995231628418,365.6068115234375,203.8516845703125,0.99998939037323,376.7474670410156,199.2147979736328,0.9999992847442627,387.1539306640625,201.2241668701172,0.9999995827674866,391.4761047363281,208.27688598632812,0.9997508525848389,382.6077880859375,222.49783325195312,0.05342736840248108,411.3034973144531,272.0312194824219,0.9999978542327881,436.41375732421875,262.58056640625,0.9999995827674866,430.0654602050781,273.9988098144531,0.1663546860218048,439.2627868652344,276.0583190917969,0.9999588131904602,451.0204772949219,273.3994140625,0.9999925494194031,452.4092712402344,265.2040100097656,0.9993982315063477,443.6323547363281,255.18753051757812,0.3337801694869995
203,164.46376037597656,270.2662658691406,1.0,263.6662902832031,257.8979187011719,1.0,260.3890686035156,242.46536254882812,0.9999999403953552,262.5780029296875,273.8022766113281,1.0,390.184326171875,260.98480224609375,1.0,376.33148193359375,240.26187133789062,1.0,326.4836120605469,258.3690490722656,1.0,384.0647888183594,249.8822784423828,0.9999998807907104,451.1160583496094,232.44422912597656,0.9999998211860657,540.810791015625,215.0049591064453,0.9999998807907104,269.4410095214844,286.9186096191406,0.9999993443489075,256.5538330078125,302.75372314453125,0.9999998807907104,265.9546813964844,304.8157043457031,0.9997376203536987,260.6494140625,309.46722412109375,0.9998909831047058,254.3075714111328,307.6816101074219,0.9999089241027832,247.151123046875,301.0544738769531,0.999910831451416,252.23367309570312,291.49609375,0.9970715045928955,281.9198913574219,228.91590881347656,0.9999998807907104,290.0582580566406,216.59817504882812,0.9999998211860657,300.9595031738281,210.23947143554688,0.9999947547912598,293.7807312011719,204.8159942626953,0.9999998211860657,284.96630859375,206.82754516601562,0.9999988079071045,282.6959533691406,212.13116455078125,0.9998073577880859,361.5716552734375,229.6096649169922,0.006048053503036499,355.7481384277344,226.25221252441406,0.9999997615814209,372.8171691894531,211.4501953125,0.9999997019767761,365.1578674316406,204.41285705566406,0.9999971389770508,376.1363525390625,198.07814025878906,0.9999995231628418,387.3246765136719,200.2619171142578,0.9999997615814209,391.7232971191406,208.3218231201172,0.9997889399528503,382.0758972167969,222.63031005859375,0.04885190725326538,409.8979187011719,271.8915710449219,0.9999974966049194,435.7207946777344,262.74755859375,0.9999997615814209,429.9375,274.2005310058594,0.20815077424049377,439.4329528808594,276.1995544433594,0.999967098236084,450.8081359863281,273.67181396484375,0.9999938607215881,451.9588623046875,265.5537109375,0.9996197819709778,442.5094299316406,254.98452758789062,0.45599812269210815
204,162.52774047851562,271.9492492675781,1.0,261.90301513671875,258.9590759277344,1.0,258.0478820800781,243.90000915527344,1.0,261.45977783203125,274.52655029296875,1.0,389.0842590332031,260.7115173339844,1.0,375.3251647949219,239.78167724609375,1.0,325.1517333984375,257.9329833984375,1.0,383.2658996582031,249.8328094482422,0.9999998807907104,450.42529296875,232.10704040527344,0.9999998211860657,539.6473999023438,214.99960327148438,1.0,268.12445068359375,286.0267028808594,0.9999994039535522,256.6824951171875,302.087646484375,0.9999999403953552,266.4603271484375,304.3124694824219,0.999289870262146,260.54644775390625,308.88348388671875,0.9997088313102722,253.93385314941406,306.9849853515625,0.9998046159744263,247.10939025878906,300.6472473144531,0.999903678894043,252.25157165527344,291.4215087890625,0.9944345951080322,277.0469055175781,229.19578552246094,0.9999998211860657,285.5540771484375,218.8685760498047,0.9998459219932556,295.0015563964844,213.59959411621094,0.999051570892334,289.5668640136719,207.7216796875,0.9998066425323486,282.4388122558594,210.8624267578125,0.9998568296432495,280.50140380859375,214.98788452148438,0.40738868713378906,360.740478515625,228.92564392089844,0.005848914384841919,354.8446350097656,224.9834747314453,0.9999992847442627,372.34832763671875,210.91490173339844,0.9999996423721313,363.8147888183594,205.0613250732422,0.9999960660934448,376.4696044921875,199.8225860595703,0.9999994039535522,386.4476623535156,201.83734130859375,0.9999997615814209,390.377685546875,209.4035186767578,0.9998515844345093,381.4230041503906,221.46224975585938,0.01703891158103943,409.86700439453125,272.13629150390625,0.9999973773956299,435.8804016113281,262.6144714355469,0.999998927116394,430.846923828125,274.4037780761719,0.04890826344490051,439.90264892578125,275.8949890136719,0.9998767375946045,451.0897216796875,273.8873291015625,0.9999798536300659,453.3894348144531,267.2452392578125,0.9982734322547913,442.4015808105469,255.39341735839844,0.1442367434501648
205,161.72360229492188,272.7453918457031,1.0,259.3553161621094,260.130126953125,1.0,255.2520294189453,245.6028289794922,0.9999998807907104,259.62896728515625,274.8491516113281,1.0,388.13580322265625,260.40948486328125,1.0,373.4903564453125,238.70108032226562,1.0,322.8480224609375,258.045166015625,0.9999998807907104,382.1473083496094,249.45179748535156,0.9999998807907104,449.22271728515625,231.8901824951172,0.9999998807907104,538.6688842773438,214.25445556640625,1.0,267.94366455078125,287.16143798828125,0.9999991655349731,256.2310791015625,302.53179931640625,0.9999997019767761,267.4997253417969,304.8166809082031,0.995640754699707,259.9692077636719,308.94659423828125,0.9969006776809692,253.52410888671875,307.1627502441406,0.9987819790840149,247.27386474609375,300.5335693359375,0.9996645450592041,252.15220642089844,293.1794738769531,0.9872650504112244,271.0475769042969,231.55979919433594,0.9999995231628418,273.30810546875,227.4429473876953,0.9985103607177734,280.6593322753906,219.4675750732422,0.9036253690719604,275.4915466308594,216.60507202148438,0.865026593208313,271.0338439941406,214.7048797607422,0.8210546374320984,268.4148254394531,223.6156463623047,0.00790819525718689,359.61279296875,227.41708374023438,0.003297746181488037,354.618896484375,224.04684448242188,0.9999990463256836,371.82879638671875,210.6876678466797,0.9999997615814209,363.4198303222656,204.57138061523438,0.9999943971633911,375.8528747558594,199.87216186523438,0.9999996423721313,385.9591979980469,202.0940399169922,0.9999997615814209,389.02777099609375,208.88092041015625,0.9998766183853149,380.71875,221.15847778320312,0.017954885959625244,409.7439880371094,271.272705078125,0.9999943971633911,436.1129455566406,262.6787414550781,0.9999995231628418,430.95172119140625,275.0468444824219,0.12485882639884949,440.1633605957031,275.6241455078125,0.9999706745147705,450.947509765625,273.6224060058594,0.9999898672103882,452.15484619140625,265.616455078125,0.999497652053833,442.0521545410156,255.03289794921875,0.35785746574401855
206,160.34005737304688,273.44091796875,1.0,258.46728515625,260.36492919921875,1.0,254.43194580078125,244.32705688476562,1.0,258.3182678222656,275.1822204589844,1.0,387.1944580078125,260.4067077636719,1.0,372.4657897949219,238.55459594726562,1.0,322.5521545410156,257.5619812011719,1.0,381.0458068847656,249.21054077148438,0.9999999403953552,448.0380554199219,231.43443298339844,0.9999997615814209,537.8276977539062,213.58229064941406,1.0,267.7230224609375,287.3311767578125,0.999998927116394,256.017578125,302.6941223144531,0.9999995827674866,266.9864196777344,304.93768310546875,0.9917289614677429,259.639892578125,308.8156433105469,0.9891080260276794,252.858642578125,307.0459289550781,0.9972966909408569,247.11770629882812,300.9075927734375,0.999587893486023,251.388427734375,293.0357360839844,0.983116626739502,268.9549865722656,228.5934295654297,0.9999998807907104,271.4997253417969,218.2568359375,0.9999713897705078,280.3818359375,212.64544677734375,0.9961708188056946,275.6225280761719,206.0974884033203,0.9989566802978516,269.46533203125,209.3249969482422,0.9984129667282104,266.64837646484375,213.93429565429688,0.38250118494033813,358.9694519042969,226.97305297851562,0.0059681236743927,354.0577392578125,224.31878662109375,0.9999988079071045,371.55889892578125,210.74575805664062,0.9999997615814209,363.7619323730469,204.4900665283203,0.9999943971633911,375.8366394042969,199.99803161621094,0.9999996423721313,385.9446105957031,201.8432159423828,0.9999997615814209,389.62078857421875,209.54331970214844,0.9999139308929443,380.2302551269531,221.08267211914062,0.009214043617248535,408.8302001953125,271.02899169921875,0.999995231628418,435.2026062011719,262.3084716796875,0.9999997019767761,429.21820068359375,273.8382568359375,0.45882758498191833,439.3102111816406,275.493896484375,0.9999910593032837,449.9922790527344,273.52008056640625,0.9999938607215881,451.6762390136719,265.4303283691406,0.9998456835746765,441.4876708984375,255.1041717529297,0.7274772524833679
207,159.09548950195312,274.8684997558594,1.0,256.71185302734375,259.9646301269531,1.0,252.14846801757812,244.0395050048828,1.0,256.7420654296875,274.9523010253906,1.0,385.9892578125,259.7121887207031,1.0,371.93096923828125,238.1643829345703,1.0,321.1840515136719,257.8544921875,0.9999998807907104,379.61419677734375,248.63922119140625,0.9999998807907104,448.0162658691406,231.17662048339844,0.9999997615814209,537.2794799804688,212.97698974609375,1.0,265.5829772949219,285.8545227050781,0.9999992847442627,256.3766784667969,301.74993896484375,0.9999998211860657,267.11669921875,303.9724426269531,0.9969892501831055,261.3070068359375,308.78790283203125,0.9990429878234863,253.62034606933594,307.8185729980469,0.9998124241828918,246.6544189453125,301.66937255859375,0.99991375207901,249.19139099121094,291.5724792480469,0.9964276552200317,263.9041748046875,229.48060607910156,0.9999995827674866,262.172119140625,223.6584930419922,0.999536395072937,270.1999206542969,216.42759704589844,0.7505480647087097,263.4645690917969,212.4888458251953,0.5722049474716187,257.82537841796875,213.57504272460938,0.6904315948486328,256.9726867675781,220.9414520263672,0.02824866771697998,358.1142272949219,226.48350524902344,0.004174739122390747,353.2951354980469,223.86172485351562,0.9999989867210388,371.3440246582031,210.6555633544922,0.9999996423721313,362.92974853515625,204.4872589111328,0.999991238117218,375.5494689941406,199.6770782470703,0.9999995231628418,385.7758483886719,201.36160278320312,0.9999997615814209,389.2728271484375,209.12745666503906,0.9999213814735413,380.6448974609375,220.45838928222656,0.008369624614715576,408.0680847167969,269.7762145996094,0.9999923706054688,435.570556640625,262.10797119140625,0.9999995827674866,431.814208984375,274.91925048828125,0.5285677313804626,439.7861328125,275.2908935546875,0.9999860525131226,450.4993591308594,273.43475341796875,0.9999929666519165,451.9965515136719,264.9355773925781,0.9997959136962891,441.548583984375,254.82730102539062,0.5346460938453674
208,158.42991638183594,275.52655029296875,1.0,257.26983642578125,260.0038146972656,1.0,252.7904510498047,243.2510528564453,1.0,256.9051513671875,274.99700927734375,1.0,384.7671813964844,260.1868896484375,0.9999999403953552,371.394775390625,238.51007080078125,0.9999999403953552,320.77685546875,257.37420654296875,0.9999999403953552,378.53594970703125,249.05467224121094,0.9999998807907104,446.865966796875,231.14678955078125,0.9999997615814209,536.6347045898438,212.4794464111328,1.0,265.55316162109375,285.8130187988281,0.9999990463256836,256.44757080078125,301.4531555175781,0.9999998807907104,267.12066650390625,303.6806335449219,0.9976410865783691,261.233642578125,308.3825378417969,0.9994925260543823,253.34706115722656,307.4332580566406,0.999894380569458,246.378662109375,301.1285400390625,0.9999431371688843,249.27772521972656,291.1612854003906,0.9976967573165894,258.83233642578125,228.7003631591797,0.9999997615814209,252.671630859375,220.52008056640625,0.9995846152305603,260.033447265625,213.97315979003906,0.4664686322212219,254.9997100830078,208.8445587158203,0.050010621547698975,247.40184020996094,210.48519897460938,0.2200024127960205,245.60964965820312,211.9197998046875,0.28509199619293213,244.48411560058594,217.15054321289062,0.023885279893875122,352.30047607421875,223.07704162597656,0.999998927116394,371.3022155761719,210.90615844726562,0.9999997615814209,362.376220703125,204.8423614501953,0.9999917149543762,374.8013000488281,199.94981384277344,0.9999996423721313,385.4131164550781,201.40162658691406,0.9999996423721313,389.30242919921875,208.85592651367188,0.9999313354492188,381.1232604980469,220.4796142578125,0.015621274709701538,408.53143310546875,270.85113525390625,0.9999934434890747,435.0705261230469,262.9606628417969,0.9999997615814209,430.1488952636719,275.7532958984375,0.9490576982498169,439.9980163574219,275.5706481933594,0.9999982118606567,450.72662353515625,273.8285827636719,0.9999985098838806,451.2870178222656,264.34515380859375,0.9999659657478333,440.6551818847656,254.2631378173828,0.8459134101867676
209,157.67115783691406,275.7002868652344,1.0,256.1843566894531,260.0469055175781,1.0,249.81993103027344,244.08644104003906,1.0,256.610107421875,274.61859130859375,1.0,384.4608459472656,260.5272521972656,1.0,370.69390869140625,238.94944763183594,0.9999998807907104,319.44921875,257.89837646484375,0.9999999403953552,378.39263916015625,249.51846313476562,0.9999999403953552,445.58245849609375,231.08047485351562,0.9999997019767761,535.1002197265625,211.9136199951172,1.0,264.9981689453125,285.4772644042969,0.9999988079071045,257.10333251953125,299.8660888671875,0.9999998211860657,268.0704650878906,302.36651611328125,0.9992679357528687,262.25433349609375,308.1656188964844,0.9999452829360962,253.52378845214844,307.4895935058594,0.9999850392341614,245.93540954589844,300.8044128417969,0.9999819397926331,248.81185913085938,289.97967529296875,0.9996821284294128,252.2249298095703,225.35694885253906,0.9999973177909851,239.83030700683594,217.55613708496094,0.9995198845863342,251.53489685058594,209.58909606933594,0.06751948595046997,244.97772216796875,205.7761993408203,0.04581516981124878,239.16822814941406,204.76992797851562,0.2763776183128357,234.40826416015625,207.8875274658203,0.25742578506469727,232.7139434814453,216.5883026123047,0.01571601629257202,351.9217224121094,223.14932250976562,0.9999982714653015,371.28363037109375,210.81961059570312,0.9999996423721313,361.4111328125,205.4440460205078,0.9999789595603943,373.9067077636719,199.97561645507812,0.9999997019767761,384.98614501953125,201.235107421875,0.9999995231628418,389.3198547363281,207.98486328125,0.9999339580535889,382.03631591796875,219.83212280273438,0.009883761405944824,407.8710632324219,269.8581848144531,0.9999872446060181,435.81036376953125,263.2326354980469,0.9999996423721313,430.6792297363281,275.9460144042969,0.9703953862190247,440.9442138671875,275.79931640625,0.9999957084655762,451.5833740234375,273.9072265625,0.9999979138374329,451.4844970703125,264.3294982910156,0.9999675750732422,441.06097412109375,254.8443145751953,0.8566893339157104
210,157.574951171875,276.2784423828125,1.0,254.60552978515625,260.8203430175781,1.0,245.53089904785156,246.1574249267578,1.0,255.6150360107422,275.12115478515625,0.9999998807907104,383.7867431640625,260.4109191894531,1.0,370.47308349609375,239.08721923828125,0.9999999403953552,319.0497741699219,257.18878173828125,0.9999998807907104,377.9897155761719,249.3904266357422,0.9999999403953552,443.2585754394531,231.52197265625,0.9999997615814209,534.1217651367188,211.5026397705078,1.0,264.49139404296875,285.2947998046875,0.9999974966049194,257.12408447265625,299.8851623535156,0.9999997615814209,268.4331970214844,302.3540344238281,0.9972026348114014,262.3007507324219,308.0442810058594,0.999756932258606,253.4340362548828,307.58740234375,0.9999673366546631,246.0598907470703,300.743896484375,0.9999713897705078,249.077392578125,289.8614196777344,0.9993749856948853,247.3174285888672,226.2810821533203,0.9999994039535522,227.91458129882812,221.43569946289062,0.9998687505722046,237.12307739257812,215.06336975097656,0.10801905393600464,229.39732360839844,209.99935913085938,0.062307149171829224,221.08880615234375,209.63510131835938,0.20993927121162415,216.6763458251953,215.77511596679688,0.041940540075302124,225.90191650390625,226.42271423339844,0.16484278440475464,351.3497009277344,223.82005310058594,0.9999988079071045,370.7348327636719,211.12167358398438,0.9999995231628418,360.87823486328125,205.83111572265625,0.9999768733978271,373.6778259277344,199.9740447998047,0.9999996423721313,384.78021240234375,201.1674041748047,0.9999994039535522,389.1057434082031,208.25802612304688,0.9999101161956787,381.35833740234375,221.62808227539062,0.008344590663909912,408.1094665527344,270.6605224609375,0.9999918937683105,435.44183349609375,263.3064880371094,0.9999995827674866,430.4621276855469,276.13360595703125,0.965942919254303,440.8477478027344,276.09442138671875,0.999997079372406,451.1715087890625,274.08880615234375,0.9999985098838806,451.68255615234375,264.5865173339844,0.9999852180480957,440.9107360839844,254.5719451904297,0.9508988857269287
211,157.96327209472656,276.6361083984375,1.0,253.2941131591797,260.74554443359375,1.0,242.27410888671875,245.28485107421875,1.0,254.68081665039062,274.2034606933594,0.9999998211860657,383.9832458496094,259.74896240234375,1.0,370.1678466796875,238.74131774902344,0.9999998807907104,318.6258544921875,256.7450256347656,0.9999998807907104,377.5199279785156,249.13101196289062,0.9999999403953552,443.1790771484375,231.7633514404297,0.9999997019767761,534.2573852539062,211.2717742919922,1.0,264.60662841796875,285.0779724121094,0.9999979734420776,256.7776794433594,298.98748779296875,0.9999997019767761,267.98553466796875,303.05108642578125,0.9988495111465454,261.68682861328125,307.713623046875,0.9999014735221863,252.4546661376953,306.7088317871094,0.9999760389328003,245.07421875,299.80560302734375,0.9999829530715942,249.01795959472656,289.7446594238281,0.9993618726730347,239.14613342285156,225.4895477294922,0.9999998807907104,212.82839965820312,224.081787109375,0.9999998807907104,218.5334930419922,215.51332092285156,0.9994842410087585,212.53610229492188,213.9737091064453,0.9999353885650635,203.91514587402344,216.63523864746094,0.9999287128448486,202.8745880126953,225.23556518554688,0.9999228715896606,213.4143829345703,233.4752960205078,0.9999395608901978,351.72613525390625,223.09288024902344,0.9999982118606567,370.8460998535156,211.1529083251953,0.9999995231628418,361.5225830078125,205.62303161621094,0.9999860525131226,374.008056640625,199.732177734375,0.9999996423721313,385.1958923339844,201.39808654785156,0.9999992847442627,389.27374267578125,208.65829467773438,0.9998751282691956,380.79339599609375,222.11436462402344,0.010038435459136963,407.38946533203125,270.06866455078125,0.9999958872795105,435.5570983886719,263.4295349121094,0.9999992251396179,432.04754638671875,275.84613037109375,0.9259800314903259,440.598388671875,276.3824157714844,0.999987781047821,451.30859375,274.46099853515625,0.9999961853027344,451.79742431640625,264.7706298828125,0.9999344348907471,441.12457275390625,254.93869018554688,0.8511657118797302
212,157.15106201171875,277.86566162109375,1.0,253.25128173828125,261.2710876464844,1.0,241.9815673828125,246.93507385253906,0.9999998807907104,255.51881408691406,275.8809814453125,0.9999997615814209,382.84698486328125,259.55731201171875,0.9999998807907104,369.649658203125,238.53797912597656,1.0,318.596435546875,256.4053649902344,0.9999998211860657,376.81097412109375,248.7222137451172,0.9999999403953552,443.8030700683594,231.89968872070312,0.9999995231628418,533.8555908203125,211.28054809570312,1.0,265.04412841796875,285.3214111328125,0.9999974966049194,256.71075439453125,299.5532531738281,0.9999996423721313,267.3767395019531,303.55987548828125,0.9956526756286621,261.067138671875,307.4794006347656,0.9992671012878418,252.1139373779297,306.951171875,0.9999018907546997,244.8762969970703,299.9649963378906,0.9999576807022095,249.12818908691406,289.84136962890625,0.998952329158783,235.06307983398438,228.09637451171875,0.9999980330467224,208.56396484375,227.86289978027344,1.0,215.5167694091797,218.7548828125,0.9943665266036987,207.1688232421875,217.5794677734375,0.9997333288192749,200.14877319335938,221.2256317138672,0.99993896484375,199.47764587402344,228.86509704589844,0.9999554753303528,208.76805114746094,236.09649658203125,0.9997995495796204,352.9672546386719,223.93362426757812,0.9999969005584717,370.8612976074219,211.02525329589844,0.9999995231628418,361.6919250488281,205.82720947265625,0.9999817609786987,373.92828369140625,199.51931762695312,0.9999996423721313,385.20001220703125,201.0576171875,0.9999991655349731,389.5154113769531,208.57467651367188,0.9998346567153931,380.3329772949219,222.11624145507812,0.007486224174499512,406.391357421875,270.1616516113281,0.9999979734420776,434.8132629394531,263.31982421875,0.9999982118606567,431.4407958984375,275.8792724609375,0.7990531921386719,439.67919921875,276.3166809082031,0.9999608993530273,450.4388122558594,274.7113952636719,0.9999880790710449,451.8780212402344,265.0992736816406,0.9997307062149048,440.59967041015625,255.15768432617188,0.6797947883605957
213,156.16969299316406,277.75048828125,1.0,252.67654418945312,261.2584533691406,1.0,242.14495849609375,246.81375122070312,0.9999999403953552,254.62802124023438,274.1238708496094,0.9999997019767761,381.11053466796875,259.50836181640625,1.0,368.2641296386719,238.6427459716797,0.9999998807907104,317.8415832519531,255.97232055664062,0.9999998211860657,375.01788330078125,248.88917541503906,0.9999998807907104,442.583984375,232.07492065429688,0.9999993443489075,533.3621826171875,211.73983764648438,1.0,265.4071044921875,285.2984619140625,0.9999972581863403,257.253662109375,299.69854736328125,0.9999997615814209,268.22674560546875,302.5650939941406,0.99826979637146,261.5715637207031,307.6482238769531,0.9998060464859009,252.64590454101562,307.09869384765625,0.9999496936798096,245.24807739257812,300.3739929199219,0.999960720539093,249.55941772460938,289.9986267089844,0.9982962012290955,230.38851928710938,228.58413696289062,0.9999994039535522,203.76792907714844,230.5310516357422,0.9999998807907104,210.54991149902344,220.1963653564453,0.9998137950897217,200.68414306640625,219.99362182617188,0.9999649524688721,193.26512145996094,224.0985565185547,0.9999972581863403,194.50021362304688,232.70330810546875,0.9999960660934448,203.85194396972656,238.60951232910156,0.9999779462814331,351.9420471191406,222.89208984375,0.9999970197677612,371.01080322265625,211.2432861328125,0.9999997019767761,362.8443298339844,205.37619018554688,0.9999949932098389,374.7410888671875,199.24270629882812,0.9999996423721313,385.5184020996094,201.16595458984375,0.9999992847442627,389.67303466796875,209.06155395507812,0.9998409152030945,377.4490051269531,221.26754760742188,0.043115079402923584,405.5729064941406,269.5835876464844,0.9999953508377075,434.93841552734375,263.6416015625,0.9999969601631165,430.19818115234375,275.606201171875,0.6511268615722656,439.76422119140625,276.6766052246094,0.9999444484710693,450.5077209472656,275.368408203125,0.9999921321868896,452.1034240722656,265.5679016113281,0.9998420476913452,440.7354431152344,255.63546752929688,0.7883734703063965
214,155.9333953857422,278.2016906738281,1.0,251.3705596923828,261.5920715332031,1.0,241.11195373535156,247.47804260253906,0.9999998807907104,253.93951416015625,275.97515869140625,0.9999998211860657,380.14813232421875,259.16864013671875,0.9999998807907104,367.8186950683594,238.51123046875,0.9999998807907104,316.42181396484375,255.6688995361328,0.9999998807907104,374.38140869140625,248.6117706298828,1.0,441.4674377441406,231.956298828125,0.9999994039535522,533.5713500976562,211.74415588378906,1.0,264.58294677734375,285.69342041015625,0.9999962449073792,256.8431396484375,300.0598449707031,0.9999997615814209,268.2618408203125,302.6626892089844,0.9948065280914307,261.4748229980469,307.80938720703125,0.9991376399993896,252.32736206054688,307.67535400390625,0.9998716115951538,244.94586181640625,300.65679931640625,0.999923825263977,249.03225708007812,290.4075622558594,0.9972822666168213,228.3289794921875,230.0317840576172,0.999999463558197,202.08407592773438,231.982177734375,0.9999999403953552,208.8095703125,222.1934814453125,0.9998500347137451,199.19107055664062,222.0933380126953,0.9999521970748901,191.25469970703125,226.69175720214844,0.9999990463256836,194.04652404785156,235.6934814453125,0.9999964237213135,204.64735412597656,240.55772399902344,0.9999821186065674,351.39251708984375,222.09292602539062,0.9999954700469971,371.166259765625,211.35574340820312,0.9999997615814209,362.6493835449219,205.4680633544922,0.9999934434890747,374.5494689941406,199.07339477539062,0.9999996423721313,385.4978942871094,200.92062377929688,0.9999990463256836,389.8033142089844,208.81678771972656,0.999832272529602,377.80596923828125,221.2078399658203,0.049125730991363525,405.28155517578125,269.6678466796875,0.9999904632568359,435.3858642578125,264.4102783203125,0.9999983310699463,430.26806640625,276.6724548339844,0.9775916337966919,440.7403564453125,276.7570495605469,0.9999926090240479,451.6372985839844,275.65277099609375,0.9999968409538269,452.59356689453125,265.221435546875,0.9999595880508423,441.5586853027344,255.86859130859375,0.9308303594589233
215,154.6201629638672,278.5298767089844,1.0,250.8593292236328,261.1746826171875,1.0,240.53256225585938,247.00038146972656,0.9999997615814209,252.8982696533203,275.8617248535156,0.9999998807907104,379.4561767578125,258.9606018066406,1.0,367.23675537109375,238.13031005859375,0.9999999403953552,315.4847717285156,255.23782348632812,0.9999998807907104,373.9620056152344,248.4341278076172,1.0,440.7477722167969,232.00918579101562,0.9999992847442627,532.5020751953125,211.99237060546875,1.0,264.92828369140625,286.04248046875,0.999997615814209,257.3077697753906,300.86712646484375,0.9999997615814209,268.95172119140625,303.3955078125,0.9988076686859131,262.0950622558594,308.8050537109375,0.9997528791427612,253.0039825439453,308.929931640625,0.9999532699584961,245.09666442871094,301.4698181152344,0.999941349029541,249.2014617919922,290.85125732421875,0.9987025260925293,226.60577392578125,229.88304138183594,0.9999997615814209,201.33993530273438,231.8362579345703,0.9999998807907104,207.46644592285156,222.0499267578125,0.9998654127120972,200.773681640625,221.21461486816406,0.9999442100524902,190.7836151123047,226.16073608398438,0.9999983310699463,193.1864776611328,235.25523376464844,0.9999924898147583,203.89344787597656,240.2441864013672,0.9999681711196899,350.58587646484375,221.66082763671875,0.9999978542327881,370.9953918457031,211.46151733398438,0.9999996423721313,362.443115234375,205.7347869873047,0.9999924898147583,374.1390380859375,198.96966552734375,0.9999997019767761,385.52410888671875,199.95762634277344,0.9999990463256836,389.8823547363281,208.46377563476562,0.9998579025268555,377.8268737792969,221.10609436035156,0.06414264440536499,403.7584533691406,269.0243225097656,0.9999894499778748,432.7148132324219,263.512451171875,0.9999966621398926,428.36956787109375,275.16278076171875,0.7147420048713684,436.4069519042969,275.95806884765625,0.999971866607666,448.7333984375,274.3352355957031,0.999991774559021,449.5641174316406,264.71600341796875,0.9999523162841797,438.6476745605469,255.13641357421875,0.9039864540100098
216,153.12109375,278.9866943359375,0.9999999403953552,248.96536254882812,262.1163635253906,1.0,238.98939514160156,247.9097137451172,0.9999997615814209,251.6741485595703,276.3077392578125,0.9999997615814209,377.125244140625,259.0415954589844,0.9999999403953552,364.2350158691406,236.9460906982422,0.9999999403953552,312.57684326171875,254.84141540527344,0.9999996423721313,371.6799011230469,248.51124572753906,1.0,439.6704406738281,232.5612335205078,0.9999995827674866,529.5934448242188,212.8822021484375,1.0,264.2395935058594,286.1619567871094,0.9999963045120239,256.4964904785156,300.22027587890625,0.9999992847442627,267.9573974609375,303.1502380371094,0.9897346496582031,260.8500061035156,307.2039794921875,0.9964067935943604,252.12216186523438,307.9657287597656,0.9993125200271606,244.33425903320312,300.49456787109375,0.9998066425323486,249.40414428710938,290.2790222167969,0.9961217641830444,226.86460876464844,230.09771728515625,0.9999997615814209,201.27476501464844,231.900146484375,1.0,207.52459716796875,221.71714782714844,0.9999183416366577,200.31251525878906,220.72506713867188,0.9999709129333496,190.0927734375,226.40370178222656,0.9999986886978149,193.04238891601562,235.686767578125,0.9999968409538269,203.6800994873047,240.42572021484375,0.9999895095825195,348.5146789550781,221.8511962890625,0.999997615814209,370.9803771972656,211.93646240234375,0.9999997019767761,361.9006042480469,205.69601440429688,0.9999932050704956,373.7633972167969,199.06698608398438,0.9999997615814209,384.7779846191406,199.86309814453125,0.9999991655349731,389.6986389160156,208.2078094482422,0.9998748302459717,379.1888427734375,221.3340606689453,0.04009556770324707,400.2119140625,269.7056579589844,0.9999912977218628,425.3970947265625,263.015869140625,0.9999978542327881,418.4151306152344,274.4775695800781,0.7035077214241028,427.6903076171875,275.2344055175781,0.9998996257781982,439.85491943359375,275.62225341796875,0.9999370574951172,439.8828125,266.0354919433594,0.9978627562522888,430.9180603027344,256.8298034667969,0.7569389343261719
217,151.08396911621094,280.2740478515625,1.0,247.3164825439453,261.10107421875,1.0,236.99517822265625,246.03358459472656,0.9999994039535522,250.20907592773438,275.6296081542969,0.9999996423721313,375.21453857421875,258.24444580078125,0.9999998807907104,363.1007385253906,236.81185913085938,0.9999998807907104,310.8991394042969,255.10166931152344,0.9999995827674866,369.8829650878906,248.02468872070312,1.0,438.510986328125,233.0258331298828,0.9999997615814209,529.4902954101562,212.75521850585938,1.0,262.3929443359375,283.78704833984375,0.9999973773956299,256.8338623046875,299.7440185546875,0.9999995231628418,268.11944580078125,302.67791748046875,0.9943274259567261,261.26422119140625,307.0663757324219,0.9980731010437012,252.5774688720703,308.11077880859375,0.9993137121200562,244.7979736328125,300.3215637207031,0.9991075992584229,249.00146484375,288.9934997558594,0.9953399896621704,225.83680725097656,230.5166015625,0.9999998807907104,200.8494110107422,231.76976013183594,0.9999998211860657,207.64788818359375,223.15184020996094,0.9997321367263794,200.3061065673828,221.45750427246094,0.9999359846115112,190.3862762451172,226.03445434570312,0.9999964237213135,192.2675323486328,234.9735107421875,0.9999831914901733,202.711669921875,240.0681915283203,0.9999445676803589,348.3143615722656,221.15403747558594,0.9999977946281433,370.3892822265625,211.8374481201172,0.9999997019767761,361.6315612792969,205.50616455078125,0.9999955892562866,372.85321044921875,198.81808471679688,0.9999998807907104,383.819091796875,199.3914794921875,0.9999991655349731,389.1337585449219,207.72406005859375,0.9999407529830933,378.5791320800781,220.65538024902344,0.042836517095565796,397.1936950683594,272.06072998046875,0.9999992251396179,421.0206298828125,264.0849609375,0.9999973773956299,415.06756591796875,275.8212585449219,0.9713802337646484,421.585693359375,277.1793212890625,0.9987229704856873,433.9468994140625,277.41387939453125,0.9835942983627319,438.6239013671875,269.17755126953125,0.6923395395278931,428.0410461425781,257.1790466308594,0.1849839985370636
218,149.40274047851562,280.5826721191406,1.0,244.92100524902344,261.0625305175781,1.0,235.27362060546875,246.65943908691406,0.9999988079071045,248.62985229492188,275.82513427734375,0.9999998807907104,372.3342590332031,259.4515380859375,1.0,361.78680419921875,237.0977783203125,0.9999998807907104,308.5442810058594,255.1851806640625,0.9999998211860657,367.2607727050781,248.43177795410156,1.0,437.09027099609375,233.8382110595703,0.9999997615814209,529.140869140625,212.4596405029297,1.0,260.2562255859375,282.7023620605469,0.9999985694885254,257.46148681640625,298.2545166015625,0.9999996423721313,268.0987548828125,300.8221130371094,0.9914150238037109,262.0326232910156,305.32147216796875,0.9965569972991943,253.3966522216797,306.53485107421875,0.9980952739715576,245.61810302734375,299.1725158691406,0.9972646832466125,248.51406860351562,287.95361328125,0.987851619720459,223.40802001953125,230.45237731933594,0.9999998211860657,200.30789184570312,231.59835815429688,0.9999999403953552,207.0192108154297,223.0620574951172,0.9998996257781982,199.95428466796875,221.4080352783203,0.9999467134475708,191.7976837158203,226.15872192382812,0.9999932050704956,191.49496459960938,234.54623413085938,0.9999701976776123,201.1780242919922,239.8449249267578,0.9999128580093384,347.5559387207031,221.0413360595703,0.9999980926513672,370.3188781738281,211.8760986328125,0.9999996423721313,361.2783203125,205.59860229492188,0.9999940395355225,372.7999572753906,198.57720947265625,0.9999999403953552,383.4866027832031,199.3583984375,0.9999992847442627,389.134765625,207.3931427001953,0.9999622106552124,377.6473693847656,220.6077880859375,0.0512673556804657,388.9555358886719,275.9909973144531,0.9999998211860657,417.3304748535156,266.3974609375,0.9999496936798096,408.5726623535156,277.32373046875,0.6967823505401611,417.8424072265625,280.6746520996094,0.8331574201583862,426.8409118652344,278.5773010253906,0.4728917181491852,429.7791748046875,268.8809814453125,0.11691081523895264,421.58038330078125,259.1919860839844,0.004575103521347046
219,146.9347686767578,280.423095703125,0.9999998807907104,243.20864868164062,261.77264404296875,1.0,233.67604064941406,247.48114013671875,0.9999983310699463,246.9716339111328,276.2337646484375,1.0,368.7027893066406,259.9559631347656,1.0,360.699951171875,237.6695556640625,0.9999998807907104,306.6160583496094,255.01364135742188,0.9999999403953552,366.06658935546875,248.29322814941406,1.0,436.29730224609375,234.33953857421875,0.9999995231628418,527.8919677734375,213.28890991210938,1.0,257.9499816894531,283.7464599609375,0.9999988079071045,258.2588195800781,299.0426940917969,0.9999997615814209,269.30902099609375,301.10888671875,0.7413760423660278,264.16229248046875,307.1355895996094,0.6563360691070557,256.8788146972656,307.97308349609375,0.9108856916427612,247.77456665039062,302.0601806640625,0.9465519785881042,248.28744506835938,290.17987060546875,0.9370677471160889,223.42578125,230.8763427734375,0.9999997019767761,200.18687438964844,231.4652862548828,0.9999999403953552,206.88018798828125,223.09739685058594,0.9999229311943054,199.5953369140625,221.5435791015625,0.9999650716781616,191.40164184570312,226.42591857910156,0.9999956488609314,191.41331481933594,234.87164306640625,0.9999814033508301,200.16351318359375,240.00941467285156,0.9998975992202759,344.9591369628906,219.72451782226562,0.9999983906745911,370.1446838378906,211.8618927001953,0.9999998807907104,361.7763366699219,203.5269317626953,0.9999953508377075,373.1751403808594,198.19876098632812,0.9999998807907104,383.54058837890625,199.2619171142578,0.9999995231628418,389.23614501953125,207.79220581054688,0.9999748468399048,376.8350830078125,220.60914611816406,0.13562101125717163,377.87261962890625,280.9303283691406,0.9999997615814209,404.35015869140625,273.4560241699219,0.9999998807907104,396.63372802734375,282.2605895996094,0.9991854429244995,405.5714111328125,285.9785461425781,0.9995444416999817,416.446533203125,284.71734619140625,0.9978662729263306,420.1374206542969,274.11480712890625,0.9815036058425903,411.2229309082031,262.1548156738281,0.578390896320343
220,144.91452026367188,280.6800842285156,0.9999998807907104,242.1512908935547,262.5915832519531,1.0,232.81874084472656,248.55567932128906,0.999997615814209,246.04470825195312,276.8691101074219,1.0,364.094482421875,260.92431640625,1.0,358.98358154296875,238.08111572265625,1.0,303.667724609375,254.90576171875,0.9999997615814209,362.1799621582031,249.3869171142578,1.0,434.4532165527344,235.01986694335938,0.9999991655349731,526.801025390625,213.4695281982422,1.0,256.7762145996094,284.16192626953125,0.9999987483024597,258.8623046875,299.33819580078125,0.9999998807907104,269.962646484375,300.7894287109375,0.9772125482559204,265.1842041015625,306.8272705078125,0.9542770385742188,257.9315490722656,308.80010986328125,0.9675462245941162,249.36752319335938,303.9734802246094,0.9726660251617432,247.8151397705078,291.0802917480469,0.9646877646446228,222.29556274414062,231.2036590576172,0.9999994039535522,200.2071990966797,231.53244018554688,0.9999999403953552,207.1558074951172,223.31626892089844,0.9999631643295288,199.49212646484375,221.09912109375,0.9999778270721436,189.70265197753906,226.0266876220703,0.9999954104423523,190.99581909179688,235.2296905517578,0.99997878074646,201.63397216796875,239.89834594726562,0.9999632835388184,344.47344970703125,219.17086791992188,0.9999966621398926,370.4810485839844,211.5858154296875,0.9999998211860657,362.2976989746094,203.4069366455078,0.9999968409538269,373.22216796875,197.96133422851562,0.9999998807907104,383.7772216796875,199.18289184570312,0.9999996423721313,389.7681579589844,207.20278930664062,0.9999804496765137,377.324462890625,220.211181640625,0.12597647309303284,371.5617370605469,282.23779296875,0.9999996423721313,398.8483581542969,274.40264892578125,0.9999967813491821,392.1861267089844,283.19659423828125,0.4785076081752777,402.20703125,286.42694091796875,0.15998384356498718,411.11846923828125,284.9050598144531,0.11449447274208069,413.6576232910156,271.1680908203125,0.10692760348320007,404.6388854980469,262.92193603515625,0.07185274362564087
221,143.35958862304688,281.31951904296875,0.9999997615814209,239.49273681640625,263.7362976074219,0.9999999403953552,229.45999145507812,248.97567749023438,0.9999989867210388,243.66375732421875,277.50018310546875,1.0,362.0243225097656,259.953857421875,1.0,358.33709716796875,237.32521057128906,1.0,301.45947265625,255.98561096191406,0.9999998807907104,361.25445556640625,249.07321166992188,1.0,432.96868896484375,234.96009826660156,0.9999992847442627,524.5804443359375,214.40957641601562,1.0,255.64466857910156,284.0049133300781,0.9999992847442627,257.890625,298.9142761230469,0.9999997615814209,268.6424560546875,300.3712463378906,0.9859137535095215,264.23974609375,306.07708740234375,0.9653972387313843,256.61480712890625,307.97442626953125,0.9640127420425415,247.3979949951172,303.2181091308594,0.9621212482452393,246.33059692382812,290.66375732421875,0.9792797565460205,221.61094665527344,230.72279357910156,0.9999994039535522,199.93899536132812,231.61061096191406,0.9999998807907104,207.2950897216797,223.6817169189453,0.9999690651893616,199.75601196289062,221.26048278808594,0.9999773502349854,189.7998504638672,225.59774780273438,0.9999951124191284,190.46575927734375,235.0057830810547,0.9999662637710571,201.57711791992188,239.96958923339844,0.9999579191207886,342.94134521484375,216.69009399414062,0.9999978542327881,370.5097961425781,211.30487060546875,0.9999998807907104,362.82110595703125,202.19332885742188,0.9999977350234985,374.3572082519531,197.92886352539062,0.9999999403953552,384.1814880371094,199.37744140625,0.9999997615814209,390.1661682128906,207.22714233398438,0.999984622001648,377.6740417480469,219.1961212158203,0.24931225180625916,366.2666320800781,284.4049072265625,0.9999973773956299,394.4815368652344,277.2981872558594,0.9999969005584717,385.16070556640625,288.51361083984375,0.8219358921051025,396.95281982421875,289.9037170410156,0.21380838751792908,406.3948974609375,286.7010803222656,0.2560986876487732,408.83941650390625,274.6451110839844,0.6821109652519226,401.3655700683594,266.4654541015625,0.6517460942268372
222,140.2509765625,280.6545104980469,0.9999996423721313,237.3579864501953,264.2971496582031,0.9999998807907104,228.7515106201172,248.82142639160156,0.9999992847442627,241.17762756347656,277.9264221191406,1.0,357.81329345703125,260.2087707519531,1.0,356.50213623046875,236.45314025878906,1.0,298.7514343261719,255.7021942138672,0.9999998807907104,358.5623779296875,248.8064727783203,1.0,433.03631591796875,235.87063598632812,0.9999995827674866,520.5501708984375,216.14987182617188,1.0,253.93011474609375,284.6711120605469,0.9999997615814209,257.584228515625,298.3251037597656,0.9999996423721313,268.4707336425781,299.6381530761719,0.9895758628845215,264.08721923828125,305.56512451171875,0.9707945585250854,256.3619079589844,307.75823974609375,0.9271717071533203,247.14564514160156,303.62982177734375,0.9107799530029297,244.4473419189453,291.4861755371094,0.9476083517074585,221.2449493408203,231.2412567138672,0.9999991655349731,199.61131286621094,231.78810119628906,1.0,207.04736328125,223.63783264160156,0.9999771118164062,199.04702758789062,221.2905731201172,0.9999911785125732,190.30670166015625,226.40943908691406,0.9999982714653015,190.29037475585938,236.12289428710938,0.9999805688858032,202.04122924804688,240.3356170654297,0.999937891960144,343.5494384765625,216.92022705078125,0.9999951124191284,370.7801208496094,210.98451232910156,0.9999998211860657,362.68414306640625,202.6510009765625,0.9999963045120239,373.83782958984375,197.67141723632812,0.9999998807907104,384.0873718261719,198.9415740966797,0.9999995231628418,390.18719482421875,206.40196228027344,0.9999744892120361,378.5489501953125,218.42811584472656,0.1369333565235138,352.24169921875,283.0126953125,0.9999998807907104,370.49658203125,281.6077575683594,0.9958057403564453,365.5732116699219,288.6567687988281,0.014572709798812866,371.90350341796875,292.1668395996094,0.0005197227001190186,521.78857421875,217.66290283203125,0.00034162402153015137,439.4654541015625,250.79983520507812,0.0002606809139251709,376.09210205078125,272.71612548828125,0.0015740692615509033
223,138.11534118652344,281.19482421875,0.9999997019767761,235.53794860839844,264.9249267578125,0.9999999403953552,226.6326141357422,249.47569274902344,0.9999997615814209,238.80743408203125,278.07989501953125,1.0,354.0557556152344,261.6932067871094,1.0,354.11322021484375,236.90701293945312,1.0,296.48736572265625,254.85096740722656,0.9999998211860657,355.8983154296875,249.4614715576172,1.0,430.3544616699219,238.17010498046875,0.9999988079071045,517.67724609375,220.4114990234375,1.0,252.21340942382812,285.7330017089844,0.9999994039535522,257.3138732910156,299.2132873535156,0.9999997615814209,268.7129821777344,300.21978759765625,0.9996713399887085,264.5303649902344,306.7825012207031,0.9995502829551697,257.0969543457031,309.6992492675781,0.9889180660247803,248.4091796875,305.2985534667969,0.9685416221618652,243.67164611816406,292.9503479003906,0.9400730133056641,222.65069580078125,232.3541259765625,0.9999987483024597,199.73681640625,231.4486083984375,0.9999998807907104,207.57843017578125,223.29270935058594,0.9999874234199524,199.50741577148438,220.578369140625,0.9999901652336121,189.4713134765625,225.09158325195312,0.9999961853027344,190.1156463623047,235.17919921875,0.9999784231185913,201.8584747314453,240.4204559326172,0.9999728202819824,342.0411071777344,216.3997802734375,0.9999955892562866,370.78302001953125,211.0487060546875,0.9999999403953552,362.1593933105469,202.71206665039062,0.9999966621398926,373.78204345703125,197.44796752929688,0.9999998807907104,383.97467041015625,199.2096405029297,0.9999994039535522,390.5426025390625,206.30767822265625,0.9999604225158691,380.0105895996094,219.03302001953125,0.19673782587051392,345.19940185546875,281.098388671875,0.9999992847442627,364.3973388671875,285.6465148925781,0.9926159381866455,357.29412841796875,296.3027648925781,0.051273345947265625,355.02557373046875,294.1612243652344,0.0011583268642425537,519.8245849609375,227.80508422851562,0.00047647953033447266,513.443115234375,217.05892944335938,0.0003471076488494873,369.9413146972656,276.38836669921875,0.0055196285247802734
224,136.27001953125,281.8294677734375,0.9999998807907104,234.2373504638672,266.13763427734375,0.9999998807907104,224.37867736816406,250.20143127441406,0.9999995231628418,238.44784545898438,279.578125,0.9999998807907104,352.4521179199219,260.68096923828125,1.0,353.2049255371094,235.785888671875,1.0,292.5897216796875,254.54049682617188,0.9999997615814209,354.4608459472656,248.28634643554688,1.0,428.0602111816406,240.07290649414062,0.9999987483024597,516.618896484375,222.25856018066406,1.0,252.90553283691406,286.41278076171875,0.9999977350234985,258.482666015625,299.0879211425781,0.999999463558197,269.1097412109375,300.6153259277344,0.9850893020629883,264.51385498046875,305.9381103515625,0.9591395854949951,258.1649169921875,308.99853515625,0.7005435228347778,249.4184112548828,305.2599182128906,0.592740535736084,243.37979125976562,293.10223388671875,0.8646408319473267,222.07337951660156,232.61209106445312,0.999999463558197,199.73748779296875,231.7502899169922,1.0,207.55575561523438,223.60739135742188,0.9999901056289673,199.36434936523438,220.7079315185547,0.9999926090240479,189.46728515625,225.2384033203125,0.9999979734420776,190.09681701660156,235.41986083984375,0.9999843835830688,202.1502685546875,240.85531616210938,0.9999662637710571,342.57025146484375,214.34259033203125,0.9999990463256836,370.6150207519531,211.28729248046875,1.0,363.0528564453125,202.10423278808594,0.9999978542327881,374.4466857910156,197.5702667236328,0.9999999403953552,384.0068054199219,199.66908264160156,0.9999996423721313,390.67535400390625,206.90692138671875,0.9999867081642151,379.23291015625,217.4437713623047,0.7245164513587952,339.1488342285156,276.9122619628906,1.0,355.68621826171875,284.3548889160156,0.9993399381637573,348.8049011230469,292.9782409667969,0.8910815715789795,353.35418701171875,293.2012634277344,0.08381325006484985,519.37353515625,228.081787109375,0.0007591545581817627,512.0167846679688,216.1766815185547,0.0002835094928741455,361.1100769042969,276.19964599609375,0.0446239709854126
225,133.99996948242188,282.43084716796875,1.0,232.29464721679688,265.91607666015625,0.9999998211860657,221.1140594482422,250.2791290283203,0.9999988079071045,235.25550842285156,280.12164306640625,0.9999998807907104,350.1142272949219,260.8575439453125,1.0,351.14434814453125,236.282470703125,1.0,290.61822509765625,254.48204040527344,0.9999998807907104,351.1197814941406,248.7998809814453,1.0,426.2129821777344,241.78143310546875,0.9999997615814209,514.0069580078125,224.16067504882812,1.0,251.06768798828125,286.726806640625,0.9999963045120239,258.5953369140625,299.85894775390625,0.9999998211860657,268.93414306640625,300.985595703125,0.9996927976608276,264.86480712890625,306.9674377441406,0.9997155666351318,256.7112121582031,310.44793701171875,0.9952172040939331,249.90113830566406,305.94091796875,0.9648685455322266,243.02943420410156,293.55853271484375,0.8727899789810181,221.1736297607422,232.82752990722656,0.9999995231628418,199.41441345214844,232.02793884277344,1.0,207.42835998535156,224.32159423828125,0.9999861717224121,199.1980743408203,221.89724731445312,0.9999876022338867,190.50592041015625,224.53456115722656,0.9999982118606567,190.47015380859375,233.71324157714844,0.9999806880950928,201.25050354003906,240.81600952148438,0.9999198913574219,342.52569580078125,212.80006408691406,0.9999997615814209,370.2349853515625,211.04299926757812,1.0,363.5152893066406,202.11868286132812,0.9999988079071045,374.2445068359375,197.9662628173828,1.0,383.58392333984375,200.07749938964844,0.9999995231628418,390.34027099609375,206.84335327148438,0.9999896287918091,379.0885314941406,217.4029998779297,0.9336001873016357,337.6878967285156,278.23309326171875,0.9999999403953552,355.1275939941406,287.6818542480469,0.9999160766601562,346.4103698730469,295.98712158203125,0.9694473743438721,355.9843444824219,301.2796325683594,0.17475906014442444,364.7879333496094,300.7528076171875,0.02336457371711731,370.5878601074219,286.8909912109375,0.011224597692489624,361.8371887207031,277.2384948730469,0.19159826636314392
226,131.8826904296875,283.3045959472656,1.0,230.85833740234375,265.7839660644531,1.0,219.76303100585938,250.5441436767578,0.9999994039535522,233.45811462402344,280.45660400390625,0.9999999403953552,348.19732666015625,259.9024353027344,0.9999998807907104,349.33233642578125,235.42933654785156,1.0,289.9249267578125,254.14512634277344,0.9999998807907104,349.0610656738281,247.56509399414062,0.9999998807907104,424.32220458984375,243.0382537841797,0.9999998807907104,511.3644104003906,226.23789978027344,1.0,250.74990844726562,286.73699951171875,0.999994695186615,259.05841064453125,299.5480651855469,0.9999996423721313,268.9632263183594,300.99591064453125,0.9889642596244812,264.61669921875,305.9542541503906,0.9729433655738831,256.8847961425781,309.0655212402344,0.6023551821708679,250.51345825195312,305.7920837402344,0.44690990447998047,242.87745666503906,293.89129638671875,0.5380649566650391,220.35308837890625,232.75465393066406,0.9999995827674866,199.20286560058594,232.3035888671875,0.9999998807907104,206.91708374023438,224.6373291015625,0.9999914169311523,200.02520751953125,221.82919311523438,0.9999869465827942,190.326416015625,224.97897338867188,0.9999983310699463,190.52503967285156,234.0146484375,0.9999691247940063,201.0424041748047,240.76467895507812,0.999940037727356,342.1227722167969,212.2938995361328,0.9999998211860657,370.0995788574219,210.91908264160156,0.9999998807907104,363.0683898925781,201.7851104736328,0.9999990463256836,374.2496032714844,197.509033203125,1.0,383.6376037597656,199.62100219726562,0.9999996423721313,390.4305725097656,206.63455200195312,0.9999942779541016,379.159912109375,217.6928253173828,0.9355167150497437,332.98443603515625,277.818115234375,1.0,349.0307312011719,287.0099792480469,0.9999769926071167,340.0893859863281,296.1716613769531,0.9611782431602478,351.2716369628906,300.1434631347656,0.3220548629760742,360.51898193359375,299.28717041015625,0.07419899106025696,366.7295837402344,287.215576171875,0.06813138723373413,357.8470153808594,277.2203063964844,0.7335389852523804
227,129.87623596191406,283.6470947265625,1.0,228.77146911621094,265.5010070800781,1.0,218.95938110351562,250.93678283691406,0.9999997019767761,231.7021484375,279.3741455078125,0.9999998807907104,346.2947082519531,260.1075439453125,1.0,347.5047302246094,234.49107360839844,1.0,287.82867431640625,253.04710388183594,0.9999998211860657,347.45050048828125,247.16244506835938,1.0,423.2294006347656,244.594482421875,0.9999997615814209,510.36297607421875,228.5624237060547,1.0,249.9285430908203,287.6126403808594,0.9999635219573975,258.6131896972656,299.1810302734375,0.9999094009399414,268.00762939453125,300.6678466796875,0.12377673387527466,264.9539794921875,304.676513671875,0.007909685373306274,512.4710083007812,236.1302947998047,0.0010735094547271729,251.5823974609375,306.15997314453125,0.0035498440265655518,241.62005615234375,294.29730224609375,0.06446558237075806,219.70025634765625,233.4803009033203,0.9999998807907104,199.29946899414062,233.02232360839844,0.9999999403953552,206.8328399658203,225.24021911621094,0.999991774559021,199.214111328125,222.63999938964844,0.9999794960021973,191.115234375,225.78614807128906,0.999998152256012,190.06381225585938,234.50083923339844,0.9999532699584961,201.06002807617188,241.08349609375,0.9999077320098877,340.7908935546875,210.74871826171875,0.9999998807907104,369.7057800292969,210.9072265625,1.0,362.593505859375,202.6189727783203,0.9999988079071045,374.1682434082031,198.01211547851562,0.9999999403953552,383.34344482421875,199.87355041503906,0.9999996423721313,390.26922607421875,206.9244384765625,0.9999966025352478,378.9377136230469,217.6896209716797,0.9779722690582275,333.04034423828125,278.8825988769531,0.9999998807907104,350.47564697265625,284.97186279296875,0.9999394416809082,340.3187561035156,293.4693908691406,0.031000137329101562,351.6982727050781,296.2118835449219,0.0013873875141143799,517.232666015625,227.39878845214844,0.0004780590534210205,366.00311279296875,287.0423278808594,0.0006300508975982666,358.1535339355469,276.0780944824219,0.18697935342788696
228,128.2451171875,283.389404296875,0.9999998807907104,226.07077026367188,266.7527770996094,0.9999999403953552,216.58734130859375,251.77854919433594,0.9999996423721313,230.13438415527344,280.27630615234375,1.0,343.4361572265625,260.52301025390625,1.0,345.6732177734375,234.19932556152344,1.0,285.1557312011719,253.28125,0.9999998211860657,345.5918273925781,247.72813415527344,1.0,421.4507141113281,245.89622497558594,0.9999998807907104,508.4461975097656,230.95423889160156,0.9999998807907104,249.12362670898438,288.449462890625,0.9999903440475464,258.6759033203125,299.7406921386719,0.9999660849571228,268.10693359375,300.81536865234375,0.5180573463439941,265.0073547363281,305.5030517578125,0.09715205430984497,511.7813720703125,236.22088623046875,0.0035160183906555176,252.9597930908203,306.0039367675781,0.008924633264541626,241.4495849609375,294.76373291015625,0.05590894818305969,217.927001953125,234.26504516601562,0.9999998211860657,199.04257202148438,233.04893493652344,0.9999998211860657,207.04550170898438,225.3278350830078,0.9999942779541016,199.08119201660156,222.4707794189453,0.9999836683273315,190.81576538085938,225.3327178955078,0.9999980926513672,190.98342895507812,233.6635284423828,0.9999216794967651,199.92242431640625,240.838134765625,0.9998798370361328,340.10955810546875,210.5081329345703,1.0,369.5574035644531,211.05120849609375,1.0,362.21630859375,202.7285614013672,0.9999985694885254,373.9831848144531,197.7897491455078,1.0,383.5682373046875,199.65841674804688,0.9999996423721313,390.7769775390625,206.89859008789062,0.999994158744812,378.7006530761719,218.64425659179688,0.9868229627609253,329.8963928222656,277.6005554199219,0.9999998807907104,346.2360534667969,285.89581298828125,0.9999579787254333,336.2805480957031,293.86737060546875,0.25565484166145325,343.95751953125,297.0018310546875,0.011647582054138184,359.55999755859375,297.7282409667969,0.0018028020858764648,427.09014892578125,258.94879150390625,0.0011732280254364014,354.0195007324219,276.2307434082031,0.25635817646980286
229,125.43705749511719,284.3324890136719,0.9999997615814209,224.27645874023438,267.023193359375,1.0,215.4559783935547,252.21946716308594,0.9999998211860657,227.75535583496094,281.1663513183594,0.9999998807907104,340.5025939941406,261.5790710449219,1.0,343.0091247558594,234.98426818847656,1.0,282.36181640625,253.76519775390625,0.9999998807907104,342.936767578125,248.0203857421875,1.0,418.4989013671875,247.5295867919922,1.0,507.33892822265625,234.41578674316406,0.9999998211860657,248.73448181152344,288.9736022949219,0.9999815821647644,257.76898193359375,300.1650085449219,0.9999610185623169,267.62506103515625,301.24798583984375,0.5809506773948669,264.6368103027344,306.4261779785156,0.2271864414215088,258.2364196777344,310.77484130859375,0.013695955276489258,252.13722229003906,306.85211181640625,0.014136523008346558,240.83912658691406,293.85186767578125,0.04694172739982605,217.2686309814453,234.49391174316406,0.9999999403953552,198.28451538085938,232.7469024658203,0.9999998807907104,206.04232788085938,224.89547729492188,0.9999959468841553,199.12709045410156,222.55157470703125,0.9999892711639404,189.76731872558594,225.47406005859375,0.9999979734420776,189.76214599609375,232.66514587402344,0.9999614953994751,198.9477996826172,240.41455078125,0.999886155128479,339.9972839355469,211.1429901123047,1.0,369.4876403808594,211.176513671875,1.0,362.58721923828125,202.23106384277344,0.9999985098838806,373.4281311035156,198.04342651367188,1.0,383.1636047363281,199.4497528076172,0.9999995231628418,389.9990234375,206.46182250976562,0.9999936819076538,378.5895690917969,218.65481567382812,0.9869216680526733,326.7503356933594,278.0162353515625,0.9999997615814209,343.7608642578125,287.513427734375,0.9999575614929199,333.87786865234375,295.0829162597656,0.6749610900878906,342.4469909667969,298.4479675292969,0.09461814165115356,357.5703430175781,297.90069580078125,0.0033806264400482178,357.3250732421875,288.7762451171875,0.006853014230728149,352.5816650390625,280.6703186035156,0.5302391052246094
230,123.30907440185547,284.1325378417969,0.9999997615814209,222.03709411621094,268.08349609375,0.9999999403953552,213.00148010253906,253.40353393554688,0.9999998211860657,225.36370849609375,281.8236999511719,0.9999997615814209,339.0957336425781,261.6120910644531,1.0,341.6473388671875,235.56463623046875,1.0,279.36749267578125,253.44039916992188,0.9999996423721313,341.38397216796875,248.1722412109375,1.0,416.27099609375,248.50180053710938,0.9999998211860657,505.76666259765625,236.31182861328125,0.9999998807907104,247.97366333007812,289.21893310546875,0.9999843835830688,258.2422790527344,300.00360107421875,0.9999974966049194,268.3103332519531,300.4438171386719,0.9916474223136902,265.48876953125,306.38726806640625,0.9814279675483704,258.6861267089844,309.851806640625,0.6604777574539185,251.61654663085938,307.8632507324219,0.5196112990379333,246.20352172851562,301.1659240722656,0.12244188785552979,216.09364318847656,235.16891479492188,0.9999999403953552,198.00277709960938,232.58795166015625,0.9999998807907104,205.84912109375,224.6261749267578,0.9999955296516418,199.27322387695312,222.45985412597656,0.9999874234199524,191.55589294433594,225.33731079101562,0.9999972581863403,190.1732940673828,233.0767059326172,0.9999731779098511,195.55372619628906,239.88290405273438,0.9998704195022583,340.24468994140625,211.86680603027344,1.0,369.6810607910156,211.61102294921875,1.0,360.7733154296875,204.0177764892578,0.9999983310699463,372.735107421875,198.1005859375,1.0,382.7781982421875,199.61105346679688,0.9999995827674866,389.87127685546875,206.33580017089844,0.9999939203262329,378.4891357421875,218.94357299804688,0.9875451326370239,323.44873046875,276.09527587890625,0.9999999403953552,339.74676513671875,289.6888122558594,0.9999985694885254,330.2951354980469,295.56146240234375,0.9994066953659058,341.4004821777344,303.06146240234375,0.9974916577339172,353.887939453125,299.8942565917969,0.9933977723121643,356.4974670410156,290.83489990234375,0.9971554279327393,349.8575134277344,281.55963134765625,0.9990113973617554
231,120.35159301757812,285.2481689453125,0.9999997615814209,219.6393280029297,268.3628845214844,1.0,210.6388397216797,253.47340393066406,0.9999998807907104,222.281982421875,282.25439453125,0.999998927116394,337.76287841796875,262.341796875,1.0,340.8379211425781,236.6115264892578,1.0,277.2420349121094,253.98648071289062,0.9999998211860657,340.3482360839844,248.99598693847656,1.0,414.9156799316406,250.6075897216797,0.9999997019767761,503.740234375,237.7660675048828,0.9999999403953552,246.01458740234375,288.89605712890625,0.9999796152114868,256.9564208984375,298.7423400878906,0.999991774559021,267.2074890136719,298.78143310546875,0.9930530786514282,264.3430480957031,305.06195068359375,0.9763264656066895,257.520751953125,308.2880859375,0.7036049365997314,251.32742309570312,306.9692077636719,0.35172808170318604,245.220458984375,301.4252624511719,0.06209951639175415,214.8445281982422,235.05975341796875,1.0,197.64202880859375,232.36949157714844,1.0,205.3698272705078,224.2495880126953,0.9999954700469971,198.6092071533203,222.73623657226562,0.9999894499778748,191.09906005859375,225.51675415039062,0.9999982118606567,189.45941162109375,232.0795135498047,0.9999735355377197,195.3558349609375,239.62127685546875,0.9998432397842407,339.753662109375,212.2678985595703,1.0,369.7861022949219,211.80252075195312,1.0,360.41162109375,204.03636169433594,0.9999984502792358,372.29876708984375,198.16746520996094,0.9999998807907104,382.28179931640625,199.70787048339844,0.9999997615814209,389.4100036621094,206.0906524658203,0.9999957084655762,379.2636413574219,219.08033752441406,0.9842115640640259,321.5926208496094,276.5268859863281,0.9999997615814209,338.67425537109375,289.22943115234375,0.9999991059303284,329.3267822265625,296.26995849609375,0.9995207786560059,341.0804748535156,303.0860595703125,0.999181866645813,352.901123046875,299.6806945800781,0.998741865158081,355.482177734375,289.336669921875,0.9994418621063232,347.261474609375,281.1339111328125,0.999337911605835
232,119.60014343261719,284.992919921875,0.9999998807907104,218.0749969482422,268.1431579589844,1.0,208.82003784179688,253.22653198242188,0.9999998807907104,221.66200256347656,281.9172058105469,0.9999979734420776,336.0133361816406,262.9090270996094,1.0,339.18780517578125,238.10845947265625,1.0,275.0395812988281,254.0911102294922,0.9999998807907104,338.4001159667969,250.24179077148438,1.0,411.8505554199219,251.84226989746094,0.9999994039535522,501.2857360839844,240.9396514892578,1.0,244.44602966308594,288.6839599609375,0.9999918937683105,256.3526611328125,298.039794921875,0.9999985694885254,267.36663818359375,297.51629638671875,0.9997754096984863,264.9580078125,304.6147766113281,0.99952232837677,257.2068786621094,308.684326171875,0.9827355146408081,251.08572387695312,307.3786926269531,0.7558529376983643,245.6663818359375,302.14007568359375,0.19675785303115845,213.6859130859375,235.49734497070312,1.0,197.52513122558594,232.6175537109375,0.9999999403953552,205.3184814453125,224.56961059570312,0.9999948740005493,198.57667541503906,223.24996948242188,0.999991774559021,191.28225708007812,226.2887725830078,0.9999979734420776,190.07545471191406,233.0305633544922,0.9999545812606812,198.1267852783203,239.91079711914062,0.9995158314704895,339.5213928222656,213.23434448242188,1.0,369.8587646484375,211.67982482910156,1.0,360.1717224121094,204.18319702148438,0.9999955296516418,371.77459716796875,198.62115478515625,0.9999998807907104,381.852783203125,200.0558319091797,0.9999997615814209,388.6693115234375,205.9817352294922,0.9999964833259583,379.7457580566406,218.58273315429688,0.9807937741279602,320.0876159667969,277.9580383300781,0.9999999403953552,337.9214782714844,288.35211181640625,0.9999992847442627,329.0892639160156,296.78167724609375,0.9998493194580078,340.6878967285156,302.584228515625,0.9997503757476807,352.03692626953125,298.747802734375,0.9993306398391724,354.5944519042969,288.115234375,0.999534010887146,345.5554504394531,279.7945861816406,0.9991419315338135
233,117.47553253173828,284.6877746582031,1.0,215.8141632080078,267.560791015625,0.9999999403953552,206.66375732421875,253.0735626220703,0.9999998211860657,219.5565948486328,281.6344909667969,0.9999992847442627,334.1714782714844,262.44610595703125,0.9999999403953552,337.6114807128906,237.90646362304688,1.0,273.9066467285156,254.3913116455078,0.9999998807907104,336.7300109863281,250.30422973632812,1.0,409.5841064453125,253.46788024902344,0.999999463558197,499.28216552734375,243.44229125976562,1.0,243.96688842773438,288.7429504394531,0.9999802112579346,256.13677978515625,298.66278076171875,0.9999961853027344,267.3552551269531,298.2872009277344,0.9989364147186279,264.2447509765625,305.21099853515625,0.9969220757484436,256.83905029296875,308.6971740722656,0.9182615876197815,250.8375701904297,307.2872314453125,0.48494279384613037,244.5009765625,302.5892639160156,0.029730141162872314,212.78941345214844,235.4736785888672,1.0,197.44700622558594,232.03872680664062,0.9999998807907104,205.47377014160156,224.08123779296875,0.9999901056289673,198.74119567871094,223.03990173339844,0.9999886751174927,190.9540557861328,225.93923950195312,0.9999978542327881,190.0029296875,232.94345092773438,0.9999491572380066,197.79164123535156,240.0513458251953,0.9991064667701721,339.7518615722656,212.9219512939453,1.0,369.7301025390625,212.11068725585938,1.0,360.5364074707031,204.00613403320312,0.999995231628418,372.0179443359375,198.85060119628906,0.9999999403953552,381.9839782714844,200.52467346191406,0.9999995827674866,388.60064697265625,206.71978759765625,0.9999964237213135,379.6720275878906,219.1888427734375,0.9968836307525635,319.13555908203125,278.8302307128906,0.9999996423721313,336.47503662109375,289.04888916015625,0.999999463558197,328.7142333984375,297.68316650390625,0.9998977184295654,340.2149353027344,302.5516357421875,0.99993896484375,351.26861572265625,298.74639892578125,0.9995378255844116,354.6925354003906,288.4578857421875,0.9997348785400391,344.8267822265625,280.87139892578125,0.997907280921936
234,116.47743225097656,284.3669738769531,1.0,214.88221740722656,267.3598327636719,1.0,204.29666137695312,252.6945343017578,0.9999996423721313,217.37109375,281.97039794921875,0.9999989867210388,332.972900390625,263.28985595703125,1.0,336.395751953125,238.80972290039062,1.0,273.3155517578125,253.92333984375,0.9999998807907104,335.65496826171875,250.88438415527344,0.9999998807907104,408.9224548339844,254.4287109375,0.9999992847442627,499.1285705566406,247.34500122070312,1.0,242.0098876953125,288.5780334472656,0.9999923706054688,255.58688354492188,298.5200500488281,0.999998927116394,266.48333740234375,298.09539794921875,0.999916672706604,263.2146911621094,304.0649108886719,0.9998646974563599,255.98977661132812,310.1301574707031,0.9990584254264832,249.60055541992188,307.86566162109375,0.9868994951248169,243.8411865234375,301.2131042480469,0.3251710832118988,211.80807495117188,235.72010803222656,0.9999998807907104,197.29788208007812,231.5882568359375,0.9999998807907104,204.8187255859375,223.42050170898438,0.9999638795852661,197.76441955566406,223.01097106933594,0.9999827146530151,190.53700256347656,226.160888671875,0.9999973773956299,189.99435424804688,232.95596313476562,0.9998480081558228,197.22607421875,240.24169921875,0.9928834438323975,340.2692565917969,213.26622009277344,1.0,369.4183654785156,212.45338439941406,1.0,361.8768310546875,202.99038696289062,0.9999959468841553,371.86865234375,199.64456176757812,0.9999998807907104,381.5287170410156,201.19065856933594,0.9999995231628418,387.7602844238281,207.33810424804688,0.9999979138374329,379.44580078125,219.5943145751953,0.9986726641654968,316.6330871582031,278.8440246582031,0.9999992847442627,336.00146484375,288.9272155761719,0.9999994039535522,328.4682312011719,297.7576599121094,0.9998398423194885,340.2611083984375,302.062255859375,0.9999051094055176,350.9074401855469,298.1717834472656,0.9993934631347656,353.450439453125,287.2515563964844,0.9991906881332397,344.9211120605469,280.91998291015625,0.9948774576187134
235,114.25033569335938,283.5962219238281,1.0,213.04251098632812,267.36376953125,1.0,203.1674346923828,253.03829956054688,0.9999997615814209,216.37966918945312,281.8072814941406,0.999998927116394,332.0093078613281,263.19598388671875,0.9999999403953552,335.6070556640625,238.56983947753906,1.0,272.1900329589844,254.33346557617188,0.9999997615814209,334.8382263183594,250.97756958007812,0.9999999403953552,407.8786315917969,254.75042724609375,0.9999991655349731,496.6088562011719,249.49156188964844,1.0,241.44003295898438,289.97161865234375,0.9998434782028198,254.20193481445312,299.4649963378906,0.9999842047691345,265.2297058105469,299.45391845703125,0.996514618396759,262.2479248046875,303.620849609375,0.9833909273147583,255.39932250976562,309.1669616699219,0.6211172342300415,249.6736297607422,308.9864196777344,0.3093743324279785,243.18161010742188,302.900390625,0.05714485049247742,211.191162109375,236.10989379882812,0.9999998807907104,197.33297729492188,231.32965087890625,0.9999999403953552,204.7166748046875,222.9962158203125,0.9999666213989258,197.36253356933594,222.666015625,0.99998539686203,190.1777801513672,226.20323181152344,0.9999983906745911,190.07638549804688,232.68411254882812,0.9998900294303894,196.99034118652344,239.65162658691406,0.9859796762466431,339.6863708496094,213.61041259765625,1.0,369.380615234375,212.72357177734375,1.0,361.7868347167969,203.30267333984375,0.999996542930603,371.9370422363281,199.81568908691406,1.0,381.3953552246094,201.34922790527344,0.9999995231628418,387.63043212890625,207.2424774169922,0.9999973177909851,379.8611145019531,219.86056518554688,0.9983489513397217,316.47314453125,279.2239990234375,0.9999995231628418,336.1844482421875,288.6564025878906,0.9999995231628418,328.4669494628906,297.75482177734375,0.9998806715011597,339.8794250488281,302.4897155761719,0.9998911619186401,350.72723388671875,298.29595947265625,0.9992479085922241,353.72271728515625,287.036376953125,0.9992496967315674,344.8021545410156,280.8612060546875,0.9971622228622437
236,112.80721282958984,283.1394348144531,0.9999999403953552,211.7403564453125,268.27886962890625,1.0,202.23391723632812,253.3626251220703,0.9999997615814209,215.61927795410156,282.1351623535156,0.9999995231628418,330.7647705078125,263.56378173828125,0.9999999403953552,334.77117919921875,238.58181762695312,0.9999999403953552,271.359619140625,253.87733459472656,0.9999997019767761,333.7361755371094,251.12380981445312,0.9999999403953552,407.2644958496094,255.67640686035156,0.9999995231628418,495.4664611816406,252.32542419433594,0.9999998807907104,239.24766540527344,290.65057373046875,0.9985335469245911,249.4839630126953,300.7432861328125,0.9967079758644104,263.6359558105469,301.4693603515625,0.06158578395843506,260.1289367675781,304.2156982421875,0.002248913049697876,495.6365051269531,252.81846618652344,0.001181095838546753,245.32647705078125,306.8838195800781,0.0013744235038757324,223.38365173339844,295.474365234375,0.009076118469238281,210.9579315185547,236.25343322753906,0.9999998807907104,197.65182495117188,231.5276641845703,0.9999998211860657,205.10765075683594,223.0231475830078,0.9999839067459106,197.4356231689453,222.5916290283203,0.9999945163726807,189.71786499023438,226.84523010253906,0.9999994039535522,190.2777557373047,233.740234375,0.9999363422393799,197.39889526367188,239.9405059814453,0.9810709357261658,339.9476013183594,214.05702209472656,1.0,369.6996765136719,212.76876831054688,1.0,361.8055419921875,203.4640350341797,0.9999957084655762,372.2231750488281,200.00018310546875,0.9999999403953552,381.9560546875,201.6888885498047,0.9999995231628418,387.954833984375,207.46963500976562,0.9999964833259583,379.72943115234375,220.35401916503906,0.9979613423347473,314.8135070800781,280.7925720214844,0.9999985694885254,335.755126953125,288.51458740234375,0.9999995231628418,328.20294189453125,297.5771484375,0.9999375343322754,340.1694030761719,302.3023376464844,0.9999678134918213,351.19189453125,297.9448547363281,0.9997329115867615,353.8065185546875,286.9145202636719,0.9994792938232422,344.03656005859375,280.6455078125,0.9971224069595337
237,112.04365539550781,283.5765380859375,1.0,209.87530517578125,268.6166076660156,1.0,202.50436401367188,254.2487335205078,0.9999998807907104,213.99574279785156,281.74560546875,0.9999998807907104,330.1860046386719,263.5016174316406,0.9999999403953552,332.1965637207031,239.05926513671875,1.0,270.4207458496094,254.1858367919922,0.9999999403953552,332.14642333984375,251.65975952148438,1.0,406.47052001953125,256.1246643066406,0.9999998211860657,495.0944519042969,255.33726501464844,0.9999998807907104,234.5979461669922,290.5101013183594,0.905484676361084,494.9075927734375,257.2660827636719,0.007019996643066406,268.0506286621094,275.7216796875,0.0006342530250549316,494.23455810546875,253.8439483642578,0.0009178221225738525,495.0982666015625,253.29653930664062,0.000845104455947876,219.02609252929688,294.8672180175781,0.0019982755184173584,221.06134033203125,293.77423095703125,0.020117908716201782,211.1079864501953,236.6914520263672,0.9999998807907104,198.06649780273438,231.67771911621094,0.9999998807907104,206.00706481933594,223.1965789794922,0.9999758005142212,198.0186309814453,222.58775329589844,0.9999895691871643,190.16160583496094,226.4225616455078,0.9999984502792358,190.73513793945312,233.21676635742188,0.9998551607131958,197.09783935546875,239.65087890625,0.9276369214057922,339.9774475097656,214.47300720214844,0.9999998807907104,369.3073425292969,212.89288330078125,1.0,360.02593994140625,204.97509765625,0.9999945163726807,371.87908935546875,200.4180450439453,0.9999998807907104,381.1340637207031,201.42591857910156,0.9999992847442627,386.81915283203125,207.21493530273438,0.9999959468841553,379.3030090332031,219.915283203125,0.9955782890319824,315.24029541015625,281.6684265136719,0.9999964237213135,336.299560546875,287.6034240722656,0.9999994039535522,329.02593994140625,297.2495422363281,0.9999074339866638,341.12103271484375,301.38751220703125,0.9999599456787109,350.7118225097656,296.2725524902344,0.9995664358139038,353.2615661621094,286.38043212890625,0.9991323947906494,343.9426574707031,280.1573791503906,0.9922233819961548
238,111.99986267089844,284.068115234375,1.0,209.66073608398438,269.2299499511719,1.0,202.025634765625,254.5176544189453,0.9999997615814209,214.14239501953125,282.5065612792969,0.9999998211860657,329.7068786621094,264.47259521484375,1.0,331.9942932128906,239.71087646484375,1.0,270.1748962402344,254.57730102539062,0.9999999403953552,332.0791931152344,252.05897521972656,1.0,405.278564453125,256.4054260253906,0.9999999403953552,494.6231689453125,256.9127197265625,0.9999998807907104,236.23765563964844,291.2109680175781,0.9954412579536438,247.55870056152344,301.5296325683594,0.6829681396484375,263.1385498046875,305.8387451171875,0.0015787482261657715,494.8825378417969,254.41969299316406,0.0007035434246063232,494.86187744140625,266.1473083496094,0.0010821521282196045,220.29493713378906,295.7740478515625,0.0011633634567260742,222.52890014648438,294.6763916015625,0.008585363626480103,209.8839874267578,237.144287109375,0.9999999403953552,198.10305786132812,231.82005310058594,0.9999997615814209,206.5244903564453,223.35804748535156,0.9999800324440002,198.49720764160156,222.70669555664062,0.9999935626983643,190.1800537109375,226.80349731445312,0.9999988079071045,190.77047729492188,233.8216552734375,0.9998670220375061,197.4931182861328,239.96038818359375,0.9335540533065796,339.8436584472656,215.06063842773438,1.0,369.2304382324219,212.84185791015625,1.0,359.882080078125,205.1543426513672,0.999991774559021,371.86798095703125,200.60870361328125,0.9999998807907104,380.97613525390625,201.9530792236328,0.9999992847442627,386.4279479980469,207.2205810546875,0.9999964237213135,379.2575378417969,220.03643798828125,0.9960131049156189,314.4306945800781,283.78314208984375,0.9999954700469971,337.2272644042969,288.1048889160156,0.9999997615814209,330.32818603515625,297.76263427734375,0.9999633431434631,342.5220031738281,301.5154113769531,0.9998942613601685,351.8040466308594,295.94189453125,0.9991110563278198,354.7567138671875,285.9166564941406,0.99909508228302,344.6223449707031,280.1497497558594,0.981041669845581
239,111.21347045898438,284.609130859375,0.9999999403953552,209.285888671875,269.56268310546875,1.0,200.75611877441406,255.01553344726562,0.9999997019767761,213.3749542236328,283.0154724121094,0.9999998807907104,329.3486022949219,264.1252746582031,1.0,331.3077392578125,239.60475158691406,1.0,268.8309631347656,254.8446502685547,1.0,331.57647705078125,251.55191040039062,1.0,404.30609130859375,256.7078552246094,0.9999998807907104,493.1650695800781,257.7038879394531,0.9999998807907104,234.00228881835938,290.125244140625,0.9999677538871765,244.70057678222656,300.5399475097656,0.9999957084655762,254.8782958984375,301.2884521484375,0.9972504377365112,254.36863708496094,305.4220886230469,0.9916870594024658,247.1183319091797,310.17401123046875,0.5337995290756226,239.92257690429688,308.72015380859375,0.6422137022018433,233.6789093017578,300.59954833984375,0.05869820713996887,209.2676239013672,238.39747619628906,0.9999999403953552,199.33746337890625,232.58670043945312,0.9999997615814209,206.21160888671875,223.6966552734375,0.9999830722808838,198.18336486816406,223.19032287597656,0.9999949932098389,190.0615234375,227.3883819580078,0.9999985098838806,190.53543090820312,235.0464324951172,0.9997258186340332,197.0244598388672,240.88710021972656,0.8529692888259888,339.30914306640625,215.26695251464844,0.9999998807907104,369.17108154296875,212.9119415283203,1.0,361.1685485839844,203.60826110839844,0.9999845027923584,371.83660888671875,200.57437133789062,0.9999998807907104,380.88446044921875,201.99095153808594,0.9999994039535522,386.1855163574219,207.24070739746094,0.9999970197677612,379.1405029296875,220.46519470214844,0.9944775104522705,314.2347717285156,283.8257751464844,0.9999921321868896,337.1932373046875,287.9756774902344,0.9999996423721313,330.39996337890625,297.3390808105469,0.9999338388442993,342.7799072265625,301.12384033203125,0.9999336004257202,351.84429931640625,295.935791015625,0.9994438886642456,355.0144348144531,285.76654052734375,0.998908519744873,345.0755310058594,279.6407165527344,0.9677000045776367
240,110.45437622070312,284.5097961425781,0.9999998807907104,208.93006896972656,269.2135314941406,0.9999998807907104,200.46878051757812,254.4156951904297,0.9999997615814209,212.77130126953125,281.977783203125,0.9999997615814209,328.995849609375,264.1344299316406,1.0,330.3033142089844,240.17706298828125,1.0,268.42645263671875,254.8914031982422,1.0,330.781982421875,251.64013671875,1.0,403.66119384765625,257.05670166015625,0.9999998807907104,492.1497802734375,257.70172119140625,1.0,232.5708465576172,289.9547424316406,0.9998417496681213,243.15740966796875,299.7838439941406,0.9989430904388428,253.7508544921875,300.6755065917969,0.23555108904838562,252.5889892578125,305.057861328125,0.044997066259384155,493.7041320800781,265.3533935546875,0.000957101583480835,239.59170532226562,306.7637939453125,0.0009774267673492432,222.7261505126953,294.6502990722656,0.0030517578125,209.48904418945312,238.32814025878906,1.0,200.53878784179688,232.7567138671875,0.9999994039535522,207.3876495361328,224.23081970214844,0.9998538494110107,199.10531616210938,223.41824340820312,0.9999676942825317,191.5586395263672,227.23617553710938,0.999990701675415,192.09042358398438,233.93919372558594,0.9992717504501343,197.25601196289062,239.71788024902344,0.7022672891616821,338.8099060058594,215.73126220703125,0.9999998807907104,368.95489501953125,213.21649169921875,1.0,361.1117248535156,203.77523803710938,0.9999877214431763,371.8114013671875,200.823486328125,0.9999998807907104,380.77154541015625,202.1046600341797,0.9999994039535522,385.9073486328125,207.2902374267578,0.9999973773956299,379.0373229980469,220.7911834716797,0.9912043213844299,315.1837463378906,283.7592468261719,0.9999896287918091,337.7247314453125,287.9952697753906,0.9999995231628418,330.4898376464844,297.00299072265625,0.9998821020126343,343.1205139160156,300.97064208984375,0.9997877478599548,353.5177001953125,296.6642761230469,0.998947262763977,355.39617919921875,285.243896484375,0.9948810338973999,345.1318054199219,279.4006652832031,0.7971843481063843
241,109.68135833740234,284.29150390625,0.9999997615814209,209.39723205566406,268.79083251953125,1.0,200.88638305664062,254.3734130859375,0.9999998807907104,212.6245880126953,281.875,0.9999998807907104,327.7064208984375,264.9107360839844,1.0,329.4568176269531,240.97064208984375,1.0,267.5404968261719,255.02186584472656,1.0,329.64691162109375,252.46829223632812,1.0,402.4146728515625,257.1412658691406,0.9999998807907104,490.9808349609375,257.8133239746094,0.9999998807907104,227.3217010498047,288.6339111328125,0.9999860525131226,233.0058135986328,300.719482421875,0.9767879843711853,248.56434631347656,303.6971130371094,0.009177595376968384,246.51638793945312,308.8128662109375,0.0015267729759216309,493.3111267089844,265.06793212890625,0.001142352819442749,221.4716033935547,297.7101135253906,0.0005934536457061768,221.15634155273438,294.8306579589844,0.011993646621704102,209.63136291503906,238.36402893066406,1.0,200.9560546875,232.9068603515625,0.9999992251396179,207.50421142578125,224.43775939941406,0.9998096227645874,199.22860717773438,223.8133087158203,0.9999626874923706,191.82289123535156,227.3778839111328,0.999991774559021,192.28350830078125,233.92477416992188,0.9993430376052856,196.86380004882812,238.8929901123047,0.7422641515731812,338.4771728515625,216.3485870361328,0.9999996423721313,368.6980285644531,213.49583435058594,1.0,359.3248291015625,205.0993194580078,0.9999887347221375,371.514892578125,201.06089782714844,0.9999998211860657,380.4704895019531,201.84619140625,0.9999994039535522,385.6574401855469,207.29933166503906,0.9999974966049194,378.668212890625,220.89010620117188,0.9922396540641785,315.0573425292969,284.7338562011719,0.9999922513961792,338.3740234375,287.7835388183594,0.9999994039535522,331.0601806640625,296.6589050292969,0.999948263168335,343.54400634765625,300.693115234375,0.9999157190322876,353.77520751953125,296.6986083984375,0.9997058510780334,355.5006408691406,285.1378173828125,0.9994386434555054,345.6392822265625,278.50347900390625,0.825096607208252
242,108.1125717163086,284.0172424316406,0.9999998211860657,207.21107482910156,268.9681091308594,0.9999998807907104,199.4521026611328,254.36013793945312,0.9999997615814209,209.80735778808594,282.08331298828125,0.9999998807907104,326.6307373046875,265.1952209472656,1.0,328.54736328125,241.02406311035156,1.0,266.34039306640625,255.24667358398438,1.0,328.64593505859375,252.53985595703125,1.0,402.4656677246094,257.1982421875,1.0,490.5299072265625,258.286865234375,0.9999998807907104,224.42356872558594,290.3236999511719,0.99901282787323,234.31973266601562,304.56341552734375,0.028952032327651978,248.66749572753906,309.5720520019531,0.0019690990447998047,490.08966064453125,265.858642578125,0.0009993314743041992,493.2682189941406,265.26531982421875,0.0013011693954467773,109.12715911865234,285.8446960449219,0.00044158101081848145,213.13204956054688,296.5952453613281,0.0030302107334136963,209.01815795898438,238.72396850585938,1.0,200.70118713378906,232.5955352783203,0.9999994039535522,207.33859252929688,224.57847595214844,0.9997447729110718,199.43051147460938,223.73558044433594,0.9999479055404663,192.0640869140625,226.79815673828125,0.9999833703041077,192.04937744140625,232.95481872558594,0.9986597895622253,196.38339233398438,238.4707794189453,0.6781322956085205,339.1998596191406,215.9268035888672,0.9999998211860657,368.4068298339844,213.69586181640625,1.0,361.6163330078125,203.3628387451172,0.9999961853027344,371.6312561035156,201.1949920654297,0.9999998807907104,380.7466735839844,201.9631805419922,0.9999995231628418,385.8516845703125,207.90618896484375,0.9999982118606567,378.7857360839844,221.18136596679688,0.9971500635147095,315.02587890625,284.4961853027344,0.9999774694442749,338.7026672363281,288.0099182128906,0.9999991655349731,330.71051025390625,296.29083251953125,0.9998993873596191,343.39678955078125,301.03631591796875,0.9997540712356567,353.7642822265625,296.64031982421875,0.9993036389350891,355.3045654296875,285.1007385253906,0.9980509877204895,345.3984375,279.0693664550781,0.5173212885856628
243,106.3154525756836,284.376708984375,0.9999998211860657,206.67718505859375,269.67376708984375,0.9999999403953552,199.54627990722656,255.25389099121094,0.9999997615814209,208.0554656982422,283.5663757324219,0.9999999403953552,325.2482604980469,265.46954345703125,1.0,327.10821533203125,241.22897338867188,1.0,264.09814453125,256.5336608886719,0.9999998807907104,327.130615234375,252.8766326904297,1.0,400.49493408203125,256.8937683105469,0.9999998807907104,490.2175598144531,258.7204895019531,0.9999999403953552,223.11917114257812,292.9753723144531,0.9997122287750244,222.7184600830078,305.6246643066406,0.07312923669815063,247.60333251953125,311.974609375,0.0008218288421630859,490.02667236328125,265.8660583496094,0.0010701417922973633,493.4439392089844,265.6039123535156,0.0012343525886535645,204.30734252929688,295.989990234375,0.004780501127243042,207.6448974609375,296.51007080078125,0.02742651104927063,210.15245056152344,238.35231018066406,0.9999999403953552,199.55186462402344,232.83724975585938,0.9999997019767761,206.75216674804688,224.4694061279297,0.9999568462371826,198.27415466308594,223.64016723632812,0.9999911785125732,190.23365783691406,227.537841796875,0.9999984502792358,190.75933837890625,235.20582580566406,0.9995371103286743,195.4469451904297,239.9569854736328,0.7751985788345337,339.2317199707031,216.5597686767578,0.9999997615814209,366.8363952636719,213.1732177734375,0.9999999403953552,362.08343505859375,203.12339782714844,0.9999969005584717,371.7335205078125,201.40933227539062,0.9999998807907104,380.791259765625,202.41766357421875,0.9999995231628418,385.45562744140625,208.54440307617188,0.9999969005584717,378.18695068359375,221.51295471191406,0.9944456815719604,313.27197265625,286.29986572265625,0.9999820590019226,339.1147766113281,287.69464111328125,0.9999991655349731,329.318359375,295.9338073730469,0.9998188018798828,343.4353942871094,301.177490234375,0.9995352029800415,353.7785949707031,297.142822265625,0.999286413192749,355.9413146972656,284.77020263671875,0.9980498552322388,345.48480224609375,276.81121826171875,0.47826045751571655
244,105.617431640625,284.6397705078125,0.9999998807907104,204.08531188964844,270.46429443359375,0.9999998807907104,197.53659057617188,255.82257080078125,1.0,205.79940795898438,285.8113708496094,0.9999994039535522,324.1544494628906,265.51611328125,1.0,325.6150817871094,241.46434020996094,1.0,262.35198974609375,257.03167724609375,0.9999998807907104,325.8245544433594,253.26527404785156,1.0,399.1828308105469,256.8929138183594,0.9999998807907104,488.5946044921875,258.2192687988281,0.9999999403953552,215.0786590576172,297.5272216796875,0.9993963241577148,205.3800048828125,309.211669921875,0.3302084803581238,489.3924560546875,253.767822265625,0.00023558735847473145,489.53155517578125,265.6004638671875,0.0009254515171051025,492.8816833496094,264.9841003417969,0.0007936656475067139,194.30274963378906,307.42974853515625,0.015031933784484863,203.6195068359375,298.36376953125,0.056315869092941284,209.1505584716797,239.18692016601562,1.0,199.4834442138672,233.32835388183594,0.9999998807907104,207.07948303222656,225.00970458984375,0.9999743700027466,198.6678009033203,223.8642578125,0.999995231628418,190.396484375,227.7231903076172,0.9999983906745911,190.5975799560547,235.31729125976562,0.9995502829551697,194.75613403320312,240.3240509033203,0.7076476216316223,338.9561767578125,217.03652954101562,0.9999997615814209,368.3468322753906,214.15805053710938,1.0,362.2077331542969,203.20660400390625,0.9999964237213135,371.66925048828125,201.52085876464844,0.9999998807907104,380.9793395996094,202.42410278320312,0.9999995827674866,385.5846862792969,208.534912109375,0.9999970197677612,377.9154968261719,221.54495239257812,0.9930778741836548,312.78338623046875,285.9939880371094,0.9999898672103882,339.3846740722656,287.6669616699219,0.9999991655349731,329.6842346191406,295.62762451171875,0.9997174739837646,343.6313171386719,301.1943359375,0.9994555711746216,353.81927490234375,297.2071533203125,0.9991730451583862,355.9620666503906,284.86090087890625,0.9982888698577881,345.562744140625,276.6221008300781,0.4498984217643738
245,105.0186538696289,284.7020263671875,0.9999998211860657,202.2014923095703,270.85302734375,0.9999998807907104,195.7235107421875,256.26446533203125,1.0,203.373046875,286.55755615234375,0.9999979734420776,323.0008239746094,265.74066162109375,1.0,324.84356689453125,241.83502197265625,1.0,261.0397644042969,257.7942199707031,1.0,324.81207275390625,253.5516815185547,1.0,399.108642578125,257.2919006347656,0.9999998807907104,486.63677978515625,257.1664733886719,1.0,210.61590576171875,299.9801330566406,0.9999493360519409,198.21963500976562,312.02850341796875,0.9989349246025085,488.9308776855469,253.37281799316406,0.0002738833427429199,485.5194091796875,259.1272888183594,0.0004464387893676758,195.37850952148438,317.0594482421875,0.038771748542785645,191.2293243408203,311.8186340332031,0.7659411430358887,193.19825744628906,305.94915771484375,0.2750650942325592,207.09336853027344,240.60223388671875,1.0,199.24993896484375,233.7512969970703,0.9999997615814209,206.72210693359375,225.517333984375,0.9999842643737793,198.6739044189453,223.9661102294922,0.9999964237213135,190.0616455078125,227.86441040039062,0.9999983310699463,190.35879516601562,235.518798828125,0.9993395805358887,194.43209838867188,240.2054443359375,0.6572123765945435,339.0292663574219,217.39418029785156,0.9999997615814209,368.6141357421875,214.01531982421875,0.9999999403953552,362.47845458984375,203.37857055664062,0.9999964833259583,371.9113464355469,201.50755310058594,0.9999998807907104,381.314697265625,202.348388671875,0.9999995827674866,385.705810546875,208.11886596679688,0.9999951124191284,377.7490234375,221.40948486328125,0.9907164573669434,312.1050109863281,287.09307861328125,0.9999896287918091,339.44061279296875,287.7203063964844,0.999999463558197,330.43560791015625,295.84503173828125,0.9997380971908569,343.37164306640625,301.56610107421875,0.9995861053466797,353.70355224609375,297.85723876953125,0.9993828535079956,355.7274169921875,284.8369140625,0.9991475939750671,344.9761657714844,276.5948181152344,0.41822949051856995
246,104.39579010009766,284.8011474609375,0.9999998807907104,202.0662078857422,270.73809814453125,0.9999998807907104,195.3685302734375,256.04266357421875,1.0,203.67498779296875,286.3361511230469,0.9999966621398926,322.2274475097656,266.4251708984375,1.0,323.9048767089844,242.78880310058594,1.0,260.0955810546875,258.3858947753906,1.0,324.205810546875,254.3703155517578,1.0,398.2039794921875,257.4481506347656,0.9999998807907104,485.6468811035156,256.7643127441406,1.0,206.0209503173828,301.8299865722656,0.9998151063919067,196.2146759033203,314.755859375,0.9974071979522705,488.70001220703125,253.0863037109375,0.00026670098304748535,485.7646484375,254.68426513671875,0.00049591064453125,188.57681274414062,318.93841552734375,0.001980811357498169,186.36895751953125,312.6119689941406,0.41768941283226013,189.93533325195312,307.134765625,0.1505390703678131,206.68075561523438,240.4710693359375,1.0,199.42962646484375,234.18397521972656,0.9999998807907104,206.67759704589844,226.097900390625,0.999977707862854,198.87049865722656,224.43600463867188,0.9999961853027344,190.8361053466797,227.7449188232422,0.9999978542327881,190.7476043701172,234.18084716796875,0.999355673789978,194.2956085205078,239.35353088378906,0.5818949341773987,339.2487487792969,218.47598266601562,0.9999997019767761,368.62750244140625,214.15443420410156,0.9999999403953552,362.6423034667969,202.93426513671875,0.9999961853027344,371.9013671875,201.50730895996094,0.9999998807907104,381.22784423828125,202.45704650878906,0.9999996423721313,385.40478515625,208.2543487548828,0.9999972581863403,378.08746337890625,221.4188232421875,0.9919763803482056,312.9299011230469,286.17742919921875,0.9999871253967285,339.38916015625,287.329345703125,0.9999984502792358,331.1713562011719,295.81365966796875,0.9986846446990967,343.0809631347656,301.5389404296875,0.9969180822372437,353.8167724609375,298.1832580566406,0.9944933652877808,356.0985412597656,284.6313781738281,0.9930062890052795,345.1684265136719,276.6666564941406,0.16435694694519043
247,102.9950180053711,285.6221618652344,1.0,200.52029418945312,271.616943359375,0.9999998807907104,194.56581115722656,256.26776123046875,1.0,201.20936584472656,286.8984069824219,0.9999980330467224,321.44281005859375,266.7253723144531,1.0,323.2034606933594,243.3701171875,1.0,259.70367431640625,259.123779296875,1.0,323.4093933105469,254.91976928710938,1.0,398.162109375,257.779296875,0.9999999403953552,484.6921081542969,256.30615234375,1.0,203.9512481689453,300.4507751464844,0.9999709129333496,193.79635620117188,313.1294860839844,0.9999402165412903,200.15457153320312,315.6458740234375,0.0009910166263580322,485.0776672363281,254.73611450195312,0.000752866268157959,189.0601806640625,317.9590148925781,0.07073035836219788,185.40866088867188,313.0093688964844,0.9738041162490845,186.80429077148438,305.77679443359375,0.6974456906318665,206.328369140625,241.30328369140625,1.0,199.2832489013672,233.96359252929688,0.9999998211860657,207.13739013671875,226.00714111328125,0.9999829530715942,198.97439575195312,224.05462646484375,0.9999957084655762,190.6591339111328,227.48350524902344,0.9999980330467224,190.60382080078125,234.143798828125,0.999431312084198,194.04067993164062,239.3580780029297,0.5077682137489319,338.868408203125,219.03311157226562,0.9999997615814209,367.1564025878906,213.45928955078125,0.9999998807907104,362.9460754394531,202.74612426757812,0.9999967813491821,371.79925537109375,201.40904235839844,0.9999999403953552,381.0635681152344,202.24729919433594,0.999999463558197,385.5287170410156,207.8385009765625,0.9999971389770508,377.9798889160156,221.52955627441406,0.9958888292312622,312.98370361328125,286.4426574707031,0.999993622303009,340.2777404785156,288.04541015625,0.9999986886978149,331.8856506347656,296.3005065917969,0.9988051652908325,343.5908203125,301.6534423828125,0.9967550039291382,354.0976257324219,298.3242492675781,0.9964033365249634,356.0873107910156,284.85003662109375,0.9939061403274536,345.335205078125,276.765869140625,0.20951354503631592
248,102.34186553955078,286.052001953125,1.0,199.5452117919922,272.2068176269531,1.0,193.79908752441406,256.6274719238281,1.0,199.84640502929688,287.3924255371094,0.9999994039535522,319.141357421875,268.73760986328125,1.0,322.401611328125,244.02561950683594,1.0,258.4679870605469,260.0259704589844,1.0,322.32550048828125,255.70892333984375,1.0,397.5264587402344,258.14422607421875,0.9999998807907104,485.18328857421875,256.7979736328125,1.0,201.5005645751953,300.8642272949219,0.9999390244483948,190.26356506347656,312.8264465332031,0.9990525245666504,488.20550537109375,252.63497924804688,0.00028273463249206543,485.177001953125,254.72808837890625,0.000874936580657959,183.5722198486328,316.04541015625,0.03976014256477356,182.42791748046875,313.03570556640625,0.8026286363601685,185.1729278564453,306.3077392578125,0.5050489902496338,205.86526489257812,241.88339233398438,1.0,199.3289337158203,233.76246643066406,0.9999998807907104,207.1742401123047,226.05465698242188,0.9999813437461853,199.26580810546875,223.0792999267578,0.9999942779541016,190.69081115722656,226.77183532714844,0.9999969005584717,190.59832763671875,233.3978271484375,0.9995667934417725,193.51632690429688,238.70346069335938,0.48703810572624207,339.2057189941406,220.11634826660156,0.9999996423721313,368.6853332519531,214.54660034179688,0.9999998807907104,363.6517639160156,203.4463348388672,0.9999986886978149,372.0348815917969,201.75393676757812,0.9999998807907104,381.18707275390625,202.53878784179688,0.9999995827674866,385.48297119140625,208.61767578125,0.9999983310699463,378.0423583984375,222.0125732421875,0.9987895488739014,312.2281494140625,288.03570556640625,0.9999992847442627,340.50445556640625,288.33245849609375,0.9999994039535522,332.0090026855469,296.50860595703125,0.9985076189041138,343.0714416503906,302.0138854980469,0.9974053502082825,353.8709716796875,298.844970703125,0.997488260269165,355.78564453125,285.5279235839844,0.9935373067855835,345.7188415527344,276.9866638183594,0.13700780272483826
249,101.59759521484375,286.03533935546875,1.0,198.2198944091797,272.277587890625,1.0,192.77468872070312,256.66973876953125,1.0,197.86427307128906,287.756103515625,0.9999996423721313,317.9248352050781,269.46343994140625,1.0,320.6713562011719,244.49920654296875,1.0,257.4124450683594,260.291015625,1.0,320.486083984375,256.0032653808594,1.0,396.2066650390625,257.588623046875,0.9999998807907104,484.0738525390625,256.2105407714844,1.0,199.88351440429688,302.896240234375,0.999854564666748,186.61297607421875,315.4383544921875,0.9936075210571289,487.7103271484375,252.24424743652344,0.0003514289855957031,484.0696105957031,254.7165985107422,0.0018884837627410889,180.77540588378906,316.7542724609375,0.009848266839981079,178.3442840576172,311.8803405761719,0.2325439155101776,182.86000061035156,308.03314208984375,0.28876927495002747,205.48069763183594,242.19866943359375,1.0,199.25595092773438,234.2272491455078,0.9999999403953552,206.98228454589844,226.43896484375,0.9999784231185913,199.2215118408203,224.1562957763672,0.999995231628418,190.74314880371094,226.84922790527344,0.9999970197677612,190.52076721191406,233.58668518066406,0.9993294477462769,193.4718475341797,238.8351287841797,0.21331673860549927,335.80230712890625,219.71034240722656,0.9999994039535522,364.99169921875,212.72560119628906,0.9999998807907104,360.5396423339844,202.35067749023438,0.9999892711639404,369.13275146484375,200.19580078125,1.0,378.1825256347656,201.560546875,0.9999994039535522,382.6332702636719,207.2403564453125,0.9999985694885254,375.55438232421875,219.3739776611328,0.999891996383667,312.3022155761719,288.1619873046875,0.9999991655349731,340.8428955078125,287.5295715332031,0.9999988079071045,333.2742919921875,296.0892639160156,0.991522490978241,343.6819152832031,301.18438720703125,0.9872219562530518,354.109619140625,298.04583740234375,0.9881550073623657,355.876953125,285.2381286621094,0.9751859903335571,346.2242736816406,276.7913818359375,0.07956936955451965
250,100.18257904052734,285.62310791015625,1.0,196.6771240234375,272.6516418457031,1.0,191.52674865722656,256.78369140625,1.0,195.7202606201172,288.2272033691406,0.9999996423721313,316.4386291503906,270.06744384765625,1.0,318.1777038574219,245.57723999023438,1.0,255.82766723632812,262.0580749511719,0.9999998807907104,317.9354248046875,257.4122314453125,1.0,391.3221740722656,256.94921875,0.9999997615814209,482.8438720703125,255.84324645996094,1.0,198.13807678222656,303.05352783203125,0.999940812587738,183.20648193359375,315.7129211425781,0.9997208714485168,188.82818603515625,320.47247314453125,0.00037592649459838867,483.9581298828125,254.75672912597656,0.0012867450714111328,177.46734619140625,317.5125732421875,0.0354638397693634,175.7126922607422,310.0401611328125,0.8221480846405029,180.57864379882812,307.24786376953125,0.8569954633712769,204.27186584472656,242.81610107421875,1.0,198.75071716308594,234.38694763183594,0.9999998807907104,206.69110107421875,226.80531311035156,0.9999831914901733,198.91334533691406,224.25181579589844,0.9999955296516418,190.64797973632812,226.73846435546875,0.9999970197677612,190.2554473876953,233.3729705810547,0.9994028806686401,192.82505798339844,238.10667419433594,0.14281955361366272,327.1769104003906,223.66534423828125,0.9999905228614807,359.65362548828125,214.326416015625,0.9999945163726807,353.2018127441406,206.17079162597656,0.7278613448143005,362.8385009765625,202.3319091796875,0.9978628158569336,368.3502197265625,203.24903869628906,0.9999357461929321,374.2564392089844,204.756103515625,0.9860556721687317,368.6768493652344,218.8938751220703,0.15009945631027222,312.3102111816406,287.72412109375,0.999998927116394,340.41058349609375,286.5740051269531,0.9999986886978149,332.5109558105469,295.2615051269531,0.9887237548828125,343.2690734863281,300.694091796875,0.9984347820281982,353.6410217285156,297.74871826171875,0.9977449774742126,356.0151672363281,284.66943359375,0.9949774742126465,346.62664794921875,276.275634765625,0.12103435397148132
251,95.16592407226562,286.1695251464844,1.0,195.16432189941406,272.7054443359375,1.0,190.85354614257812,256.9537353515625,1.0,193.1729278564453,288.5928955078125,0.9999996423721313,315.3518371582031,270.3027038574219,0.9999998807907104,317.24078369140625,246.22463989257812,0.9999998211860657,254.7144012451172,264.8951721191406,0.9999996423721313,317.0742492675781,259.3245544433594,1.0,390.2423400878906,256.7576904296875,0.9999995827674866,481.67144775390625,257.6531982421875,1.0,189.61375427246094,305.1437683105469,0.9999819993972778,170.2662811279297,313.1367492675781,0.9999892711639404,177.7798614501953,319.9790344238281,0.46816563606262207,172.47039794921875,320.50531005859375,0.13529840111732483,165.14111328125,316.0125427246094,0.9658950567245483,164.27359008789062,311.1153564453125,0.9996460676193237,169.52488708496094,305.56842041015625,0.9515862464904785,202.39320373535156,243.62937927246094,0.9999998807907104,196.74777221679688,233.72300720214844,1.0,205.9175567626953,226.85365295410156,0.9999940991401672,198.97451782226562,223.98782348632812,0.9999971389770508,189.5904998779297,224.89097595214844,0.9999955296516418,188.2155303955078,231.8272247314453,0.9998252391815186,189.87599182128906,237.5478973388672,0.8249860405921936,324.8320617675781,221.90245056152344,0.9999945163726807,354.85345458984375,210.99761962890625,0.9999990463256836,349.4119567871094,201.2356719970703,0.9996534585952759,358.2822265625,198.10194396972656,0.9999955892562866,365.94342041015625,200.29946899414062,0.9999953508377075,370.06201171875,203.1085968017578,0.9995797872543335,362.4754333496094,219.06619262695312,0.9506131410598755,310.4772644042969,289.2471008300781,0.9999995231628418,337.8200988769531,289.82342529296875,0.9999154806137085,331.3174133300781,297.07916259765625,0.0023310482501983643,339.1116943359375,303.7503662109375,0.016457170248031616,352.12322998046875,301.28131103515625,0.1545678973197937,353.871337890625,288.2039794921875,0.5664589405059814,344.5091247558594,278.8493347167969,0.0266573429107666
252,93.8521957397461,285.7315979003906,0.9999998807907104,194.185791015625,272.0650939941406,0.9999999403953552,189.7434539794922,257.33648681640625,1.0,191.122802734375,287.7463684082031,0.9999974966049194,313.7692565917969,271.4261474609375,1.0,314.1269226074219,247.87176513671875,0.9999998807907104,252.66732788085938,266.893310546875,0.9999992847442627,315.7126159667969,260.6855773925781,1.0,388.25103759765625,257.18817138671875,0.9999998807907104,479.8442687988281,256.3157958984375,0.9999998807907104,187.92201232910156,304.9278564453125,0.9995609521865845,174.53318786621094,318.1749572753906,0.9664932489395142,182.14266967773438,324.0435485839844,0.0018004179000854492,472.948974609375,259.6882629394531,0.00022298097610473633,165.06150817871094,314.3492431640625,0.010991692543029785,165.42495727539062,309.02392578125,0.2690729796886444,172.30079650878906,307.4295654296875,0.010816901922225952,201.86181640625,244.52284240722656,0.9999999403953552,196.944091796875,233.46585083007812,0.9999998807907104,206.059326171875,227.2065887451172,0.9999887943267822,199.47434997558594,223.6173553466797,0.9999968409538269,190.18458557128906,224.47544860839844,0.9999948143959045,188.49269104003906,231.15505981445312,0.9999022483825684,189.62933349609375,236.69261169433594,0.8864425420761108,320.1104736328125,222.1052703857422,0.9999902248382568,346.8918151855469,212.5100555419922,0.9999997615814209,342.0032653808594,204.7979736328125,0.999836802482605,349.4455871582031,200.98587036132812,0.9999954700469971,358.83599853515625,201.85385131835938,0.9999987483024597,365.6046142578125,204.62808227539062,0.9998193979263306,358.0931396484375,220.61265563964844,0.9466187953948975,312.043701171875,291.16162109375,0.9999991655349731,339.0710754394531,289.8450622558594,0.9998989105224609,332.01220703125,297.8467712402344,0.0012874603271484375,342.1026611328125,301.5574035644531,0.024905413389205933,352.61956787109375,301.3315734863281,0.2962508201599121,353.8055419921875,287.8777160644531,0.8283015489578247,344.77117919921875,278.5449523925781,0.03324103355407715
253,92.8746566772461,285.9919128417969,1.0,191.41500854492188,272.94012451171875,1.0,187.95828247070312,257.4754333496094,1.0,189.72247314453125,288.8334045410156,0.9999984502792358,313.315185546875,271.9208068847656,1.0,311.6351318359375,249.7132110595703,0.9999997615814209,250.3026580810547,268.30267333984375,0.9999994039535522,312.7886962890625,261.32586669921875,1.0,385.7044982910156,257.640625,0.9999998211860657,476.6000671386719,254.9143524169922,0.9999998807907104,187.89698791503906,305.4519958496094,0.9987068176269531,173.51744079589844,319.0216064453125,0.9569095373153687,181.58302307128906,322.1839904785156,0.001979053020477295,470.6715087890625,259.35137939453125,0.0004056394100189209,165.04623413085938,314.9576416015625,0.015433132648468018,166.0216522216797,309.2615051269531,0.1889421045780182,172.78445434570312,307.98773193359375,0.011713176965713501,200.83360290527344,244.4259490966797,0.9999998807907104,197.22174072265625,233.5534210205078,0.9999998807907104,206.21673583984375,227.50735473632812,0.999992847442627,199.4052734375,223.6242218017578,0.9999978542327881,190.1302032470703,225.01568603515625,0.9999955892562866,188.58164978027344,231.62518310546875,0.999804675579071,189.6385955810547,237.1761016845703,0.625561535358429,315.779296875,223.53733825683594,0.9999748468399048,341.48876953125,212.5104217529297,0.9999979138374329,332.91314697265625,205.65562438964844,0.9998088479042053,338.1057434082031,201.27186584472656,0.9999929666519165,347.823486328125,200.82968139648438,0.9999827146530151,357.2227478027344,202.40309143066406,0.999880850315094,350.7212829589844,221.0542449951172,0.6540783047676086,310.7425537109375,292.0475769042969,0.9999990463256836,336.08831787109375,289.53192138671875,0.9879254102706909,310.2179260253906,293.9383544921875,0.0008522272109985352,305.8122863769531,293.5494384765625,0.012918919324874878,352.7044982910156,302.3060607910156,0.005299508571624756,352.4614562988281,288.5745849609375,0.023447930812835693,344.0685119628906,281.37054443359375,0.0021215975284576416
254,91.0250473022461,285.9083557128906,0.9999998807907104,188.1973876953125,272.9112854003906,1.0,185.35523986816406,258.4751281738281,1.0,187.14886474609375,288.6758728027344,0.9999989867210388,312.0765075683594,273.001708984375,1.0,308.8786315917969,250.49183654785156,1.0,248.26759338378906,268.87249755859375,0.9999992251396179,310.4052429199219,261.61492919921875,1.0,381.8638916015625,257.9391784667969,0.9999992847442627,474.0174560546875,254.43910217285156,0.9999995231628418,187.48841857910156,305.1453857421875,0.9988025426864624,173.63104248046875,318.71673583984375,0.9685559272766113,181.40672302246094,324.81005859375,0.0004994869232177734,474.84759521484375,254.64166259765625,0.0006158947944641113,162.59588623046875,317.274658203125,0.0037054121494293213,165.22760009765625,310.06884765625,0.10678449273109436,171.8194122314453,308.2717590332031,0.014249294996261597,198.87759399414062,244.20603942871094,1.0,197.29835510253906,233.25096130371094,0.9999999403953552,205.75225830078125,227.46556091308594,0.9999922513961792,199.00027465820312,223.35130310058594,0.9999986290931702,190.0159149169922,225.48980712890625,0.9999974966049194,188.57882690429688,231.94114685058594,0.9995731115341187,190.2722625732422,237.163818359375,0.0989738404750824,308.7323913574219,225.0350341796875,0.9999959468841553,335.4842224121094,214.30140686035156,0.9999958276748657,327.38604736328125,208.1584930419922,0.999983549118042,334.3954772949219,201.66094970703125,0.9999936819076538,345.33709716796875,200.98959350585938,0.9999974370002747,350.26800537109375,205.03842163085938,0.9999396800994873,344.3179931640625,222.5659942626953,0.8988569974899292,311.7651672363281,293.2947998046875,0.9999995231628418,336.9197082519531,289.9980773925781,0.9995272159576416,323.7574768066406,296.7183532714844,0.0007252097129821777,340.2067565917969,300.6950378417969,0.07580834627151489,350.5706787109375,300.3869323730469,0.5127960443496704,352.1042175292969,288.2433776855469,0.460228830575943,342.6393737792969,280.0669250488281,0.0032253265380859375
255,90.1383285522461,286.7078857421875,1.0,186.9617462158203,273.1603088378906,1.0,184.02635192871094,258.6441345214844,1.0,185.3761444091797,288.82611083984375,0.999998152256012,309.5740051269531,272.9895935058594,1.0,306.1636657714844,250.53924560546875,1.0,246.07313537597656,269.46136474609375,0.9999998807907104,308.0198669433594,261.7364196777344,1.0,380.6407775878906,258.231201171875,0.9999991655349731,472.0494384765625,253.31922912597656,0.9999998807907104,182.49961853027344,306.539794921875,0.9965068697929382,171.16368103027344,317.25311279296875,0.8694574236869812,179.99095153808594,325.4798583984375,0.0002726912498474121,473.5459899902344,254.11505126953125,0.0007389187812805176,92.44212341308594,297.8544921875,0.002355337142944336,164.01405334472656,309.5096130371094,0.09344363212585449,169.8616485595703,308.0088195800781,0.011362314224243164,197.21824645996094,244.72140502929688,0.9999998807907104,197.3316192626953,233.51657104492188,0.9999998807907104,205.96900939941406,227.5420379638672,0.9999884963035583,199.4829559326172,222.73684692382812,0.9999977946281433,190.3441619873047,223.4951934814453,0.9999942779541016,189.03884887695312,230.74996948242188,0.9994543790817261,189.93905639648438,236.14801025390625,0.03809747099876404,299.8577880859375,227.4060821533203,0.9999991655349731,328.55877685546875,215.82534790039062,0.9999954700469971,319.3240661621094,210.45208740234375,0.9982437491416931,329.5270080566406,202.5352783203125,0.9999527931213379,338.114990234375,203.25115966796875,0.9999967217445374,344.6449279785156,207.15533447265625,0.9981541037559509,339.3695373535156,222.227294921875,0.1571747064590454,311.9428405761719,293.9287414550781,0.9999999403953552,335.6617736816406,289.1921691894531,0.999657392501831,324.67755126953125,295.9716796875,0.0014296472072601318,339.0491027832031,300.5217590332031,0.043133825063705444,348.8117980957031,299.9176940917969,0.3024427890777588,351.166015625,288.5647277832031,0.15347567200660706,340.6490783691406,280.40325927734375,0.003886610269546509
256,88.59519958496094,286.5824279785156,1.0,185.1107177734375,273.9866943359375,1.0,181.23843383789062,258.89385986328125,1.0,183.696533203125,288.9226379394531,0.9999995231628418,307.3175048828125,273.6056213378906,1.0,302.27264404296875,251.0838165283203,0.9999999403953552,243.69436645507812,269.6836242675781,0.9999998807907104,305.2532653808594,262.5030517578125,1.0,377.8648376464844,258.81402587890625,0.9999989867210388,469.1393737792969,252.92401123046875,1.0,182.1417236328125,306.2786865234375,0.999455451965332,170.6177978515625,316.460205078125,0.9658778309822083,179.84085083007812,325.44915771484375,0.0003193318843841553,468.2847595214844,253.64031982421875,0.002492070198059082,161.57369995117188,314.5363464355469,0.0037294328212738037,162.87867736816406,309.9471740722656,0.22477000951766968,167.785400390625,308.0169982910156,0.02926984429359436,195.1528778076172,244.87062072753906,1.0,197.63461303710938,232.94140625,0.9999998807907104,205.8784637451172,227.38377380371094,0.9999849796295166,199.52574157714844,222.5284881591797,0.9999974966049194,190.82568359375,223.22286987304688,0.999996542930603,189.463623046875,230.33981323242188,0.9994498491287231,189.80860900878906,236.3514404296875,0.018870890140533447,292.6318359375,225.8580780029297,0.9999986886978149,316.68621826171875,217.66969299316406,0.9999924898147583,309.0946960449219,211.86666870117188,0.997333288192749,318.6327209472656,204.54017639160156,0.9998529553413391,326.53271484375,206.20489501953125,0.9999897480010986,331.18536376953125,211.1366729736328,0.9992255568504333,326.35986328125,227.49612426757812,0.0992894172668457,312.6681823730469,294.72186279296875,0.9999998807907104,335.4149169921875,288.84796142578125,0.9994096755981445,324.53411865234375,295.24151611328125,0.001917034387588501,337.79345703125,300.9024353027344,0.03514915704727173,347.83795166015625,299.80950927734375,0.2237461507320404,350.8436279296875,288.5498046875,0.06765058636665344,339.7891845703125,278.5248718261719,0.003934264183044434
257,84.84519958496094,288.5730285644531,1.0,183.79637145996094,273.8958740234375,1.0,180.14759826660156,258.8192443847656,1.0,182.28611755371094,289.5818176269531,0.9999997615814209,305.41943359375,274.6312561035156,1.0,299.66241455078125,251.05349731445312,1.0,241.8013153076172,269.46502685546875,0.9999999403953552,303.1509704589844,262.87530517578125,1.0,375.1693115234375,259.1143493652344,0.999998927116394,466.86614990234375,252.87205505371094,1.0,181.7901611328125,305.92901611328125,0.9998155236244202,170.30453491210938,315.5235290527344,0.9645938873291016,466.4185485839844,257.4269714355469,0.00017377734184265137,466.9159851074219,253.50819396972656,0.0030302703380584717,162.16004943847656,314.6070861816406,0.003124415874481201,162.6095733642578,309.1112365722656,0.2756827473640442,166.98365783691406,307.5459899902344,0.04169085621833801,194.18812561035156,245.2557830810547,1.0,195.97996520996094,232.73716735839844,0.9999997019767761,206.2820587158203,227.43824768066406,0.9999465942382812,199.962890625,222.23817443847656,0.9999919533729553,191.13880920410156,223.46002197265625,0.9999911785125732,189.77813720703125,229.47938537597656,0.9981867671012878,189.67945861816406,235.46437072753906,0.005350828170776367,283.955810546875,232.58477783203125,0.9999994039535522,304.849853515625,223.04039001464844,0.9999983310699463,298.0200500488281,215.10604858398438,0.9999305605888367,307.696044921875,208.82118225097656,0.9999886155128479,317.89996337890625,210.86117553710938,0.999985933303833,321.7918701171875,217.3383026123047,0.9914066195487976,312.5179443359375,233.37477111816406,0.05959677696228027,312.3196105957031,295.0118713378906,0.9999999403953552,336.2200622558594,288.91583251953125,0.9999801516532898,326.8367004394531,295.0553894042969,0.0029082298278808594,337.3125915527344,301.2532043457031,0.6761013865470886,349.4680480957031,299.09039306640625,0.9326409101486206,351.6467590332031,287.7361145019531,0.7226545810699463,341.9292907714844,279.39892578125,0.007567077875137329
258,82.85140228271484,288.7891845703125,1.0,180.9974365234375,274.47393798828125,1.0,177.02239990234375,259.3078918457031,1.0,179.51443481445312,290.0653381347656,1.0,305.31341552734375,274.1089172363281,1.0,297.43536376953125,252.25575256347656,1.0,240.0377197265625,270.9462585449219,0.9999997615814209,301.6868896484375,263.963134765625,1.0,373.01959228515625,258.71527099609375,0.9999997019767761,465.6866455078125,252.2279510498047,1.0,181.6439971923828,303.5423583984375,0.9999430179595947,170.2104034423828,316.5064697265625,0.9914540648460388,234.2993927001953,290.27984619140625,0.00023806095123291016,466.0040283203125,253.1034393310547,0.0019214153289794922,162.8070068359375,314.71759033203125,0.0030378103256225586,162.23300170898438,307.55206298828125,0.2852637767791748,166.86082458496094,308.3559875488281,0.07668527960777283,193.7218017578125,245.38868713378906,0.9999998807907104,195.97149658203125,232.66921997070312,0.9999997615814209,205.9048309326172,227.32644653320312,0.9999608993530273,200.0158233642578,222.2419891357422,0.9999951124191284,191.36741638183594,222.24876403808594,0.999996542930603,189.4368896484375,229.16162109375,0.9993855953216553,189.51327514648438,234.11073303222656,0.004969269037246704,280.2497863769531,235.7024383544922,0.9999988079071045,300.66424560546875,225.33006286621094,0.9999994039535522,293.1453552246094,219.2107696533203,0.9991456866264343,302.7683410644531,212.72518920898438,0.9999820590019226,313.5745849609375,213.93077087402344,0.9998869895935059,317.2222595214844,220.9505157470703,0.9439436793327332,303.9138488769531,238.457275390625,0.011592686176300049,312.4326477050781,295.79229736328125,0.9999997019767761,336.7585144042969,288.7763977050781,0.9999933242797852,327.07049560546875,295.1015930175781,0.004222273826599121,338.265625,301.7851867675781,0.8837517499923706,350.23272705078125,299.8551940917969,0.9818028211593628,352.36566162109375,287.33642578125,0.8707441687583923,342.5429992675781,279.033203125,0.024096637964248657
259,81.61032104492188,290.0809326171875,1.0,178.7176971435547,274.6233825683594,1.0,176.2493438720703,259.7126770019531,1.0,177.21420288085938,290.0164794921875,1.0,304.25177001953125,274.5269470214844,1.0,295.4842224121094,253.01138305664062,1.0,239.53553771972656,271.5299987792969,0.9999998211860657,300.1286315917969,264.2027282714844,1.0,371.5906677246094,258.12945556640625,0.9999997019767761,463.39190673828125,251.0753173828125,1.0,181.99221801757812,303.5531921386719,0.9999704360961914,169.40956115722656,316.5965576171875,0.9921424388885498,234.0171661376953,290.0600280761719,0.00030800700187683105,464.3816223144531,252.41183471679688,0.0011410117149353027,163.06021118164062,314.78955078125,0.0024257898330688477,161.80039978027344,307.7713928222656,0.26829397678375244,166.66842651367188,308.5295104980469,0.0920245349407196,192.67210388183594,245.8213348388672,0.9999999403953552,195.6814422607422,233.0323028564453,0.9999998211860657,205.74761962890625,227.5908966064453,0.9999655485153198,199.68809509277344,222.3343048095703,0.9999966621398926,190.7270050048828,222.6238555908203,0.9999983310699463,188.89976501464844,229.57742309570312,0.9997637271881104,189.14010620117188,234.6307373046875,0.004973232746124268,278.3354797363281,236.3830108642578,0.9999995231628418,295.6908874511719,226.50991821289062,0.9999990463256836,289.14837646484375,219.36231994628906,0.9992759823799133,299.70941162109375,214.32614135742188,0.9999901652336121,310.6595764160156,217.56288146972656,0.9999867677688599,314.3376159667969,223.71791076660156,0.9909054040908813,303.4352111816406,237.94415283203125,0.021110326051712036,312.2745361328125,295.8770446777344,0.9999991655349731,337.01910400390625,288.5769958496094,0.999994158744812,329.18365478515625,297.07757568359375,0.0032446086406707764,338.9051513671875,301.24609375,0.9473706483840942,350.8083801269531,299.5090026855469,0.9963512420654297,352.6553955078125,286.9783935546875,0.9291086196899414,342.7354736328125,278.7615661621094,0.02275031805038452
260,80.02552032470703,289.59820556640625,1.0,177.57736206054688,275.1156921386719,1.0,174.8895263671875,259.5108337402344,1.0,175.41409301757812,289.88458251953125,0.9999998807907104,302.8553161621094,275.6382141113281,1.0,293.4462585449219,253.46958923339844,1.0,237.64129638671875,272.360107421875,1.0,298.5412292480469,264.7680969238281,1.0,369.74420166015625,256.862060546875,0.9999995231628418,460.6529235839844,249.3872528076172,0.9999997615814209,179.7584686279297,303.4480285644531,0.9999663233757019,168.1724395751953,316.7576904296875,0.9951805472373962,233.71182250976562,289.86639404296875,0.0007565021514892578,460.0516052246094,253.5728302001953,0.0005967915058135986,463.4999694824219,252.05380249023438,0.0007435083389282227,160.68359375,309.2062072753906,0.11404445767402649,165.49087524414062,309.4264831542969,0.05714491009712219,191.87928771972656,245.77420043945312,0.9999998807907104,195.80911254882812,232.97789001464844,0.9999998211860657,205.94863891601562,227.3834991455078,0.9999778866767883,199.64064025878906,222.2913055419922,0.9999980926513672,190.6934356689453,222.87530517578125,0.9999992251396179,188.98703002929688,229.64990234375,0.9998953342437744,189.03018188476562,234.76028442382812,0.01028183102607727,277.3349914550781,239.17120361328125,0.9999986886978149,295.84136962890625,228.29156494140625,0.9999984502792358,289.96484375,221.67674255371094,0.9957276582717896,298.4284362792969,218.46360778808594,0.9998711347579956,308.3567199707031,221.25970458984375,0.9999738931655884,312.0824890136719,225.1112823486328,0.9363499879837036,302.3939208984375,238.33111572265625,0.004528552293777466,312.0910339355469,295.8883972167969,0.999999463558197,336.5837097167969,288.4525146484375,0.9999904632568359,329.7348327636719,296.5230407714844,0.0014102160930633545,337.8524475097656,301.040771484375,0.6825088262557983,348.6650390625,299.33660888671875,0.9003263711929321,351.5330810546875,287.41259765625,0.48976126313209534,342.6509094238281,279.7080383300781,0.003911048173904419
261,78.29229736328125,289.1517639160156,1.0,175.79766845703125,275.00830078125,1.0,173.42237854003906,259.4270935058594,1.0,174.8612823486328,291.2322082519531,0.9999997019767761,301.9783935546875,276.61578369140625,1.0,291.7355651855469,255.04840087890625,1.0,235.82162475585938,272.76922607421875,0.9999998807907104,296.0942077636719,266.06158447265625,1.0,366.9922790527344,256.26702880859375,0.9999988079071045,457.505859375,247.72854614257812,0.9999998807907104,178.5552520751953,302.421875,0.9999968409538269,167.1680908203125,315.8553161621094,0.9999876618385315,175.339599609375,319.02130126953125,0.0302218496799469,171.1914825439453,323.34588623046875,0.0012024939060211182,163.9939727783203,319.9884338378906,0.2784827947616577,159.17227172851562,312.5642395019531,0.9868000745773315,162.70016479492188,309.33929443359375,0.9335345029830933,191.3948974609375,245.841552734375,0.9999998807907104,195.75770568847656,232.82672119140625,0.9999999403953552,205.84783935546875,227.09747314453125,0.9999810457229614,199.50538635253906,222.18215942382812,0.9999982118606567,190.31820678710938,223.37362670898438,0.9999985694885254,188.65879821777344,230.13478088378906,0.9997695684432983,188.9553985595703,235.30477905273438,0.0035972893238067627,272.0631408691406,240.9385986328125,0.9999992251396179,293.6445617675781,229.70054626464844,0.9999982714653015,287.98590087890625,221.76991271972656,0.9965819120407104,296.6847839355469,217.62730407714844,0.9999485015869141,305.57684326171875,221.24151611328125,0.9999926090240479,308.37713623046875,224.24317932128906,0.9879959225654602,299.06610107421875,239.85556030273438,0.0032833218574523926,311.1950988769531,297.15887451171875,0.999998927116394,334.4911193847656,288.9898376464844,0.9999779462814331,326.7301025390625,296.60406494140625,0.0006139278411865234,336.0284118652344,301.40130615234375,0.651470959186554,347.1354064941406,299.2134094238281,0.9389757513999939,350.5572814941406,287.5795593261719,0.6920456290245056,340.8479919433594,280.33526611328125,0.004728436470031738
262,76.64530944824219,289.0629577636719,1.0,174.4622802734375,274.7924499511719,1.0,172.57205200195312,259.2361755371094,1.0,173.24380493164062,291.070556640625,0.9999997615814209,300.5108947753906,277.73187255859375,1.0,288.71630859375,257.00079345703125,1.0,235.30422973632812,273.1180114746094,1.0,294.6686096191406,267.5074157714844,1.0,365.6416320800781,255.56471252441406,0.9999960660934448,454.7522888183594,245.26828002929688,1.0,177.7633819580078,302.3042297363281,0.9999978542327881,166.86402893066406,315.1017761230469,0.9999912977218628,175.19749450683594,317.97882080078125,0.026396602392196655,169.5004119873047,319.80267333984375,0.0010705292224884033,163.64334106445312,319.35760498046875,0.2203008532524109,158.81007385253906,312.13525390625,0.9861352443695068,162.58058166503906,308.88165283203125,0.9052205085754395,190.8273162841797,245.58163452148438,1.0,195.4506378173828,233.0415802001953,0.9999998211860657,205.4574737548828,227.48208618164062,0.9999161958694458,199.70513916015625,222.75640869140625,0.9999932050704956,190.63331604003906,223.35086059570312,0.9999978542327881,188.75485229492188,229.85792541503906,0.9998360872268677,188.93992614746094,234.8773956298828,0.007613718509674072,270.4793701171875,242.6660614013672,0.9999997615814209,290.056884765625,230.8689727783203,0.9999985098838806,284.5081481933594,223.30340576171875,0.999092698097229,293.4220886230469,219.09385681152344,0.9999886751174927,301.5644226074219,222.15753173828125,0.999968409538269,305.248046875,226.3748779296875,0.9962047338485718,297.25384521484375,240.04849243164062,0.01660105586051941,311.2375183105469,296.7933349609375,0.9999990463256836,334.3161315917969,288.7677001953125,0.9999847412109375,326.2913513183594,296.8134765625,0.0038368701934814453,335.2193603515625,302.3121643066406,0.835243821144104,346.4667053222656,299.791259765625,0.9281677603721619,350.1545715332031,288.2034606933594,0.7503584623336792,340.7806701660156,280.54248046875,0.005617469549179077
263,74.99905395507812,289.41839599609375,1.0,172.97216796875,274.96746826171875,1.0,171.0994415283203,259.3354187011719,1.0,171.74899291992188,291.06060791015625,0.9999998807907104,299.03900146484375,277.7533874511719,1.0,286.38360595703125,257.0503845214844,1.0,234.0580596923828,273.4248046875,1.0,292.51519775390625,267.8062744140625,1.0,363.1001281738281,255.40380859375,0.9999979734420776,452.5074157714844,241.545654296875,1.0,177.15480041503906,301.67047119140625,0.9999982118606567,167.05064392089844,314.30010986328125,0.9999949932098389,175.649169921875,316.82275390625,0.04440861940383911,170.93190002441406,320.3843688964844,0.002934008836746216,164.48080444335938,318.78662109375,0.17530593276023865,159.6569366455078,311.72784423828125,0.9798546433448792,162.61354064941406,308.1400451660156,0.8856956958770752,190.16842651367188,245.6349334716797,1.0,195.12530517578125,233.2188262939453,0.9999997615814209,205.29039001464844,227.71072387695312,0.9998539686203003,199.7832489013672,222.71417236328125,0.9999908208847046,190.43043518066406,223.20623779296875,0.9999963045120239,188.56394958496094,229.805908203125,0.9996132254600525,274.3415832519531,244.53732299804688,0.002513110637664795,268.531982421875,242.82489013671875,0.9999996423721313,288.7412414550781,232.43479919433594,0.9999972581863403,280.65423583984375,226.53936767578125,0.9997978210449219,289.572265625,219.86105346679688,0.99997878074646,299.5262756347656,221.32415771484375,0.9999194145202637,303.0461730957031,225.90379333496094,0.9895371198654175,295.91119384765625,240.448486328125,0.02015167474746704,311.56585693359375,296.0115051269531,0.9999971389770508,335.2416076660156,287.9587707519531,0.9999922513961792,326.5748291015625,296.30352783203125,0.018902689218521118,335.9002685546875,301.0667419433594,0.9516175985336304,346.8731384277344,299.01617431640625,0.9798903465270996,350.19732666015625,288.0224304199219,0.9614036083221436,342.18341064453125,279.6585693359375,0.04563027620315552
264,74.2232666015625,289.68121337890625,1.0,172.57546997070312,275.55621337890625,1.0,170.59548950195312,259.7328186035156,1.0,171.14920043945312,291.7833251953125,0.9999996423721313,299.01507568359375,278.81134033203125,1.0,286.140380859375,256.98040771484375,1.0,233.5165252685547,273.5095520019531,0.9999999403953552,293.0786437988281,268.6800842285156,1.0,361.73699951171875,254.8383026123047,0.9999987483024597,451.032958984375,239.39727783203125,1.0,176.9990234375,301.7122497558594,0.999998152256012,166.324462890625,313.864501953125,0.9999988079071045,175.23306274414062,317.0675354003906,0.508844256401062,170.1143035888672,319.6385803222656,0.0669073760509491,163.9027862548828,318.38433837890625,0.8840892314910889,158.99420166015625,311.2782897949219,0.9985615015029907,162.25759887695312,307.0520935058594,0.9881521463394165,189.19442749023438,245.42874145507812,1.0,195.24859619140625,233.13601684570312,0.9999998807907104,205.36680603027344,227.5233917236328,0.9996843338012695,199.79124450683594,222.51754760742188,0.9999885559082031,190.5563201904297,223.41488647460938,0.9999971985816956,188.80355834960938,229.70816040039062,0.999771773815155,273.60296630859375,246.0634002685547,0.004187256097793579,267.6832580566406,242.9993133544922,0.9999997615814209,287.1589050292969,233.86181640625,0.9999986886978149,280.5850830078125,226.8369598388672,0.9999479651451111,289.322265625,221.06837463378906,0.9999858736991882,299.0969543457031,223.49449157714844,0.9999207258224487,302.6714782714844,229.31271362304688,0.9721196293830872,295.7311706542969,240.3203887939453,0.02731335163116455,312.7442321777344,295.7658386230469,0.9999971389770508,336.6566162109375,288.230712890625,0.9999924898147583,329.5565185546875,297.0003967285156,0.030986875295639038,337.8462829589844,301.2008056640625,0.8973144292831421,347.036865234375,299.1837158203125,0.9558160305023193,350.52862548828125,288.9812316894531,0.8739801645278931,343.6758728027344,280.5125732421875,0.02096337080001831
265,73.17581176757812,290.0638122558594,1.0,171.58218383789062,275.52734375,1.0,169.63548278808594,259.715087890625,1.0,170.3570556640625,292.1089782714844,0.9999996423721313,298.21844482421875,279.752685546875,1.0,285.5727233886719,257.6695556640625,1.0,232.83514404296875,273.8799133300781,1.0,292.6637268066406,269.2834167480469,1.0,360.9885559082031,253.54486083984375,0.9999982118606567,449.074951171875,238.10360717773438,1.0,176.1495361328125,301.66326904296875,0.9999916553497314,165.30447387695312,313.46673583984375,0.9999973773956299,173.81080627441406,317.52008056640625,0.41834938526153564,168.7943572998047,319.4458923339844,0.10017767548561096,163.00701904296875,317.28173828125,0.852293848991394,159.1282501220703,309.6191711425781,0.9989262819290161,161.97108459472656,305.3751525878906,0.9673794507980347,188.37081909179688,245.66015625,0.9999999403953552,195.214111328125,232.94395446777344,0.9999998211860657,205.56455993652344,227.4976348876953,0.9997795820236206,199.8490753173828,222.29498291015625,0.9999915957450867,190.7005157470703,223.81553649902344,0.9999959468841553,187.95037841796875,229.94168090820312,0.9996777176856995,271.6395568847656,246.00827026367188,0.003444373607635498,266.6880187988281,243.6129150390625,0.9999997615814209,286.9690856933594,234.23965454101562,0.9999985694885254,279.5982360839844,227.65359497070312,0.9998911619186401,289.1531677246094,221.55319213867188,0.9999850988388062,299.2494812011719,222.41558837890625,0.9999380111694336,303.672119140625,228.76976013183594,0.9945809841156006,294.18450927734375,240.22283935546875,0.012283802032470703,312.6822509765625,295.4111328125,0.9999958276748657,336.31976318359375,288.7355041503906,0.9999845027923584,329.53253173828125,296.8831787109375,0.015059798955917358,336.7341613769531,301.4649658203125,0.8757610321044922,346.41217041015625,300.0810241699219,0.8213567137718201,351.0603942871094,289.892822265625,0.7673333883285522,344.86700439453125,281.7131042480469,0.021382242441177368
266,72.45853424072266,290.5046691894531,1.0,171.0159149169922,275.86431884765625,1.0,169.14906311035156,259.813232421875,1.0,169.89431762695312,292.0953369140625,0.9999998807907104,297.7319641113281,279.61083984375,1.0,285.1517028808594,257.5726623535156,1.0,232.21762084960938,274.40203857421875,1.0,292.1170349121094,269.071044921875,1.0,359.33099365234375,251.99635314941406,0.9999986886978149,447.9238586425781,237.04510498046875,1.0,175.68215942382812,301.2953796386719,0.9999915957450867,164.989013671875,311.935546875,0.9999960064888,174.14657592773438,316.8902893066406,0.1847619116306305,168.5811767578125,318.1827697753906,0.031461089849472046,163.55712890625,316.3103942871094,0.5169809460639954,160.31610107421875,309.2151184082031,0.9957758188247681,162.5089569091797,305.5196533203125,0.8969495296478271,188.03515625,245.76617431640625,0.9999998807907104,195.3204345703125,232.9712677001953,0.9999998211860657,205.6919403076172,227.25570678710938,0.9998670816421509,199.815673828125,222.33518981933594,0.9999938011169434,190.29248046875,223.03810119628906,0.9999972581863403,188.26629638671875,229.92832946777344,0.9997869729995728,271.4845275878906,246.67642211914062,0.00592389702796936,265.9930114746094,243.46656799316406,0.9999994039535522,284.6840515136719,234.2359161376953,0.9999992847442627,277.8470153808594,227.59176635742188,0.9999808073043823,287.64215087890625,221.72085571289062,0.9999932050704956,298.9716796875,223.13702392578125,0.99997878074646,302.4670104980469,230.29150390625,0.9953675270080566,292.52044677734375,241.0211944580078,0.0989302396774292,313.2875671386719,295.2178955078125,0.9999959468841553,337.084228515625,287.88214111328125,0.9999884366989136,330.455078125,296.4474792480469,0.02672979235649109,337.70684814453125,300.5873718261719,0.9008591175079346,347.65234375,298.7974548339844,0.8470889329910278,352.25933837890625,288.9176330566406,0.8900648355484009,346.0908508300781,281.07275390625,0.017680197954177856
267,72.67015838623047,290.6002197265625,1.0,170.6553192138672,275.79339599609375,1.0,169.28256225585938,260.69921875,0.9999999403953552,169.52386474609375,292.1810607910156,0.9999998807907104,296.6313781738281,279.5599365234375,1.0,284.4552307128906,257.9597473144531,0.9999998807907104,231.82400512695312,274.572998046875,1.0,291.1287536621094,269.23504638671875,1.0,357.1690368652344,251.62681579589844,0.9999995231628418,447.298095703125,236.6056365966797,1.0,175.42735290527344,301.22515869140625,0.9999909996986389,164.61639404296875,311.9435729980469,0.9999829530715942,173.01168823242188,317.3359375,0.01262173056602478,448.4142761230469,237.84881591796875,0.002416759729385376,162.29095458984375,314.6597900390625,0.16010060906410217,160.42027282714844,308.89105224609375,0.9775435924530029,162.36390686035156,306.1770324707031,0.7404749393463135,187.74453735351562,246.01547241210938,0.9999999403953552,195.259521484375,233.0796356201172,0.9999998807907104,205.86326599121094,227.4667510986328,0.9998912215232849,199.74159240722656,222.40237426757812,0.9999943971633911,190.5041046142578,223.02464294433594,0.9999977946281433,188.35525512695312,229.8996124267578,0.9998459815979004,188.12123107910156,234.9790496826172,0.004346340894699097,265.056396484375,243.6728057861328,0.9999996423721313,283.5717468261719,234.3380889892578,0.9999996423721313,275.3695373535156,227.20648193359375,0.9999986886978149,286.44720458984375,222.5160369873047,0.9999978542327881,297.8402404785156,224.794677734375,0.999997615814209,301.8536376953125,229.70504760742188,0.9988848567008972,291.3332214355469,242.51512145996094,0.40062034130096436,312.8847351074219,295.0937194824219,0.9999961853027344,336.95562744140625,287.4651794433594,0.9999908804893494,329.8253173828125,295.99371337890625,0.024511069059371948,337.39599609375,300.2588806152344,0.8931122422218323,347.75311279296875,297.69219970703125,0.9030877351760864,352.27655029296875,288.3587646484375,0.9446533918380737,345.9872131347656,279.82489013671875,0.035547226667404175
268,72.58646392822266,291.5487060546875,1.0,170.3046875,275.96343994140625,1.0,168.42996215820312,260.86065673828125,1.0,169.26942443847656,292.182861328125,0.9999999403953552,296.9994812011719,279.1510314941406,1.0,284.03497314453125,258.06561279296875,1.0,231.65231323242188,274.70440673828125,1.0,290.49249267578125,269.24432373046875,1.0,357.387939453125,251.4900360107422,0.9999995827674866,446.35150146484375,236.4308624267578,0.9999998807907104,175.219970703125,301.31707763671875,0.999992311000824,164.31655883789062,311.7561340332031,0.9999886751174927,173.18191528320312,317.0243835449219,0.024614006280899048,167.48939514160156,317.614990234375,0.003134489059448242,162.08299255371094,314.7376403808594,0.19868755340576172,160.29452514648438,308.774658203125,0.981950044631958,162.33274841308594,306.1312255859375,0.737793505191803,187.28857421875,246.216064453125,1.0,195.1504364013672,233.107666015625,0.9999998807907104,205.93594360351562,227.4698028564453,0.9999141693115234,199.8051300048828,222.42787170410156,0.9999959468841553,190.13348388671875,222.96542358398438,0.9999973773956299,187.74168395996094,230.09808349609375,0.9998267889022827,269.38372802734375,247.32662963867188,0.0035600662231445312,264.5964050292969,244.10414123535156,0.9999996423721313,282.4581604003906,233.9930877685547,0.9999996423721313,274.0260925292969,227.2631072998047,0.9999985694885254,285.7622985839844,221.52389526367188,0.9999983310699463,297.5445251464844,223.80990600585938,0.9999988079071045,301.6114807128906,229.0786590576172,0.999712347984314,291.504150390625,242.62588500976562,0.3203873634338379,312.9176025390625,294.9237976074219,0.9999934434890747,336.7641296386719,286.9060363769531,0.9999905824661255,329.1575012207031,295.762939453125,0.025317788124084473,336.99212646484375,300.0220642089844,0.9284336566925049,347.685546875,297.62652587890625,0.9547000527381897,352.24383544921875,287.946044921875,0.9644097089767456,346.0820617675781,279.09521484375,0.03519299626350403
269,72.16875457763672,291.655029296875,1.0,170.138916015625,276.5072021484375,1.0,168.1175537109375,261.315673828125,1.0,168.9849395751953,292.9489440917969,1.0,296.7530517578125,279.5086669921875,1.0,283.59979248046875,258.45697021484375,1.0,231.12197875976562,275.1661376953125,1.0,289.9817810058594,269.60791015625,1.0,357.09674072265625,251.5835418701172,0.9999995231628418,445.9492492675781,236.17388916015625,0.9999999403953552,175.16677856445312,301.7661437988281,0.9999938011169434,164.66778564453125,312.0332946777344,0.9999887943267822,174.00048828125,317.14849853515625,0.04022336006164551,168.18035888671875,318.03619384765625,0.003661215305328369,162.68458557128906,315.1811218261719,0.13749727606773376,160.5094451904297,309.42852783203125,0.9816323518753052,162.21754455566406,306.4682312011719,0.7726761698722839,186.8470001220703,246.6036834716797,1.0,194.98509216308594,233.37289428710938,0.9999998807907104,205.98013305664062,227.64816284179688,0.9999246597290039,199.74734497070312,222.5291748046875,0.9999961853027344,190.28515625,222.93853759765625,0.9999971985816956,187.69345092773438,230.1244659423828,0.9998443722724915,269.1443176269531,247.1974334716797,0.005420655012130737,264.2210998535156,244.67300415039062,0.9999997019767761,282.0842590332031,233.89283752441406,0.9999996423721313,273.4356994628906,227.08993530273438,0.9999990463256836,285.0865783691406,221.0550079345703,0.9999985694885254,296.8493957519531,223.0611572265625,0.9999992251396179,301.2185363769531,228.78982543945312,0.9998362064361572,291.23822021484375,242.69808959960938,0.3443678617477417,312.45318603515625,294.664794921875,0.9999959468841553,336.19647216796875,287.9004821777344,0.9999445080757141,330.38775634765625,296.2965393066406,0.005024522542953491,337.10040283203125,300.6769714355469,0.599709153175354,346.3163757324219,299.3315734863281,0.2695891857147217,351.6829528808594,288.665771484375,0.48301035165786743,345.3333740234375,278.66632080078125,0.0029376447200775146
270,71.22327423095703,292.52276611328125,1.0,170.22918701171875,276.93389892578125,0.9999999403953552,168.0386505126953,261.4969787597656,1.0,168.90322875976562,293.3934020996094,1.0,296.6051330566406,279.4046630859375,1.0,283.4888916015625,258.4772033691406,1.0,230.87770080566406,275.4217224121094,1.0,289.79986572265625,269.5207214355469,1.0,357.1755065917969,251.99240112304688,0.999999463558197,445.69073486328125,235.91148376464844,0.9999998807907104,174.95217895507812,302.11053466796875,0.9999909996986389,163.95785522460938,312.06634521484375,0.9999842643737793,173.0980987548828,317.6863098144531,0.01955553889274597,167.38563537597656,318.01239013671875,0.0018182992935180664,162.0850830078125,314.8531799316406,0.1381918489933014,160.1881866455078,309.2234191894531,0.9782497882843018,163.27508544921875,305.2187194824219,0.7671288251876831,186.20765686035156,247.0655059814453,1.0,195.9475860595703,233.60691833496094,1.0,206.06878662109375,228.1315460205078,0.9999397993087769,199.71142578125,222.73876953125,0.9999962449073792,191.53453063964844,223.35496520996094,0.9999980330467224,187.30213928222656,230.61016845703125,0.999882698059082,187.38209533691406,236.36305236816406,0.004960000514984131,263.7283935546875,244.41403198242188,0.9999997019767761,282.19696044921875,233.8564453125,0.9999997019767761,273.2819519042969,227.03675842285156,0.9999990463256836,285.54888916015625,220.92984008789062,0.9999985098838806,297.4369812011719,223.10879516601562,0.9999991655349731,301.43487548828125,229.1227569580078,0.9998526573181152,291.58868408203125,242.5631561279297,0.3163262903690338,312.20782470703125,295.1705322265625,0.9999954700469971,336.1031188964844,288.244140625,0.99986732006073,330.3994445800781,296.4205017089844,0.004259854555130005,336.8948059082031,300.8067932128906,0.428862988948822,345.39508056640625,300.20440673828125,0.10512003302574158,350.9278259277344,289.6477966308594,0.23918995261192322,344.93011474609375,279.3738708496094,0.0015152394771575928
271,69.95420837402344,293.062744140625,1.0,169.6407470703125,277.8681335449219,1.0,167.17440795898438,262.5708312988281,0.9999998807907104,168.2948760986328,294.1101379394531,1.0,296.1596374511719,279.9194030761719,1.0,283.19390869140625,259.01715087890625,1.0,230.49998474121094,275.5165100097656,1.0,289.2362365722656,270.183349609375,1.0,356.5825500488281,252.44912719726562,0.9999996423721313,445.91973876953125,236.52987670898438,0.9999998211860657,176.175048828125,304.3207702636719,0.9999924302101135,164.59132385253906,313.08544921875,0.9977794885635376,172.5888214111328,319.4844665527344,0.0006164610385894775,445.43145751953125,238.68882751464844,0.0010230541229248047,157.13641357421875,311.7395324707031,0.007401376962661743,158.91648864746094,309.2799987792969,0.7282052040100098,162.34738159179688,306.8889465332031,0.3565237820148468,185.81875610351562,247.62582397460938,0.9999999403953552,195.7295379638672,233.7408447265625,0.9999999403953552,206.0039520263672,228.18222045898438,0.9999665021896362,199.48831176757812,222.76113891601562,0.9999971389770508,191.28262329101562,223.4615478515625,0.9999985694885254,186.8819580078125,230.87930297851562,0.9998986721038818,186.91343688964844,236.76251220703125,0.0061570703983306885,262.66912841796875,244.66165161132812,0.9999997615814209,281.2068786621094,234.1889190673828,0.9999996423721313,272.44873046875,227.2274932861328,0.9999990463256836,284.10357666015625,221.48406982421875,0.9999987483024597,295.41143798828125,223.6539306640625,0.9999995231628418,299.6352844238281,229.5792694091797,0.9999057054519653,289.45013427734375,242.68936157226562,0.41157734394073486,312.2227478027344,294.9764404296875,0.9999927282333374,336.52239990234375,288.34185791015625,0.9999035000801086,330.71417236328125,296.5994567871094,0.00906980037689209,337.5310974121094,301.05340576171875,0.7324331402778625,346.6080627441406,299.644287109375,0.6735544204711914,351.725830078125,289.9855651855469,0.48325857520103455,345.5875244140625,282.142333984375,0.0020967423915863037
272,69.45783996582031,293.5322265625,1.0,169.0240936279297,278.8465881347656,1.0,165.64385986328125,263.2454833984375,0.9999998807907104,167.4543914794922,294.6116638183594,1.0,295.32928466796875,280.1088562011719,1.0,282.6611328125,259.25,1.0,230.7218017578125,275.43145751953125,1.0,288.54937744140625,270.407470703125,1.0,357.1091613769531,253.19236755371094,0.9999997615814209,445.96429443359375,236.94935607910156,0.9999997615814209,175.4856719970703,304.08660888671875,0.9999964237213135,165.70248413085938,313.4718933105469,0.9951037168502808,174.1748809814453,318.9117431640625,0.001357734203338623,445.80084228515625,238.87451171875,0.0008108615875244141,164.52835083007812,317.90509033203125,0.0009323656558990479,159.5271453857422,310.184814453125,0.1557008922100067,161.9700927734375,307.78558349609375,0.19465121626853943,184.6042022705078,248.4899139404297,0.9999999403953552,194.48924255371094,234.97242736816406,0.9999998807907104,205.72743225097656,228.9384002685547,0.9999718070030212,198.79147338867188,223.13336181640625,0.9999958276748657,190.94976806640625,223.64419555664062,0.9999980926513672,186.03594970703125,231.24803161621094,0.9998477101325989,187.0149688720703,237.89312744140625,0.014811545610427856,261.9055480957031,244.2284698486328,0.9999999403953552,280.5667724609375,234.58230590820312,0.9999995827674866,272.3857421875,227.44189453125,0.9999995827674866,284.37432861328125,221.4076385498047,0.9999987483024597,294.97998046875,222.51548767089844,0.9999995231628418,299.3971252441406,230.3629608154297,0.9998965263366699,289.0899353027344,242.9607696533203,0.6488248705863953,312.0728759765625,294.7222595214844,0.9999951124191284,336.9816589355469,287.5405578613281,0.9999797344207764,329.300537109375,297.0166931152344,0.04434242844581604,337.79241943359375,301.3704833984375,0.9361095428466797,347.85565185546875,298.8619079589844,0.983725905418396,352.1417541503906,289.7671203613281,0.9089846611022949,345.79248046875,280.8456115722656,0.02320203185081482
273,68.51988220214844,295.3207702636719,1.0,168.8358612060547,279.513427734375,1.0,165.2489471435547,264.0260314941406,0.9999999403953552,166.8140411376953,295.41754150390625,1.0,294.7677917480469,280.697998046875,1.0,281.8212585449219,259.8430480957031,0.9999999403953552,229.95635986328125,276.1880798339844,1.0,287.3167419433594,270.80810546875,1.0,356.76971435546875,254.09666442871094,0.9999997615814209,446.2103271484375,237.70889282226562,0.9999998211860657,174.93222045898438,304.93426513671875,0.999998927116394,166.61813354492188,316.5003662109375,0.9990692138671875,174.41456604003906,321.7662658691406,0.008460581302642822,445.7198791503906,239.18698120117188,0.0007627010345458984,164.6206512451172,318.89056396484375,0.00507691502571106,161.0701141357422,312.31207275390625,0.26855218410491943,162.10646057128906,308.4445495605469,0.3072742819786072,184.18707275390625,250.13958740234375,1.0,193.21580505371094,236.350830078125,0.9999998807907104,204.4735107421875,230.35179138183594,0.9999236464500427,197.6431884765625,224.40316772460938,0.9999933838844299,190.7201690673828,224.78785705566406,0.9999966025352478,185.4931640625,232.0458221435547,0.9993858337402344,186.28025817871094,238.45652770996094,0.010873556137084961,261.1950988769531,244.422607421875,0.9999998807907104,280.0521240234375,235.1307373046875,0.9999995231628418,271.9364318847656,227.59156799316406,0.9999995827674866,283.6400146484375,221.62193298339844,0.999998927116394,294.34576416015625,222.55099487304688,0.9999997615814209,298.7464294433594,230.70643615722656,0.9999346733093262,289.21728515625,243.09011840820312,0.4404667019844055,311.9747314453125,294.40802001953125,0.9999947547912598,336.8871765136719,287.689453125,0.999983549118042,329.2156066894531,297.2468566894531,0.055893152952194214,337.9774475097656,301.1605529785156,0.9325698614120483,348.06982421875,298.6519470214844,0.9877064228057861,351.9613342285156,289.5498352050781,0.9432357549667358,345.4917907714844,281.074951171875,0.04056656360626221
274,67.36493682861328,296.1027526855469,1.0,168.1019744873047,280.5679931640625,1.0,163.74517822265625,264.9560241699219,1.0,166.91168212890625,296.3339538574219,1.0,294.47698974609375,280.88775634765625,1.0,281.4757080078125,259.9404602050781,1.0,229.6370849609375,276.30865478515625,1.0,286.7068176269531,271.21026611328125,0.9999998807907104,356.6597595214844,255.0735626220703,0.9999996423721313,446.59234619140625,238.12559509277344,0.9999999403953552,174.9693145751953,306.86297607421875,0.9999959468841553,164.27723693847656,320.02349853515625,0.9753124713897705,172.08363342285156,325.92431640625,0.0008513927459716797,446.2082824707031,239.3852996826172,0.000581592321395874,448.0472106933594,237.397705078125,0.000327378511428833,158.11026000976562,310.73370361328125,0.03683874011039734,161.05548095703125,309.3846435546875,0.12257823348045349,183.26890563964844,249.5039825439453,1.0,192.5269317626953,236.2550811767578,0.9999994039535522,202.24383544921875,230.58941650390625,0.998625636100769,196.8606414794922,224.9709014892578,0.9998862743377686,191.36129760742188,224.70611572265625,0.9999701976776123,186.4536590576172,231.5063018798828,0.9978733062744141,185.86199951171875,237.49658203125,0.009274274110794067,260.6691589355469,244.9884796142578,0.9999998807907104,279.9347839355469,235.15357971191406,0.999999463558197,271.436767578125,227.76348876953125,0.999999463558197,283.2690124511719,221.374267578125,0.999998927116394,294.66461181640625,223.8222198486328,0.9999995827674866,298.8138427734375,230.4967803955078,0.9999085068702698,289.4786376953125,243.34884643554688,0.32933923602104187,312.71405029296875,294.9154357910156,0.9999901652336121,337.3743896484375,288.2024230957031,0.9999856948852539,329.9689025878906,297.581298828125,0.040966689586639404,338.37689208984375,301.10626220703125,0.9208319187164307,348.1812744140625,299.2351379394531,0.9866700172424316,352.1080017089844,289.96942138671875,0.9231367111206055,345.60638427734375,281.3492431640625,0.03430023789405823
275,66.67804718017578,297.3795166015625,1.0,166.9643096923828,281.9607238769531,1.0,160.97021484375,264.4689636230469,0.9999999403953552,166.0133514404297,297.675048828125,1.0,293.52801513671875,280.9969482421875,1.0,280.5021057128906,259.4379577636719,1.0,228.49136352539062,276.3280029296875,0.9999998807907104,286.8177795410156,270.4112548828125,0.9999998807907104,356.0269470214844,255.5269317626953,0.9999995231628418,445.7041931152344,238.92808532714844,1.0,174.60775756835938,308.5362854003906,0.999991774559021,162.71104431152344,321.1578369140625,0.8041855096817017,170.89064025878906,328.1716613769531,0.00035437941551208496,445.77679443359375,239.55316162109375,0.0006757974624633789,447.7410888671875,237.4766845703125,0.0003082752227783203,156.0822296142578,311.3760681152344,0.012444615364074707,159.45474243164062,310.50555419921875,0.051374077796936035,180.23976135253906,249.90789794921875,0.9999999403953552,190.0769805908203,237.0222625732422,0.9999762773513794,198.58090209960938,231.6415252685547,0.9409832954406738,194.07757568359375,225.45782470703125,0.9976860284805298,188.85357666015625,225.1099395751953,0.9996771216392517,183.95372009277344,232.04415893554688,0.91929030418396,268.5400390625,247.41285705566406,0.00360792875289917,259.7682189941406,243.7671661376953,0.9999998807907104,279.5723571777344,234.76239013671875,0.9999997615814209,271.7293395996094,226.83091735839844,0.9999995231628418,283.8127136230469,220.82948303222656,0.9999994039535522,294.21673583984375,222.20449829101562,0.9999997615814209,298.90924072265625,230.3508758544922,0.9999343156814575,290.0143127441406,242.49798583984375,0.5671666264533997,312.0786437988281,295.1852111816406,0.999992311000824,337.32037353515625,288.60479736328125,0.9999659061431885,329.9240417480469,297.6514892578125,0.008203953504562378,337.4687194824219,301.2840881347656,0.8271468877792358,347.2585754394531,300.1373291015625,0.9608584642410278,351.914794921875,291.1072998046875,0.876797080039978,343.92138671875,281.6080627441406,0.021856725215911865
276,65.80891418457031,299.4727783203125,1.0,166.4756622314453,282.82855224609375,1.0,159.04275512695312,265.57086181640625,1.0,165.8882598876953,298.1307678222656,1.0,293.06854248046875,281.1423034667969,1.0,279.9349060058594,259.61883544921875,1.0,227.82916259765625,276.70599365234375,0.9999998807907104,285.9373474121094,270.54058837890625,0.9999998807907104,355.2245178222656,256.98663330078125,0.9999997019767761,445.5697326660156,239.60958862304688,1.0,175.22962951660156,309.2987976074219,0.9999854564666748,163.56930541992188,322.177978515625,0.6361395716667175,443.3041076660156,239.82398986816406,0.0002740025520324707,445.7193908691406,239.72439575195312,0.0007488727569580078,447.6436767578125,237.6645965576172,0.0003593564033508301,159.18606567382812,320.63604736328125,0.0036585628986358643,159.28369140625,311.5390319824219,0.011628419160842896,178.16053771972656,252.9215087890625,0.9999998807907104,187.11282348632812,240.32093811035156,0.9998428821563721,195.74586486816406,234.44021606445312,0.8951340913772583,191.10552978515625,228.5002899169922,0.9907435178756714,184.79083251953125,228.0873260498047,0.995501697063446,179.42752075195312,234.95875549316406,0.43559572100639343,267.61248779296875,246.81565856933594,0.008717238903045654,259.3721618652344,243.97872924804688,1.0,279.3134460449219,234.76292419433594,0.9999995827674866,271.2310791015625,227.3374481201172,0.9999992847442627,283.1877136230469,221.06419372558594,0.9999991655349731,294.26007080078125,223.514404296875,0.9999995827674866,298.4736022949219,229.97023010253906,0.9999146461486816,290.16510009765625,244.1488800048828,0.34152936935424805,311.9935302734375,295.2755126953125,0.999993085861206,336.9610595703125,288.8072509765625,0.9998944401741028,330.41351318359375,297.5119934082031,0.0033243000507354736,337.2458190917969,300.8923034667969,0.647005558013916,347.1578063964844,300.52545166015625,0.8253573775291443,351.5542297363281,291.1146545410156,0.5911015272140503,343.63922119140625,282.3844909667969,0.007734924554824829
277,65.6032943725586,300.3841247558594,1.0,164.92532348632812,283.5061340332031,1.0,157.1200408935547,266.9246826171875,0.9999998807907104,164.78895568847656,297.96014404296875,1.0,292.4136962890625,281.3284606933594,0.9999998807907104,278.99322509765625,259.8076477050781,1.0,226.891357421875,276.8695068359375,1.0,285.1851501464844,270.5722961425781,0.9999998807907104,354.98699951171875,255.51904296875,0.9999997019767761,445.2029724121094,239.92623901367188,1.0,175.6690216064453,309.6117248535156,0.9999617338180542,164.40650939941406,322.5804138183594,0.4602714776992798,443.1614074707031,239.873046875,0.0002365410327911377,445.39794921875,239.8623504638672,0.0006112456321716309,447.3619079589844,237.75709533691406,0.0002930760383605957,160.0895538330078,322.32366943359375,0.005172222852706909,159.1237335205078,312.2735900878906,0.008070886135101318,176.80067443847656,252.65460205078125,0.9999998807907104,185.64956665039062,239.82870483398438,0.9999179840087891,193.5972900390625,232.7342071533203,0.9926097393035889,188.66867065429688,227.06910705566406,0.9980767965316772,182.3210906982422,228.5083770751953,0.9993834495544434,179.73712158203125,237.76283264160156,0.6575195789337158,264.96636962890625,250.78334045410156,0.005703747272491455,258.4908752441406,244.12168884277344,0.9999999403953552,279.9909362792969,234.77597045898438,0.9999997615814209,271.0780029296875,227.3610382080078,0.9999994039535522,283.5124816894531,220.9508514404297,0.9999992251396179,294.5643615722656,223.58187866210938,0.9999996423721313,298.6288757324219,230.13160705566406,0.999913215637207,290.64276123046875,244.34361267089844,0.22458946704864502,312.7071228027344,294.5009765625,0.9999945163726807,337.69195556640625,288.434326171875,0.9999774694442749,330.3320617675781,297.5364990234375,0.02554798126220703,337.70123291015625,300.8511047363281,0.9419006109237671,348.1380310058594,300.25634765625,0.9790476560592651,352.7383728027344,291.44854736328125,0.9457154273986816,344.6634216308594,281.7200927734375,0.0785481333732605
278,65.36213684082031,301.3415222167969,0.9999999403953552,163.57179260253906,283.44842529296875,1.0,157.74295043945312,267.62554931640625,0.9999997615814209,162.96629333496094,297.9080505371094,1.0,292.03204345703125,281.1434631347656,0.9999998807907104,278.55548095703125,259.6790771484375,1.0,226.3218994140625,276.8305358886719,0.9999999403953552,284.8200988769531,270.2933349609375,0.9999998807907104,354.4576721191406,255.17005920410156,0.9999997615814209,445.0417785644531,239.7582244873047,1.0,173.8144989013672,309.5907287597656,0.9999092817306519,162.58660888671875,322.5523376464844,0.2757858633995056,442.9670715332031,239.8282470703125,0.00025594234466552734,445.16552734375,239.74221801757812,0.0006000399589538574,447.2658996582031,237.59657287597656,0.0002815723419189453,158.10513305664062,322.03143310546875,0.005276888608932495,157.85226440429688,312.0168762207031,0.039284348487854004,173.6531982421875,252.69320678710938,0.9999998211860657,179.23707580566406,239.67088317871094,0.9996722340583801,189.00750732421875,232.0044708251953,0.9731001853942871,183.85826110839844,226.6746826171875,0.9938149452209473,177.9259033203125,227.9105682373047,0.9960580468177795,174.4512176513672,237.6126708984375,0.20157399773597717,266.8493347167969,246.53306579589844,0.004208236932754517,258.4237060546875,243.7667694091797,0.9999999403953552,279.7073669433594,234.42071533203125,0.9999997019767761,271.1578063964844,227.41537475585938,0.9999991059303284,283.7012939453125,220.8765869140625,0.9999990463256836,294.72442626953125,223.33750915527344,0.9999995231628418,298.8647155761719,229.74388122558594,0.9998669624328613,290.7563781738281,244.1408233642578,0.2854762077331543,312.4054260253906,294.3525695800781,0.9999980330467224,337.4062194824219,288.0996398925781,0.99998939037323,329.6148681640625,297.5690612792969,0.04582914710044861,337.42291259765625,301.0350341796875,0.9688392877578735,348.3041687011719,299.45159912109375,0.992402195930481,352.23876953125,290.6012268066406,0.973304808139801,344.862548828125,281.272216796875,0.08756351470947266
279,66.44331359863281,302.5960388183594,1.0,162.49583435058594,284.4670715332031,1.0,156.8894500732422,268.8950500488281,0.9999995827674866,162.86009216308594,297.958740234375,1.0,291.3345031738281,280.949951171875,0.9999998807907104,277.7663879394531,259.57958984375,1.0,225.7372283935547,276.75543212890625,0.9999999403953552,284.3388366699219,270.0530700683594,0.9999997615814209,352.4969177246094,254.41929626464844,0.9999996423721313,444.58123779296875,239.59288024902344,1.0,174.5802459716797,309.48388671875,0.9993327856063843,161.40179443359375,320.7054443359375,0.060927748680114746,442.7320556640625,239.85885620117188,0.00029200315475463867,444.900390625,239.83677673339844,0.0006309747695922852,65.16754913330078,313.28021240234375,0.0003941059112548828,157.88333129882812,321.9594421386719,0.0038582980632781982,157.8877716064453,311.5434875488281,0.02613157033920288,170.30047607421875,254.7054901123047,0.9999991655349731,173.469970703125,246.8680877685547,0.9983165264129639,177.71446228027344,242.57958984375,0.05425781011581421,175.70986938476562,237.57330322265625,0.0197446346282959,173.28245544433594,235.87335205078125,0.1215406060218811,164.46893310546875,243.7766876220703,0.08238378167152405,266.6213684082031,245.804443359375,0.005988121032714844,258.4635314941406,243.8633575439453,0.9999999403953552,279.69384765625,234.55641174316406,0.9999996423721313,271.2110900878906,227.5957794189453,0.9999990463256836,283.6705322265625,220.75418090820312,0.9999987483024597,294.7857666015625,223.1302490234375,0.9999995231628418,299.0576477050781,229.51412963867188,0.9998633861541748,290.5278625488281,244.3126220703125,0.1937800645828247,312.13702392578125,293.7381896972656,0.9999977946281433,337.0425109863281,287.59210205078125,0.9999945759773254,328.7205810546875,297.09344482421875,0.35453200340270996,337.6433410644531,300.61932373046875,0.9982683658599854,349.5733337402344,298.5488586425781,0.9995810985565186,353.6378479003906,289.66900634765625,0.9984341859817505,346.2070617675781,280.0110168457031,0.5550477504730225
280,65.74846649169922,303.3653564453125,1.0,162.1915740966797,284.1379699707031,1.0,156.15565490722656,267.55950927734375,0.9999998211860657,162.36776733398438,297.8838195800781,1.0,291.1479187011719,280.6342468261719,1.0,278.1761474609375,259.5065612792969,1.0,225.31597900390625,277.0755615234375,0.9999998807907104,284.58721923828125,269.87255859375,0.9999998807907104,352.5295715332031,254.109375,0.9999997019767761,444.15924072265625,239.21890258789062,1.0,174.76983642578125,309.76300048828125,0.9993271231651306,161.46917724609375,320.6415100097656,0.057703882455825806,442.26348876953125,239.8046417236328,0.0002658069133758545,444.33795166015625,239.73483276367188,0.0006353259086608887,65.35022735595703,313.8922119140625,0.0005440711975097656,157.6873779296875,321.26318359375,0.01328742504119873,157.87391662597656,311.221923828125,0.06274178624153137,168.9064178466797,253.38827514648438,0.999998152256012,164.33143615722656,245.3631591796875,0.9999940395355225,173.4436492919922,239.1167449951172,0.5439625978469849,166.72808837890625,236.14288330078125,0.3454076945781708,161.70626831054688,235.98141479492188,0.5259317755699158,160.39268493652344,239.3918914794922,0.23340445756912231,266.446533203125,246.3631134033203,0.002759575843811035,258.3611755371094,243.63961791992188,0.9999998807907104,280.1337585449219,234.8279266357422,0.9999997615814209,271.6284484863281,227.54693603515625,0.9999996423721313,283.7715759277344,221.0260772705078,0.9999990463256836,294.6873474121094,223.2914276123047,0.9999995827674866,298.9658203125,229.76754760742188,0.9999012351036072,289.8858642578125,244.70651245117188,0.42388805747032166,311.8349609375,293.8712463378906,0.9999977350234985,336.78155517578125,287.5713806152344,0.9999953508377075,327.747314453125,296.8220520019531,0.43133991956710815,337.3243408203125,300.7173156738281,0.9983279705047607,349.50927734375,298.4691162109375,0.9995797872543335,353.2059326171875,289.4294128417969,0.99819016456604,345.7890319824219,279.6366271972656,0.6306058168411255
281,65.4055404663086,303.92498779296875,1.0,162.74737548828125,284.312255859375,1.0,155.94703674316406,267.50494384765625,0.9999997615814209,162.4872589111328,297.4910888671875,1.0,291.0798645019531,280.5187072753906,1.0,278.17132568359375,259.4322509765625,1.0,225.49256896972656,277.0176696777344,0.9999999403953552,284.4669494628906,269.7869873046875,0.9999998211860657,352.6985168457031,253.9683837890625,0.9999997615814209,443.2615661621094,239.0611572265625,0.9999998807907104,174.76065063476562,309.9267578125,0.987834095954895,160.25181579589844,322.2004699707031,0.004328787326812744,441.9540710449219,239.7071075439453,0.00017511844635009766,443.724365234375,239.6967010498047,0.0004359781742095947,65.09403991699219,314.5060119628906,0.0008215010166168213,157.25563049316406,322.4534912109375,0.0017735660076141357,157.95025634765625,311.8787536621094,0.0220051109790802,165.23390197753906,254.17140197753906,0.9999986886978149,160.67111206054688,244.96897888183594,0.9999890923500061,170.19371032714844,239.51609802246094,0.5904553532600403,164.5570831298828,235.89788818359375,0.40551963448524475,160.18019104003906,234.572265625,0.3795795440673828,158.16848754882812,238.57852172851562,0.11701017618179321,153.57806396484375,254.14297485351562,0.0037432610988616943,258.4385681152344,243.46685791015625,0.9999999403953552,280.1046447753906,234.5853729248047,0.9999998807907104,272.1337890625,227.47738647460938,0.9999996423721313,284.23699951171875,221.0726776123047,0.9999991059303284,295.2630615234375,223.48468017578125,0.9999994039535522,299.17919921875,229.7487335205078,0.999805212020874,289.59320068359375,242.84353637695312,0.32046183943748474,311.1873779296875,293.9665832519531,0.9999975562095642,336.7787170410156,287.7499694824219,0.9999938011169434,327.81591796875,296.83270263671875,0.22090181708335876,337.4700927734375,300.4373474121094,0.9887892007827759,349.5030822753906,298.52166748046875,0.9982859492301941,352.79498291015625,289.08868408203125,0.9921976327896118,345.6228942871094,279.73199462890625,0.2861837148666382
282,65.43282318115234,304.67388916015625,1.0,163.15293884277344,284.1221618652344,1.0,154.97987365722656,269.0436706542969,0.9999996423721313,162.31590270996094,297.38958740234375,0.9999998807907104,290.5385437011719,280.71661376953125,1.0,277.80548095703125,259.7588195800781,1.0,225.26953125,276.93365478515625,0.9999998807907104,283.8983154296875,270.0265808105469,0.9999998807907104,352.578369140625,254.0965576171875,0.9999996423721313,443.4830322265625,239.24058532714844,1.0,174.1997833251953,310.3980712890625,0.9856606721878052,445.80682373046875,242.4241943359375,0.00426909327507019,442.0254211425781,239.80499267578125,0.00021097064018249512,444.02154541015625,239.6865234375,0.0005103349685668945,65.10298156738281,314.5447998046875,0.0009731948375701904,156.52633666992188,323.19415283203125,0.001063317060470581,157.8334503173828,312.3601379394531,0.01218673586845398,163.54151916503906,254.55108642578125,0.9999992847442627,156.11062622070312,246.7437286376953,0.9999929666519165,163.0430450439453,241.84307861328125,0.9334449768066406,159.15884399414062,237.53497314453125,0.6633882522583008,153.1993865966797,235.3443603515625,0.5518882870674133,148.0211944580078,238.58262634277344,0.7769801020622253,149.1039276123047,246.32984924316406,0.36286458373069763,258.2552185058594,243.80465698242188,1.0,280.2715148925781,234.80128479003906,0.9999998807907104,272.1118469238281,227.78363037109375,0.9999997019767761,284.0697021484375,221.2396697998047,0.9999990463256836,295.07672119140625,223.51307678222656,0.9999994039535522,299.1375427246094,229.87307739257812,0.9997884035110474,289.3746643066406,242.97805786132812,0.29749321937561035,310.95037841796875,293.70147705078125,0.9999967813491821,336.961181640625,287.9312744140625,0.9999913573265076,328.5020751953125,297.1650085449219,0.13149932026863098,337.697265625,300.5978088378906,0.971673846244812,349.40509033203125,299.0284729003906,0.99677973985672,352.76446533203125,289.4613342285156,0.9886587858200073,345.5461120605469,280.0732727050781,0.23424315452575684
283,65.74199676513672,305.524169921875,1.0,162.98606872558594,283.3668518066406,0.9999999403953552,155.0325927734375,270.087890625,0.9999960660934448,162.18309020996094,296.9156188964844,0.9999996423721313,290.24078369140625,280.9800720214844,1.0,277.7032775878906,259.7803649902344,1.0,225.34628295898438,276.86712646484375,0.9999998807907104,283.5971374511719,270.14373779296875,0.9999998807907104,352.6469421386719,253.95831298828125,0.9999997019767761,442.2854309082031,239.31253051757812,0.9999998807907104,174.09677124023438,310.6863708496094,0.9916373491287231,159.00775146484375,323.129150390625,0.010976046323776245,441.5973815917969,239.64443969726562,0.0002338886260986328,443.3090515136719,239.55247497558594,0.0005327761173248291,64.8038558959961,314.9936828613281,0.0010151267051696777,155.60475158691406,322.65289306640625,0.0030209124088287354,157.6591339111328,311.95648193359375,0.03914374113082886,159.43753051757812,252.36099243164062,0.9999651312828064,146.84988403320312,245.76280212402344,0.9996978044509888,155.11935424804688,237.85098266601562,0.022669166326522827,152.5611572265625,232.58689880371094,0.0032023489475250244,147.9319305419922,231.1797332763672,0.03344625234603882,145.19412231445312,235.50146484375,0.06269335746765137,144.56324768066406,242.7864532470703,0.013112276792526245,258.13165283203125,243.901611328125,0.9999998807907104,280.4045715332031,234.56056213378906,0.9999998807907104,271.8778076171875,227.6089324951172,0.999999463558197,284.38751220703125,221.18841552734375,0.9999992847442627,295.41552734375,223.73060607910156,0.9999992847442627,299.15631103515625,230.07559204101562,0.9996932744979858,289.3680725097656,242.8262481689453,0.16062569618225098,310.60821533203125,293.8912048339844,0.9999984502792358,336.52911376953125,288.23089599609375,0.9999909400939941,327.5576477050781,297.4237060546875,0.15770742297172546,335.88372802734375,301.4330749511719,0.9756811857223511,348.7148742675781,299.3324890136719,0.9958931803703308,352.5303649902344,290.035400390625,0.9890943765640259,345.4477233886719,281.05657958984375,0.3193614184856415
284,65.78630065917969,306.7144775390625,1.0,162.1889190673828,284.5268859863281,1.0,154.16404724121094,271.8006286621094,0.9999982714653015,161.39710998535156,298.0850830078125,0.9999998807907104,290.0306396484375,281.2654113769531,0.9999998807907104,277.35302734375,260.5172119140625,1.0,224.36180114746094,277.2215270996094,0.9999997615814209,283.5243835449219,270.8294372558594,0.9999999403953552,351.4728698730469,254.6587371826172,0.9999994039535522,442.7525634765625,238.84536743164062,0.9999998807907104,173.7509002685547,311.2328186035156,0.9978898763656616,159.3284454345703,322.5721130371094,0.027906298637390137,441.63116455078125,239.6329803466797,0.00023499131202697754,443.3581848144531,239.48562622070312,0.0006028413772583008,64.43523406982422,315.18133544921875,0.0012304186820983887,155.4503936767578,322.2829895019531,0.008898138999938965,158.35585021972656,312.3311767578125,0.06920775771141052,153.59019470214844,251.53680419921875,0.9999978542327881,142.1659393310547,244.1371307373047,0.9999333024024963,150.85365295410156,237.6173553466797,0.22194620966911316,146.1774139404297,231.90187072753906,0.42855486273765564,140.1689453125,230.49545288085938,0.7660335302352905,133.63027954101562,240.79595947265625,0.5467755198478699,136.9937744140625,246.63851928710938,0.1831895112991333,257.7540283203125,244.8751983642578,0.9999998807907104,280.0290832519531,235.06747436523438,0.9999998807907104,271.66162109375,227.94117736816406,0.999999463558197,283.8244323730469,221.6349639892578,0.9999992251396179,294.72076416015625,223.85626220703125,0.9999994039535522,298.6832580566406,230.2571258544922,0.9997546672821045,289.8718566894531,245.10302734375,0.20084553956985474,310.925048828125,294.064453125,0.9999982118606567,336.7151794433594,288.8073425292969,0.9999905824661255,328.4728698730469,297.5414733886719,0.07904127240180969,336.563720703125,301.2626037597656,0.9329079389572144,348.8447265625,299.6139831542969,0.9930357933044434,352.51739501953125,290.39373779296875,0.9796890020370483,345.23712158203125,281.5052795410156,0.2287217378616333
285,66.1619873046875,307.9596862792969,1.0,162.2600860595703,284.5534362792969,0.9999998807907104,153.67672729492188,271.2355041503906,0.9999986886978149,161.3800811767578,298.0487976074219,0.9999999403953552,290.05108642578125,281.3423156738281,0.9999998807907104,277.1470947265625,260.55755615234375,1.0,224.40846252441406,277.48284912109375,0.9999997615814209,283.58465576171875,271.0013732910156,0.9999998807907104,350.89642333984375,255.3688201904297,0.9999992251396179,441.9769287109375,239.06198120117188,1.0,173.97177124023438,311.2348937988281,0.9944593906402588,159.07781982421875,323.67572021484375,0.011833667755126953,441.3697814941406,239.54412841796875,0.0002402663230895996,442.7974548339844,239.40896606445312,0.0006075203418731689,64.23141479492188,315.40826416015625,0.0009717643260955811,153.5581817626953,312.0360107421875,0.004304558038711548,158.91873168945312,313.51678466796875,0.03335219621658325,154.36183166503906,250.46644592285156,0.9999984502792358,134.6143798828125,247.66769409179688,0.9999970197677612,142.7332000732422,240.5265350341797,0.9670706987380981,137.44297790527344,238.42665100097656,0.9146648645401001,128.05718994140625,237.72105407714844,0.954596757888794,126.76620483398438,243.49374389648438,0.9643957614898682,132.32122802734375,252.1792449951172,0.8661966323852539,257.3611755371094,244.8429718017578,0.9999998807907104,279.93084716796875,235.10069274902344,0.9999998807907104,271.5841979980469,227.89468383789062,0.999999463558197,283.7740478515625,221.70225524902344,0.9999992847442627,294.8240966796875,223.82281494140625,0.9999995231628418,298.8211669921875,230.21163940429688,0.999774694442749,289.9185791015625,244.98223876953125,0.23398849368095398,310.9549560546875,294.07794189453125,0.9999992847442627,336.1676025390625,288.48236083984375,0.9999902248382568,327.69525146484375,297.2341003417969,0.10155260562896729,336.02557373046875,300.99609375,0.9743602275848389,348.68621826171875,298.9458312988281,0.995877206325531,352.35650634765625,289.95025634765625,0.9836679100990295,344.8448486328125,280.97784423828125,0.2603105902671814
286,66.36079406738281,309.1730041503906,1.0,161.38937377929688,284.9585876464844,0.9999999403953552,152.9597625732422,272.9320373535156,0.9999798536300659,161.263671875,297.60546875,0.9999995827674866,289.57550048828125,281.7728271484375,0.9999998211860657,276.5547180175781,261.1817321777344,1.0,224.9673614501953,277.4901428222656,0.9999999403953552,283.0577392578125,271.5030822753906,0.9999998807907104,350.86016845703125,254.7646484375,0.9999990463256836,441.6805114746094,239.25772094726562,1.0,173.1759796142578,312.4313049316406,0.989606499671936,159.57431030273438,324.31683349609375,0.01755732297897339,441.1160888671875,239.5664825439453,0.0003574788570404053,442.34222412109375,239.3302001953125,0.0009486377239227295,64.16699981689453,315.6455993652344,0.0013515353202819824,152.73414611816406,312.75433349609375,0.0093802809715271,158.8801727294922,314.1678771972656,0.044204264879226685,149.51878356933594,250.31182861328125,0.9999980330467224,128.92539978027344,248.0819854736328,0.9999954700469971,137.78562927246094,239.40878295898438,0.9752936363220215,132.83937072753906,238.10287475585938,0.9442362785339355,124.682373046875,238.36172485351562,0.957593560218811,121.21076202392578,244.8470916748047,0.9383941888809204,127.96171569824219,252.33383178710938,0.8663375377655029,257.31231689453125,245.15650939941406,0.9999998807907104,279.92718505859375,235.54751586914062,0.9999998211860657,271.61956787109375,227.92945861816406,0.999998927116394,283.38970947265625,221.99632263183594,0.9999991655349731,294.4807434082031,223.80731201171875,0.9999995827674866,298.791259765625,230.00584411621094,0.9997976422309875,290.2127380371094,244.86976623535156,0.10333135724067688,310.54534912109375,293.95477294921875,0.9999989867210388,336.46173095703125,288.63720703125,0.9999922513961792,327.54412841796875,297.5072326660156,0.12690815329551697,335.9862365722656,301.3531188964844,0.9668036699295044,349.5066833496094,298.87066650390625,0.9978935122489929,353.00372314453125,289.5965270996094,0.9894310235977173,344.6576232910156,280.93829345703125,0.41274282336235046
287,66.1250991821289,310.30682373046875,1.0,160.77719116210938,286.0408935546875,0.9999998807907104,151.80477905273438,273.83331298828125,0.9999963641166687,161.48207092285156,299.18048095703125,0.9999997615814209,288.9878234863281,281.6921691894531,0.9999997019767761,276.33270263671875,261.2427673339844,1.0,224.26870727539062,277.7223815917969,0.9999997019767761,282.7388610839844,271.4013671875,0.9999998807907104,350.86279296875,255.38031005859375,0.9999991655349731,441.466064453125,239.25845336914062,1.0,172.4536895751953,312.65087890625,0.9950072765350342,158.8203125,324.2443542480469,0.01849675178527832,440.98028564453125,239.36636352539062,0.0004063248634338379,442.2115173339844,239.27725219726562,0.0011060833930969238,63.853919982910156,315.87054443359375,0.0011276602745056152,152.5364227294922,312.3802185058594,0.012140452861785889,158.51837158203125,313.9663391113281,0.040683478116989136,149.1774444580078,252.6344757080078,0.9999936819076538,131.31796264648438,250.3708038330078,0.9998990297317505,136.37741088867188,241.7284698486328,0.045983701944351196,132.45816040039062,240.21978759765625,0.018705815076828003,126.65795135498047,240.05743408203125,0.09675803780555725,121.05670166015625,249.39273071289062,0.10235899686813354,133.38970947265625,257.81500244140625,0.12475863099098206,256.9383239746094,244.52577209472656,0.9999998807907104,280.37420654296875,235.59521484375,0.9999998807907104,271.565673828125,228.02235412597656,0.9999992847442627,283.8057556152344,221.75384521484375,0.9999991655349731,294.87152099609375,223.8262481689453,0.9999995231628418,299.00689697265625,230.30828857421875,0.9997719526290894,290.33551025390625,244.903564453125,0.10592404007911682,310.8393249511719,294.05743408203125,0.9999980926513672,336.93377685546875,288.5247802734375,0.9999922513961792,328.3957214355469,297.4830017089844,0.07960671186447144,338.33880615234375,301.1356506347656,0.9417414665222168,350.105712890625,298.5364074707031,0.9981642961502075,352.9410705566406,289.0966796875,0.9892066121101379,344.7756652832031,280.95513916015625,0.3129604458808899
288,66.55704498291016,311.6396179199219,1.0,159.36146545410156,286.253173828125,0.9999998807907104,150.1949920654297,273.6502380371094,0.9999976754188538,160.42466735839844,299.7265930175781,0.9999997615814209,288.40533447265625,281.8409423828125,0.9999997615814209,276.33856201171875,261.12603759765625,1.0,223.90834045410156,277.6453857421875,0.9999997019767761,282.5329284667969,271.402587890625,0.9999998807907104,350.76171875,255.2284393310547,0.9999992847442627,441.19171142578125,239.75418090820312,1.0,173.09066772460938,312.3503112792969,0.9966020584106445,158.81813049316406,324.3594970703125,0.017476946115493774,440.9688415527344,239.33900451660156,0.00037172436714172363,442.2670593261719,239.363525390625,0.001205354928970337,63.8764762878418,316.0014343261719,0.0014981627464294434,152.4050750732422,312.525390625,0.01625385880470276,158.1785430908203,314.21087646484375,0.04860016703605652,147.89837646484375,254.02955627441406,0.9999989867210388,129.00119018554688,252.36117553710938,0.9998737573623657,132.55453491210938,243.78652954101562,0.11551809310913086,128.4882354736328,242.29624938964844,0.21755799651145935,120.64643096923828,244.77215576171875,0.6342695951461792,119.10993957519531,253.0148162841797,0.7074669003486633,129.1033477783203,259.8210754394531,0.8319483995437622,257.3801574707031,244.51075744628906,0.9999999403953552,280.5650939941406,235.39601135253906,0.9999998807907104,271.8840637207031,227.73538208007812,0.9999995231628418,284.06976318359375,221.79428100585938,0.9999992251396179,294.95623779296875,223.94654846191406,0.9999995231628418,298.9635009765625,230.11166381835938,0.9998653531074524,290.0837707519531,244.8579559326172,0.13416114449501038,311.02984619140625,293.7447814941406,0.9999979734420776,337.2679138183594,288.4722900390625,0.9999978542327881,328.3273010253906,297.6527404785156,0.56342613697052,338.9530334472656,301.52197265625,0.9948238134384155,351.3780212402344,298.8835144042969,0.999675452709198,353.6307373046875,288.99298095703125,0.998475193977356,344.96197509765625,279.86871337890625,0.7940914034843445
289,65.82716369628906,313.6195068359375,1.0,158.28594970703125,286.3200988769531,0.9999998807907104,148.2525634765625,272.4740905761719,0.9999991655349731,159.90805053710938,300.07147216796875,0.9999998807907104,288.523681640625,281.7192077636719,0.9999997615814209,276.5931396484375,260.9637145996094,1.0,223.70303344726562,277.5400085449219,0.9999997615814209,282.6181640625,271.3281555175781,0.9999998807907104,350.7152099609375,255.2697296142578,0.9999994039535522,441.46014404296875,239.74655151367188,1.0,172.54356384277344,311.72705078125,0.9982699155807495,158.9106903076172,323.8169860839844,0.03581163287162781,440.92340087890625,239.5207061767578,0.0003383755683898926,442.1109313964844,239.44247436523438,0.0009524226188659668,63.21674728393555,316.2867431640625,0.0008940994739532471,152.72227478027344,313.08740234375,0.02384883165359497,157.86026000976562,314.00640869140625,0.10041341185569763,145.34759521484375,254.54576110839844,0.9999994039535522,124.2266845703125,254.19754028320312,0.9999936819076538,129.54554748535156,245.9136199951172,0.7562078237533569,123.74468994140625,245.22389221191406,0.9138879776000977,115.98509979248047,247.59793090820312,0.9867894649505615,115.1313705444336,256.0106506347656,0.9941352009773254,125.36688232421875,262.70660400390625,0.9879090785980225,257.1478271484375,244.48324584960938,0.9999999403953552,280.37799072265625,235.73507690429688,0.9999998807907104,271.9523620605469,227.7450714111328,0.9999996423721313,284.09466552734375,221.60391235351562,0.9999994039535522,295.18072509765625,224.0113067626953,0.9999995827674866,299.31878662109375,230.63583374023438,0.9998889565467834,289.71533203125,245.2667236328125,0.16618990898132324,311.1731262207031,293.9079895019531,0.9999978542327881,337.4909973144531,288.6254577636719,0.999998152256012,328.7218933105469,297.8324279785156,0.4203602969646454,339.2467041015625,301.6981201171875,0.9909099340438843,351.4986572265625,299.1310729980469,0.9996175765991211,353.6090087890625,289.1141052246094,0.9984240531921387,345.10845947265625,279.96112060546875,0.8010724782943726
290,65.71978759765625,313.0877685546875,0.9999999403953552,158.03233337402344,287.0241394042969,0.9999998807907104,147.9223175048828,273.0896911621094,0.9999992847442627,160.16046142578125,300.6011962890625,0.9999998807907104,286.6439514160156,282.6533203125,0.9999995231628418,275.8215637207031,260.7672424316406,1.0,223.69345092773438,277.9644775390625,0.9999996423721313,281.6260681152344,271.31475830078125,0.9999998807907104,350.25738525390625,254.91140747070312,0.9999992847442627,440.6769104003906,239.86148071289062,1.0,172.39630126953125,311.7021789550781,0.9939159154891968,157.93003845214844,324.46380615234375,0.008183777332305908,440.6916809082031,239.56549072265625,0.0003317594528198242,441.69317626953125,239.40870666503906,0.001014798879623413,63.17658233642578,316.15362548828125,0.0006437003612518311,152.9748077392578,312.751220703125,0.03460606932640076,157.93124389648438,314.1663818359375,0.07900461554527283,142.4685516357422,254.5213623046875,0.9999990463256836,119.74041748046875,255.0602264404297,0.9999996423721313,125.74320220947266,246.81387329101562,0.9916523098945618,118.32157897949219,246.24978637695312,0.9975031614303589,111.31765747070312,248.6855010986328,0.9992166757583618,111.634521484375,258.06982421875,0.9994057416915894,121.20685577392578,264.9695739746094,0.9986618757247925,256.8681640625,244.04107666015625,0.9999998807907104,280.3157043457031,235.7881317138672,0.9999998807907104,271.916259765625,228.0504608154297,0.999999463558197,283.93792724609375,221.70523071289062,0.9999991655349731,295.0539855957031,224.01251220703125,0.9999994039535522,299.328369140625,230.5903778076172,0.9998059272766113,289.61669921875,245.41209411621094,0.13866651058197021,310.0815124511719,293.6704406738281,0.9999979734420776,336.8903503417969,288.580078125,0.9999985694885254,328.3624572753906,298.0881652832031,0.4488906264305115,339.1459045410156,301.68389892578125,0.992405116558075,351.19476318359375,299.0227966308594,0.9997234344482422,353.2422180175781,289.09124755859375,0.9988151788711548,344.7579650878906,280.359619140625,0.8790769577026367
291,65.53549194335938,314.3828430175781,0.9999997615814209,158.5863037109375,287.9953308105469,0.9999997615814209,147.99850463867188,273.56915283203125,0.9999990463256836,160.68771362304688,300.4892272949219,0.9999995827674866,287.4974670410156,281.1925048828125,0.9999994039535522,275.63165283203125,260.7790222167969,1.0,223.52223205566406,277.8872985839844,0.9999997615814209,281.14520263671875,271.5386962890625,0.9999998807907104,350.3593444824219,255.0208740234375,0.9999990463256836,441.05096435546875,240.0208740234375,1.0,168.21372985839844,314.5400390625,0.9413919448852539,444.32684326171875,241.37698364257812,0.0036624372005462646,440.8233337402344,239.5489959716797,0.00032007694244384766,441.95941162109375,239.5074462890625,0.0010289549827575684,62.91643524169922,316.8992004394531,0.0008470714092254639,152.79135131835938,312.091064453125,0.009013861417770386,157.78887939453125,314.4997253417969,0.019853979349136353,141.94668579101562,255.45457458496094,0.9999994039535522,117.40533447265625,257.3896484375,1.0,122.7490234375,248.84707641601562,0.9981160163879395,116.07293701171875,247.92416381835938,0.9999045133590698,108.88159942626953,252.88209533691406,0.9999806880950928,110.24485778808594,261.9157409667969,0.9999501705169678,121.32746887207031,266.908203125,0.9998582005500793,256.8688049316406,243.81964111328125,0.9999997615814209,280.1866455078125,235.2269744873047,0.9999998211860657,272.3033142089844,227.68702697753906,0.9999994039535522,284.15191650390625,221.81935119628906,0.9999991655349731,295.1859130859375,224.0618896484375,0.9999994039535522,299.3132019042969,230.3773956298828,0.9998327493667603,289.91351318359375,245.1444549560547,0.12892785668373108,310.14544677734375,293.15386962890625,0.9999983310699463,336.4663391113281,288.3236083984375,0.9999988079071045,328.32769775390625,298.240966796875,0.7152195572853088,339.2970886230469,301.5002746582031,0.9986963272094727,351.1195983886719,298.9203186035156,0.9998926520347595,353.4035949707031,289.0406494140625,0.9995943307876587,344.42108154296875,280.09161376953125,0.9274970293045044
292,65.64422607421875,314.9500427246094,0.9999997615814209,158.19876098632812,287.8030700683594,0.9999996423721313,147.4104461669922,273.627685546875,0.9999986886978149,159.9656219482422,300.26849365234375,0.9999995231628418,287.12066650390625,281.1329650878906,0.9999996423721313,275.6949768066406,260.55548095703125,1.0,223.22647094726562,277.6896057128906,0.9999998807907104,280.9112243652344,271.3668518066406,0.9999998807907104,349.7750549316406,254.86322021484375,0.9999992847442627,440.46978759765625,239.75357055664062,1.0,167.7685546875,314.0530090332031,0.9693351984024048,156.456298828125,324.0141296386719,0.009643524885177612,440.5585021972656,239.3405303955078,0.0002956390380859375,441.61871337890625,239.35020446777344,0.0010768771171569824,63.065650939941406,316.92498779296875,0.0007634162902832031,152.48464965820312,311.9914855957031,0.016404777765274048,156.84616088867188,313.5211181640625,0.03545263409614563,139.6616973876953,257.2922668457031,0.9999977350234985,116.54452514648438,258.6019287109375,1.0,121.65335083007812,249.34413146972656,0.9996638298034668,113.8487319946289,249.1599884033203,0.9999839067459106,107.22918701171875,255.3987579345703,0.9999978542327881,109.60037994384766,265.2483825683594,0.9999753832817078,121.4154281616211,268.59991455078125,0.9999438524246216,256.89324951171875,242.95883178710938,0.9999998807907104,280.343505859375,235.01937866210938,0.9999998211860657,272.77880859375,227.2060089111328,0.9999997019767761,284.81634521484375,221.6285400390625,0.9999994039535522,295.5933532714844,224.0608673095703,0.9999996423721313,299.23626708984375,230.26455688476562,0.99991774559021,289.90203857421875,244.67701721191406,0.2267388105392456,310.2235107421875,293.062255859375,0.9999983310699463,336.672119140625,288.38360595703125,0.9999991655349731,328.87408447265625,298.29217529296875,0.7607530951499939,339.8529357910156,301.3553771972656,0.9989587664604187,351.4554138183594,298.6728820800781,0.9999271631240845,353.49163818359375,288.72802734375,0.9996970295906067,344.36871337890625,279.57342529296875,0.9653937220573425
293,65.64417266845703,315.53082275390625,0.9999998807907104,158.0739288330078,288.20721435546875,0.9999997019767761,147.2724609375,273.5904541015625,0.9999990463256836,159.728759765625,300.9381103515625,0.9999991655349731,287.2131652832031,280.803466796875,0.9999997615814209,275.5973205566406,260.3988952636719,1.0,223.33096313476562,277.68780517578125,0.9999998211860657,281.1347351074219,271.12261962890625,0.9999998807907104,350.39617919921875,255.06802368164062,0.999998927116394,439.76763916015625,240.77818298339844,1.0,167.35269165039062,313.9834899902344,0.987228512763977,156.91064453125,323.9793395996094,0.019596129655838013,440.52496337890625,239.2726593017578,0.00035187602043151855,441.2618408203125,239.3243865966797,0.0011087357997894287,63.0157356262207,316.7972106933594,0.0005240142345428467,152.24969482421875,312.162353515625,0.015754342079162598,156.79161071777344,314.0251770019531,0.02992066740989685,138.26478576660156,257.4388732910156,0.9999994039535522,114.43598175048828,259.5065002441406,1.0,120.00497436523438,249.5914306640625,0.9999421834945679,111.5289535522461,250.9707794189453,0.999991774559021,104.75255584716797,256.90411376953125,0.9999969005584717,107.68067169189453,267.9122619628906,0.9999805092811584,118.94402313232422,269.4607849121094,0.9999201893806458,257.1513671875,243.2533416748047,0.9999998211860657,280.3730773925781,234.99026489257812,0.9999998807907104,272.9062194824219,226.9764404296875,0.9999995827674866,284.9088134765625,221.6638641357422,0.9999994039535522,295.72479248046875,224.13833618164062,0.9999995827674866,299.0643615722656,230.44741821289062,0.9998932480812073,290.14288330078125,244.5000457763672,0.11080732941627502,308.6584777832031,293.5848388671875,0.9999974966049194,336.1349792480469,288.4910583496094,0.9999951124191284,327.1536865234375,297.7890930175781,0.05892869830131531,338.0657043457031,301.2220458984375,0.9461796283721924,349.6834411621094,298.534423828125,0.997933030128479,352.2845764160156,288.7467041015625,0.9939273595809937,344.1163024902344,280.4078063964844,0.6011105179786682
294,65.47808837890625,315.7255554199219,0.9999996423721313,158.9136962890625,287.7364807128906,0.9999997019767761,148.8364715576172,273.7373962402344,0.9999987483024597,160.03518676757812,300.96954345703125,0.9999992847442627,286.75311279296875,280.8421936035156,0.9999997615814209,275.12506103515625,260.279296875,1.0,223.4446563720703,277.6511535644531,0.9999999403953552,280.70562744140625,271.08135986328125,0.9999998807907104,349.3994140625,255.67129516601562,0.9999987483024597,440.3868103027344,240.70819091796875,1.0,167.0648651123047,314.08538818359375,0.9904597401618958,156.1260528564453,323.84698486328125,0.02437034249305725,440.7557067871094,239.3724365234375,0.0002601146697998047,441.6732177734375,239.474609375,0.0008816421031951904,63.040428161621094,316.94482421875,0.0006685256958007812,151.822265625,312.1528625488281,0.017986387014389038,156.6026153564453,313.9787902832031,0.02675667405128479,135.84547424316406,258.20098876953125,0.999998927116394,112.03910827636719,260.87091064453125,1.0,117.83686065673828,250.8698272705078,0.9999923706054688,108.70448303222656,252.15457153320312,0.9999978542327881,101.98928833007812,258.70684814453125,0.9999997615814209,104.36944580078125,269.6795349121094,0.9999920129776001,116.14165496826172,271.13250732421875,0.9999693632125854,256.9412841796875,242.66949462890625,0.9999997615814209,280.59912109375,234.83692932128906,0.9999998807907104,273.2210693359375,226.8582000732422,0.9999994039535522,284.9585876464844,221.72779846191406,0.9999994039535522,295.71209716796875,224.17138671875,0.9999995827674866,299.14849853515625,230.1300506591797,0.9998974204063416,290.6494140625,244.1389923095703,0.10123828053474426,308.2449035644531,293.6596374511719,0.9999986290931702,335.83856201171875,288.44769287109375,0.9999885559082031,326.94677734375,297.3931884765625,0.02863028645515442,336.9660339355469,300.91937255859375,0.8049066662788391,348.4959411621094,298.9217224121094,0.9908167123794556,351.74853515625,289.51123046875,0.9775952100753784,343.9874267578125,280.8387451171875,0.3135746121406555
295,64.6971435546875,316.1263732910156,0.9999997615814209,158.4638214111328,287.525390625,0.9999996423721313,148.15257263183594,274.1124267578125,0.9999982714653015,160.25717163085938,300.7677307128906,0.9999990463256836,286.45953369140625,280.64813232421875,0.9999998807907104,275.13922119140625,260.1861877441406,1.0,223.6431884765625,277.4051208496094,0.9999998807907104,280.2879638671875,270.96942138671875,0.9999999403953552,349.2909851074219,255.96652221679688,0.9999984502792358,440.739013671875,240.41189575195312,1.0,166.62791442871094,313.7335205078125,0.9740948677062988,155.1733856201172,323.8756408691406,0.008571118116378784,441.0069885253906,239.51612854003906,0.000294417142868042,442.0043640136719,239.5856170654297,0.0010225176811218262,62.65526580810547,317.0107421875,0.0006332993507385254,151.77793884277344,311.6661682128906,0.0163230299949646,156.39031982421875,313.4229736328125,0.028443455696105957,135.0956573486328,258.390625,0.9999986886978149,111.50248718261719,261.4856262207031,1.0,116.31294250488281,251.1827850341797,0.9999839067459106,107.40359497070312,252.10952758789062,0.9999959468841553,100.63385009765625,258.304443359375,0.9999997615814209,104.11518096923828,268.9945068359375,0.9999852180480957,115.04326629638672,270.79669189453125,0.9999467730522156,257.2533874511719,242.5955352783203,0.9999997019767761,280.75799560546875,234.8302001953125,0.9999998807907104,273.189697265625,226.9250030517578,0.9999991655349731,285.090576171875,221.9505615234375,0.9999994039535522,295.8096923828125,224.32325744628906,0.9999994039535522,299.0812072753906,230.04762268066406,0.9998569488525391,290.6038818359375,244.12892150878906,0.05447849631309509,307.892578125,293.26287841796875,0.9999980926513672,336.0206604003906,288.5138854980469,0.999984622001648,326.81536865234375,297.60089111328125,0.019150912761688232,337.06646728515625,301.044189453125,0.7227420806884766,348.5151672363281,299.0927429199219,0.9903889298439026,351.82342529296875,289.60162353515625,0.9794561862945557,344.12835693359375,280.8687744140625,0.3463537096977234
296,64.26123046875,315.3339538574219,0.9999996423721313,158.3196258544922,287.80908203125,0.9999998211860657,148.0867462158203,274.6971740722656,0.9999989867210388,159.8760986328125,300.771728515625,0.9999992847442627,286.2774658203125,280.54833984375,0.9999998211860657,274.8437194824219,259.9956970214844,1.0,223.2261962890625,277.228515625,0.9999999403953552,280.35833740234375,270.75042724609375,0.9999999403953552,348.88201904296875,256.36517333984375,0.9999986886978149,440.46087646484375,240.47848510742188,1.0,167.13848876953125,313.64215087890625,0.9751570224761963,155.962890625,323.9212951660156,0.005474179983139038,441.0447082519531,239.6353302001953,0.00035622715950012207,442.0174255371094,239.70860290527344,0.0011621415615081787,62.59286880493164,316.7652893066406,0.00052642822265625,151.9578094482422,311.7213134765625,0.013996750116348267,156.7318572998047,313.4380798339844,0.014111936092376709,132.96624755859375,258.34344482421875,0.9999991655349731,109.8783950805664,261.5852966308594,1.0,114.0647964477539,251.2479248046875,0.9999925494194031,105.08363342285156,252.09747314453125,0.9999967217445374,98.3696517944336,258.92767333984375,0.9999998807907104,102.5873794555664,269.9667663574219,0.9999967813491821,113.09205627441406,271.3797912597656,0.9999541640281677,257.0829772949219,242.36471557617188,0.9999997615814209,280.6290588378906,234.9893798828125,0.9999998211860657,273.6684265136719,226.52613830566406,0.9999995827674866,285.2440490722656,221.81301879882812,0.9999995231628418,295.4378356933594,222.78797912597656,0.9999995827674866,299.05731201171875,230.24880981445312,0.9998908042907715,288.6040954589844,241.36705017089844,0.07757645845413208,308.1419982910156,293.3360290527344,0.9999978542327881,336.2394104003906,288.6153564453125,0.9999791383743286,327.70367431640625,297.648681640625,0.00890737771987915,337.44036865234375,301.11395263671875,0.5545976758003235,348.6976318359375,299.3404235839844,0.9872135519981384,352.0255432128906,289.6422119140625,0.9651283025741577,343.9372863769531,280.9439697265625,0.18378394842147827
297,64.44404602050781,314.8907165527344,0.9999996423721313,158.3213348388672,287.6384582519531,0.9999996423721313,148.69436645507812,274.74566650390625,0.9999977350234985,159.66085815429688,301.47930908203125,0.9999985098838806,285.9718322753906,280.4581604003906,0.9999998807907104,274.24017333984375,260.0205993652344,1.0,222.92929077148438,277.0966796875,0.9999999403953552,280.8464660644531,270.3813781738281,0.9999998807907104,349.5024719238281,256.3146667480469,0.9999987483024597,440.5448303222656,240.63955688476562,1.0,166.7041473388672,313.5999450683594,0.9869908690452576,156.15721130371094,323.6410217285156,0.007350713014602661,441.0105895996094,239.5734405517578,0.0003615915775299072,441.90740966796875,239.7333526611328,0.0012179017066955566,62.68994903564453,316.7998046875,0.0007434189319610596,151.75106811523438,312.0080871582031,0.016727864742279053,156.76319885253906,313.2231140136719,0.022010713815689087,132.9617156982422,258.6497802734375,0.9999978542327881,109.77648162841797,261.9300537109375,1.0,114.20095825195312,251.5301971435547,0.9999904036521912,105.44743347167969,252.63314819335938,0.9999961853027344,98.56501770019531,259.22955322265625,0.9999999403953552,102.57014465332031,270.5453186035156,0.9999963045120239,113.61812591552734,271.246337890625,0.9999498724937439,256.34246826171875,242.1863250732422,0.9999997615814209,280.08673095703125,235.28643798828125,0.9999998807907104,273.4577331542969,226.2596435546875,0.9999994039535522,285.6453857421875,221.6389617919922,0.9999995231628418,295.87847900390625,222.6053466796875,0.999999463558197,299.26971435546875,229.95724487304688,0.9998395442962646,289.1083068847656,241.24815368652344,0.07450786232948303,307.9981689453125,292.9897766113281,0.9999977350234985,336.57659912109375,288.878662109375,0.9999898672103882,327.7896728515625,298.0498352050781,0.025280028581619263,341.10760498046875,300.9812316894531,0.7935318946838379,349.7918701171875,299.42730712890625,0.995916485786438,352.8305969238281,289.6343994140625,0.9853712320327759,344.9700927734375,281.0702209472656,0.39941564202308655
298,63.723121643066406,314.6312255859375,0.9999983310699463,159.1848602294922,287.0409851074219,0.9999979138374329,149.90557861328125,274.39215087890625,0.9999833703041077,159.7727508544922,300.86663818359375,0.9999963641166687,286.45880126953125,280.4154357910156,0.9999998807907104,274.69451904296875,259.4461364746094,1.0,223.26629638671875,276.7494201660156,0.9999998807907104,281.2940979003906,270.15643310546875,0.9999999403953552,349.0753479003906,256.380859375,0.9999988079071045,440.4430847167969,240.1295928955078,1.0,166.36746215820312,313.99395751953125,0.9885630011558533,155.02587890625,323.92047119140625,0.007592290639877319,440.9851989746094,239.58412170410156,0.00032338500022888184,441.84844970703125,239.6697235107422,0.0011554062366485596,62.319114685058594,316.84417724609375,0.0009106695652008057,150.77752685546875,311.9396057128906,0.015890002250671387,156.3140106201172,312.98291015625,0.019576191902160645,132.180908203125,258.4287414550781,0.9999945163726807,109.797119140625,261.60113525390625,1.0,114.5531234741211,251.40353393554688,0.9999842643737793,106.08979034423828,251.9600830078125,0.9999958276748657,98.8969497680664,258.3368835449219,0.9999997615814209,102.31690979003906,269.67755126953125,0.9999895095825195,113.7826156616211,270.58453369140625,0.9998783469200134,256.2049865722656,241.22500610351562,0.9999998807907104,280.52197265625,234.576416015625,0.9999999403953552,273.8935241699219,225.9508056640625,0.9999996423721313,285.941650390625,221.3978729248047,0.9999994039535522,296.0621337890625,222.4736785888672,0.999999463558197,299.3292541503906,230.02964782714844,0.9998731017112732,289.19329833984375,240.82041931152344,0.14307662844657898,307.5009460449219,293.1834411621094,0.9999986886978149,335.9568176269531,288.9176025390625,0.9999839067459106,327.513671875,297.97210693359375,0.01822701096534729,337.4613952636719,301.5128173828125,0.7498997449874878,349.19891357421875,299.79388427734375,0.9916525483131409,352.6245422363281,289.81951904296875,0.9713437557220459,344.66046142578125,280.93109130859375,0.28394514322280884
299,61.756011962890625,315.5509338378906,0.999997615814209,158.6324462890625,286.1158142089844,0.9999982714653015,150.73602294921875,273.6824035644531,0.9999749660491943,159.1750946044922,298.7298583984375,0.999997079372406,286.2620544433594,280.2566833496094,0.9999999403953552,274.7063293457031,259.3296203613281,1.0,222.99575805664062,276.3863220214844,0.9999998807907104,281.1829528808594,269.9533386230469,1.0,349.4478759765625,255.97531127929688,0.9999986886978149,440.3136291503906,239.91055297851562,1.0,163.4648895263672,314.865478515625,0.980520486831665,155.04440307617188,323.9452209472656,0.0037665963172912598,440.7896423339844,239.52516174316406,0.0003350973129272461,441.49017333984375,239.58724975585938,0.0010535120964050293,61.909969329833984,317.1390075683594,0.0012612342834472656,150.7500762939453,311.3995666503906,0.015292584896087646,155.87850952148438,312.6134948730469,0.022760778665542603,131.8769989013672,258.22265625,0.9999886751174927,109.52980041503906,261.4282531738281,1.0,114.57948303222656,251.5449676513672,0.9999573230743408,106.79331970214844,251.61521911621094,0.9999934434890747,99.39866638183594,257.50286865234375,0.9999992847442627,101.68557739257812,268.90789794921875,0.9999772906303406,113.59255981445312,270.46759033203125,0.9997503757476807,256.074951171875,241.28294372558594,0.9999998807907104,280.5043640136719,234.47010803222656,0.9999998211860657,273.71990966796875,226.09173583984375,0.9999996423721313,286.0127258300781,221.41436767578125,0.9999994039535522,296.08099365234375,222.41696166992188,0.9999994039535522,299.35394287109375,230.03359985351562,0.9998713731765747,289.2887268066406,240.69142150878906,0.11130475997924805,307.68963623046875,293.1345520019531,0.999998927116394,336.01312255859375,288.66943359375,0.9999952912330627,327.2444152832031,297.9765319824219,0.08897936344146729,337.6689758300781,301.3710632324219,0.9328276515007019,349.8503723144531,299.1418151855469,0.9975076913833618,353.0567626953125,289.34771728515625,0.9912708401679993,344.8277893066406,279.8489685058594,0.6300417184829712
300,61.67678451538086,315.4320983886719,0.9999986886978149,157.90408325195312,285.1131591796875,0.9999994039535522,150.0016326904297,273.6471252441406,0.9999922513961792,158.83364868164062,299.4237976074219,0.9999985098838806,285.8185119628906,280.23260498046875,0.9999999403953552,274.4958190917969,259.3001403808594,1.0,222.40472412109375,276.16656494140625,0.9999998807907104,280.7987365722656,269.84503173828125,1.0,348.95697021484375,255.82765197753906,0.9999988079071045,439.5309753417969,240.35243225097656,1.0,166.99156188964844,313.8360595703125,0.9877507090568542,155.4962615966797,323.9803771972656,0.013253986835479736,440.6943054199219,239.59239196777344,0.00028884410858154297,438.3724365234375,240.1663360595703,0.0008241534233093262,61.90532684326172,316.6932678222656,0.00128936767578125,150.590576171875,311.64630126953125,0.02026122808456421,155.40478515625,312.36456298828125,0.04608932137489319,132.04493713378906,258.0086669921875,0.999990701675415,109.35210418701172,261.45721435546875,0.9999999403953552,114.36711120605469,251.3245849609375,0.9999518394470215,106.4840316772461,251.5729522705078,0.999993085861206,98.97019958496094,257.343505859375,0.999999463558197,101.32332611083984,268.7026062011719,0.9999881982803345,113.44270324707031,270.44476318359375,0.999854326248169,256.33209228515625,241.3346405029297,0.9999998807907104,280.7356872558594,234.4853973388672,0.9999998807907104,273.98028564453125,226.27565002441406,0.9999996423721313,286.1340637207031,221.33778381347656,0.9999990463256836,296.1300964355469,222.3294677734375,0.9999990463256836,299.6168212890625,229.929443359375,0.9998795986175537,289.1597595214844,241.0362091064453,0.1775781214237213,307.4909973144531,292.90802001953125,0.9999990463256836,335.5663146972656,288.55975341796875,0.9999976754188538,326.82659912109375,297.9073486328125,0.37134313583374023,337.52777099609375,301.32373046875,0.991794228553772,350.1615295410156,299.2264709472656,0.9989964962005615,353.0691833496094,289.31304931640625,0.9970553517341614,344.22601318359375,279.592529296875,0.8083014488220215
301,61.51804733276367,315.02276611328125,0.9999991059303284,157.54913330078125,285.1644287109375,0.9999992847442627,149.38294982910156,274.2799072265625,0.9999903440475464,158.65196228027344,299.09466552734375,0.9999983310699463,285.3794860839844,280.2012634277344,0.9999998807907104,274.2433166503906,259.7207946777344,1.0,222.11767578125,276.037353515625,0.9999999403953552,280.5677185058594,270.11578369140625,0.9999998807907104,347.87017822265625,256.1424865722656,0.9999990463256836,439.4427185058594,240.6339569091797,1.0,166.93707275390625,313.3120422363281,0.9806960225105286,155.14303588867188,323.6263732910156,0.0050182342529296875,440.62652587890625,239.76800537109375,0.0002206265926361084,438.24481201171875,240.44847106933594,0.0006320774555206299,61.62608337402344,316.3521423339844,0.0009049773216247559,151.1545867919922,311.2456359863281,0.025677651166915894,155.89682006835938,311.9033508300781,0.03894183039665222,132.01669311523438,257.86553955078125,0.9999895691871643,109.40389251708984,261.2374267578125,0.9999999403953552,114.62112426757812,251.22274780273438,0.9999370574951172,106.88191223144531,251.2397003173828,0.9999910593032837,99.15830993652344,256.7732849121094,0.9999992251396179,101.27046203613281,268.15740966796875,0.9999798536300659,113.41590881347656,269.94635009765625,0.9997869729995728,255.85902404785156,241.64471435546875,0.9999998211860657,280.7223205566406,234.6065216064453,0.9999998211860657,273.70404052734375,226.53387451171875,0.9999997019767761,285.966064453125,221.34336853027344,0.9999990463256836,296.0951843261719,222.49012756347656,0.9999992847442627,299.60284423828125,230.06631469726562,0.9999017715454102,289.0259094238281,241.42788696289062,0.17869624495506287,307.23236083984375,292.6223449707031,0.9999982118606567,335.81005859375,288.88397216796875,0.9999972581863403,327.00299072265625,298.0819396972656,0.33200979232788086,337.8211975097656,301.6447448730469,0.9865549802780151,350.17242431640625,299.3942565917969,0.9990478754043579,353.0293884277344,289.6275939941406,0.9973721504211426,344.3100280761719,280.2825927734375,0.8351820707321167
302,61.22922897338867,314.82330322265625,0.9999992847442627,157.28260803222656,285.025390625,0.9999991655349731,148.97152709960938,274.0566711425781,0.9999902248382568,158.5908203125,300.0894470214844,0.9999982714653015,285.22418212890625,279.9393005371094,0.9999998807907104,274.2802734375,259.280029296875,1.0,221.79888916015625,275.47161865234375,0.9999998807907104,280.470947265625,269.6636047363281,1.0,348.27142333984375,256.2148742675781,0.9999988079071045,439.32659912109375,241.34490966796875,1.0,163.4750213623047,313.82965087890625,0.981566309928894,330.7846374511719,294.77545166015625,0.005510658025741577,438.4153137207031,246.2362518310547,0.00026679039001464844,438.1788330078125,240.6313934326172,0.0008434951305389404,61.42721176147461,316.42999267578125,0.0012390613555908203,150.9579620361328,310.9032897949219,0.030984222888946533,155.84396362304688,311.32476806640625,0.025715261697769165,132.21583557128906,257.6386413574219,0.9999954104423523,109.68878173828125,261.216552734375,1.0,114.22242736816406,251.08114624023438,0.9999600052833557,106.74821472167969,251.42166137695312,0.9999957084655762,99.06723022460938,257.2312927246094,0.9999996423721313,101.57678985595703,268.6878356933594,0.9999916553497314,113.28519439697266,270.00445556640625,0.9998966455459595,256.0135803222656,241.47901916503906,0.9999997615814209,280.6856994628906,234.3795623779297,0.9999998211860657,273.5903015136719,226.31163024902344,0.9999997019767761,285.88189697265625,221.19070434570312,0.9999991655349731,296.64971923828125,223.8324432373047,0.9999991655349731,299.6564636230469,229.8773956298828,0.9999069571495056,288.9763488769531,241.22811889648438,0.16060477495193481,307.43212890625,292.6815490722656,0.999998927116394,336.04156494140625,288.87115478515625,0.9999969005584717,327.4613342285156,298.2693176269531,0.18868198990821838,337.6726379394531,301.5970458984375,0.970302939414978,349.90875244140625,299.76812744140625,0.9985554218292236,353.26947021484375,289.9775695800781,0.9960578680038452,344.49530029296875,280.1158142089844,0.7248533368110657
303,60.716835021972656,314.5783386230469,0.9999995231628418,156.6826934814453,284.8651428222656,0.9999996423721313,148.31202697753906,273.8096008300781,0.999994158744812,157.69937133789062,299.8760070800781,0.9999990463256836,284.58154296875,280.08880615234375,0.9999998807907104,273.8432922363281,259.40185546875,1.0,221.2962646484375,275.4374084472656,0.9999998807907104,279.8996887207031,269.9277648925781,1.0,347.80914306640625,256.46136474609375,0.9999984502792358,438.8412780761719,242.21656799316406,1.0,167.09426879882812,312.824951171875,0.9851174354553223,330.6867370605469,294.8801574707031,0.007934242486953735,438.3299255371094,246.27511596679688,0.00026977062225341797,435.466064453125,244.70550537109375,0.0009393095970153809,61.449424743652344,316.4782409667969,0.0009478330612182617,150.6064453125,310.8215026855469,0.027363628149032593,155.2952117919922,311.3714904785156,0.03219825029373169,132.3279266357422,257.3407897949219,0.9999955892562866,109.22180938720703,261.0157165527344,1.0,114.27745819091797,251.01849365234375,0.9998435974121094,107.04891967773438,250.97650146484375,0.9999895095825195,99.27978515625,256.4694519042969,0.9999991655349731,101.16211700439453,268.1750793457031,0.9999889135360718,113.64126586914062,269.9941101074219,0.9997458457946777,256.0293273925781,241.9933624267578,0.9999997019767761,280.35675048828125,235.0200958251953,0.9999997615814209,273.37420654296875,226.38726806640625,0.9999995231628418,285.74835205078125,221.1900177001953,0.9999990463256836,296.6027526855469,223.7122344970703,0.9999991655349731,299.6033020019531,229.710205078125,0.9998797178268433,288.91632080078125,241.27496337890625,0.10332763195037842,306.9309997558594,292.4442138671875,0.9999979734420776,336.0189514160156,289.1455993652344,0.9999968409538269,327.47174072265625,298.1749267578125,0.35512039065361023,338.0494384765625,301.57958984375,0.9803107380867004,350.4070129394531,299.64190673828125,0.9991727471351624,353.7341613769531,289.8581848144531,0.9966953992843628,344.359375,280.4861145019531,0.7859930992126465
304,60.490936279296875,314.3926696777344,0.9999993443489075,156.40304565429688,284.4532775878906,0.9999997615814209,148.66156005859375,273.3839416503906,0.9999958276748657,157.678955078125,299.0958557128906,0.9999991059303284,284.4849853515625,280.1792907714844,0.9999998807907104,273.6200866699219,259.2547607421875,1.0,220.7983856201172,275.3682861328125,0.9999998807907104,279.6244812011719,269.96844482421875,1.0,346.5619812011719,256.7393493652344,0.9999985694885254,438.2053527832031,243.05630493164062,1.0,166.85110473632812,312.373779296875,0.9891790151596069,331.1538391113281,294.50262451171875,0.007675290107727051,437.9924011230469,246.49395751953125,0.0002473592758178711,435.4923400878906,244.816650390625,0.0008387863636016846,61.68934631347656,316.29296875,0.002063065767288208,150.42062377929688,310.879150390625,0.029112696647644043,155.2322540283203,311.13519287109375,0.03199300169944763,132.45008850097656,257.2002868652344,0.9999856948852539,109.49771881103516,260.7101745605469,1.0,114.43773651123047,250.462646484375,0.9997001886367798,107.38907623291016,250.5760955810547,0.9999834895133972,99.8530044555664,255.81344604492188,0.9999985098838806,101.40070343017578,267.2771301269531,0.9999852180480957,113.63121795654297,269.1361999511719,0.9996932744979858,255.5043182373047,241.693359375,0.9999997019767761,280.90338134765625,234.53536987304688,0.9999997615814209,273.3638916015625,226.22752380371094,0.9999996423721313,285.57611083984375,221.16607666015625,0.9999991655349731,296.5190124511719,223.53025817871094,0.9999992847442627,299.61041259765625,229.50949096679688,0.9999130964279175,289.04010009765625,241.08242797851562,0.1362343430519104,307.97955322265625,291.5673828125,0.9999992251396179,336.00933837890625,288.87554931640625,0.999994158744812,326.50634765625,297.8977966308594,0.43546268343925476,338.2713623046875,301.2070007324219,0.9906826615333557,350.3436279296875,299.68243408203125,0.9994845390319824,353.4429931640625,289.804931640625,0.9976288080215454,344.24639892578125,280.1850280761719,0.7094539403915405
305,60.73396682739258,313.8504638671875,0.9999994039535522,156.12762451171875,284.66192626953125,0.9999997019767761,148.27236938476562,273.8065185546875,0.9999970197677612,157.2340850830078,299.3230285644531,0.9999990463256836,283.4954528808594,279.9996643066406,0.9999998807907104,272.37060546875,259.12738037109375,1.0,220.0225830078125,275.69024658203125,1.0,278.62054443359375,269.9048767089844,1.0,345.60357666015625,257.1073303222656,0.9999985098838806,438.7501525878906,243.8979034423828,1.0,166.8498077392578,312.0762634277344,0.995235025882721,156.57984924316406,322.18109130859375,0.022972404956817627,345.0811462402344,290.6833801269531,0.00030434131622314453,344.51470947265625,299.1121826171875,0.0017112493515014648,61.50101852416992,316.5116271972656,0.0014163851737976074,150.1406707763672,311.14263916015625,0.034399986267089844,154.7763214111328,310.99273681640625,0.030159085988998413,131.96206665039062,257.3461608886719,0.9999904632568359,109.7485580444336,260.49566650390625,0.9999999403953552,113.80113220214844,250.10585021972656,0.9999107122421265,107.14900207519531,250.43789672851562,0.9999920129776001,99.59098815917969,256.05340576171875,0.999998927116394,101.49604797363281,267.4890441894531,0.9999926090240479,113.36808013916016,268.90863037109375,0.9998603463172913,254.84335327148438,241.87013244628906,0.9999997615814209,280.6265869140625,234.72731018066406,0.9999997615814209,273.393310546875,226.24087524414062,0.9999994039535522,285.6608581542969,221.21392822265625,0.999998927116394,296.35333251953125,223.6412811279297,0.9999992251396179,299.5763854980469,229.67335510253906,0.9998968839645386,288.7865905761719,241.2474822998047,0.11854246258735657,307.6122741699219,290.8919677734375,0.9999984502792358,335.64971923828125,288.96661376953125,0.9999964833259583,328.4542236328125,297.8192443847656,0.7705177068710327,339.0701599121094,300.9895324707031,0.9990838170051575,351.0031433105469,299.36883544921875,0.9999052286148071,353.6380310058594,289.4425048828125,0.9994558691978455,342.7812805175781,280.0934753417969,0.925704300403595
306,60.550697326660156,313.736328125,0.9999994039535522,155.5523681640625,284.59637451171875,0.999999463558197,147.55355834960938,275.1153869628906,0.9999955892562866,156.7437744140625,298.72113037109375,0.999998152256012,282.1527404785156,280.49822998046875,0.9999998807907104,272.0127258300781,257.7076110839844,1.0,219.0794677734375,275.5589294433594,0.9999999403953552,277.5868225097656,270.1160888671875,1.0,345.109130859375,257.95550537109375,0.9999989867210388,438.25787353515625,245.78102111816406,1.0,167.56602478027344,311.3503723144531,0.9885968565940857,157.49169921875,321.9689636230469,0.009253710508346558,442.0811767578125,247.80078125,0.00018396973609924316,436.5303649902344,245.9053497314453,0.0010119378566741943,61.41191482543945,316.5595703125,0.001164764165878296,151.0623321533203,311.39886474609375,0.03534451127052307,155.56304931640625,310.8545837402344,0.014426708221435547,131.8108367919922,257.2323913574219,0.9999938011169434,109.28897857666016,260.46392822265625,1.0,113.40034484863281,249.87579345703125,0.9998889565467834,106.68331909179688,250.21580505371094,0.9999883770942688,99.08670043945312,256.147705078125,0.9999990463256836,100.99410247802734,267.3513488769531,0.9999957084655762,113.29125213623047,268.92529296875,0.9998571276664734,253.7681121826172,241.5384521484375,0.9999997615814209,280.21722412109375,235.31741333007812,0.9999997615814209,273.1565246582031,226.18258666992188,0.9999994039535522,285.6620178222656,221.2432861328125,0.9999991655349731,296.28302001953125,223.61117553710938,0.9999991655349731,299.78253173828125,229.6546630859375,0.9998765587806702,288.871826171875,241.2843017578125,0.07268401980400085,306.641357421875,291.8407287597656,0.9999977350234985,335.2023620605469,288.7689514160156,0.9999745488166809,325.71356201171875,297.5381164550781,0.04629194736480713,336.9568786621094,301.59222412109375,0.974408745765686,349.5278015136719,299.8744201660156,0.99770188331604,353.0850524902344,290.614990234375,0.9928829073905945,344.2575988769531,281.0693054199219,0.43235743045806885
307,59.75273895263672,313.91204833984375,0.9999992847442627,155.2366943359375,284.2638854980469,0.9999989867210388,147.0455322265625,275.36639404296875,0.999989926815033,156.0904541015625,298.448974609375,0.9999977350234985,281.6966247558594,280.3431091308594,0.9999998807907104,271.50640869140625,257.65264892578125,1.0,218.2034454345703,275.4334716796875,0.9999998807907104,277.1388854980469,269.97314453125,1.0,344.01776123046875,258.9532775878906,0.9999992847442627,437.822021484375,246.5702667236328,1.0,167.31459045410156,311.2210388183594,0.9845865964889526,437.9784240722656,252.36753845214844,0.004016309976577759,441.4247131347656,247.8765106201172,0.0001252293586730957,439.45611572265625,250.5870361328125,0.0007181465625762939,61.37691879272461,316.76123046875,0.0016489028930664062,150.53993225097656,311.52996826171875,0.01807636022567749,155.05776977539062,310.5888366699219,0.0069923996925354,131.25686645507812,257.2053527832031,0.9999940991401672,109.34086608886719,260.82574462890625,1.0,113.40931701660156,250.0172882080078,0.9999300241470337,106.42537689208984,250.67030334472656,0.9999901056289673,98.83311462402344,256.6556396484375,0.9999992847442627,101.08938598632812,267.7362976074219,0.9999951124191284,113.36640930175781,268.8571472167969,0.9998642802238464,253.3141632080078,242.0223388671875,0.9999998807907104,280.2688903808594,235.39181518554688,0.9999995231628418,273.093994140625,226.1312255859375,0.9999989867210388,285.49481201171875,221.17327880859375,0.9999989867210388,296.151123046875,223.492919921875,0.9999991655349731,299.6265869140625,229.6071014404297,0.9997807741165161,288.8871765136719,241.73443603515625,0.04021400213241577,306.1936340332031,291.8588562011719,0.9999954700469971,335.02911376953125,289.0354309082031,0.999974250793457,325.7852783203125,298.91314697265625,0.033450692892074585,336.8228759765625,301.8412780761719,0.9795345067977905,351.2618713378906,300.3928527832031,0.9964030981063843,352.9466552734375,291.025634765625,0.9877502918243408,344.1204528808594,281.7138671875,0.48013851046562195
308,59.282230377197266,313.828125,0.9999994039535522,155.03822326660156,284.7605285644531,0.9999974966049194,146.72097778320312,276.8670654296875,0.9999343156814575,155.0824737548828,298.15386962890625,0.9999917149543762,281.59442138671875,280.6775207519531,0.9999998211860657,271.08843994140625,258.0088806152344,1.0,217.64097595214844,275.4385681152344,0.9999998807907104,276.7048034667969,270.400146484375,1.0,343.6146545410156,258.9897766113281,0.9999990463256836,437.677001953125,248.187255859375,1.0,167.6951141357422,311.0818786621094,0.9833589196205139,437.7167053222656,253.08172607421875,0.007267355918884277,439.3019714355469,251.2696533203125,0.0001360177993774414,435.28515625,251.53968811035156,0.0012866556644439697,61.239768981933594,316.8824157714844,0.0016179382801055908,150.10000610351562,312.0828552246094,0.007269442081451416,155.1763458251953,310.8314208984375,0.0034244954586029053,130.460205078125,257.4076843261719,0.9999857544898987,109.38724517822266,260.7475891113281,1.0,113.75209045410156,249.7367706298828,0.9999752044677734,106.39099884033203,250.28402709960938,0.9999942779541016,98.75770568847656,256.2555847167969,0.9999995231628418,101.05738830566406,267.3209228515625,0.9999971985816956,112.90345001220703,268.3426818847656,0.9998753666877747,252.72193908691406,241.99569702148438,0.9999999403953552,280.4344787597656,235.36968994140625,0.9999996423721313,272.7034912109375,226.21026611328125,0.9999989867210388,285.3272399902344,221.327392578125,0.9999991655349731,295.5850524902344,223.502197265625,0.9999991655349731,299.2996826171875,229.50827026367188,0.9996907711029053,288.8283996582031,241.56739807128906,0.0276947021484375,305.7512512207031,292.50067138671875,0.999990701675415,335.2553405761719,289.3434753417969,0.9999411106109619,327.6332092285156,297.8985900878906,0.008073776960372925,336.4209899902344,302.2518005371094,0.9474694132804871,350.86383056640625,300.87969970703125,0.9941083788871765,352.513671875,290.9971618652344,0.9792115688323975,343.85797119140625,281.9289855957031,0.5497053861618042
309,59.08182907104492,313.5542297363281,0.9999994039535522,154.4718475341797,284.6357421875,0.9999960064888,146.49537658691406,276.9557189941406,0.9998736381530762,154.490478515625,298.2321472167969,0.9999917149543762,281.4067687988281,280.3051452636719,0.9999998807907104,271.08917236328125,257.9967041015625,1.0,215.61883544921875,275.71954345703125,0.9999997615814209,276.5715637207031,270.4800720214844,1.0,343.5516662597656,259.19140625,0.9999990463256836,436.9307861328125,250.23590087890625,1.0,167.7685089111328,310.9415283203125,0.9748842716217041,330.652587890625,294.5692443847656,0.011374294757843018,439.17926025390625,251.97801208496094,0.0001856982707977295,434.8841857910156,253.03904724121094,0.006886839866638184,441.32562255859375,249.7431182861328,0.0018857121467590332,149.69895935058594,312.0828552246094,0.0041671693325042725,154.63204956054688,311.026123046875,0.001632601022720337,129.61424255371094,257.35540771484375,0.9999809265136719,108.48927307128906,260.8146057128906,1.0,113.23319244384766,250.05078125,0.9999674558639526,105.8814697265625,250.4581756591797,0.9999912977218628,98.26557159423828,256.30206298828125,0.9999992251396179,100.23278045654297,267.11737060546875,0.9999943971633911,112.10427856445312,268.44866943359375,0.999526858329773,252.78717041015625,242.09320068359375,0.9999998807907104,280.39532470703125,235.65902709960938,0.9999996423721313,273.224365234375,226.089111328125,0.9999991059303284,285.353759765625,221.47775268554688,0.9999990463256836,295.7220458984375,223.59088134765625,0.9999991655349731,299.5457458496094,229.8395233154297,0.9997963905334473,289.075439453125,242.15057373046875,0.08431857824325562,306.1658020019531,292.1489562988281,0.9999911785125732,335.19598388671875,288.88531494140625,0.9999729990959167,327.9485778808594,297.9046630859375,0.05518215894699097,336.5469055175781,302.03271484375,0.9727734327316284,350.1273193359375,301.04705810546875,0.994009256362915,351.90283203125,291.862060546875,0.9776132702827454,343.7888488769531,281.8470764160156,0.7145085334777832
310,58.92523193359375,313.696533203125,0.9999995231628418,154.66383361816406,284.9347839355469,0.9999977350234985,146.25613403320312,276.3093566894531,0.9999275207519531,154.80215454101562,298.6866455078125,0.9999959468841553,281.3788757324219,280.2510986328125,0.9999997615814209,270.9513854980469,257.9167175292969,1.0,215.28057861328125,275.955078125,0.9999998807907104,276.34002685546875,270.58135986328125,1.0,343.2958068847656,259.99871826171875,0.9999994039535522,435.8284606933594,252.23634338378906,1.0,167.64056396484375,310.8236389160156,0.9830278754234314,437.3600158691406,254.57273864746094,0.007909268140792847,439.17169189453125,252.34059143066406,0.00022929906845092773,434.6572570800781,254.0722198486328,0.010883927345275879,441.3231201171875,250.21017456054688,0.00259476900100708,150.28240966796875,312.374267578125,0.005308419466018677,154.90225219726562,311.1442565917969,0.0023778676986694336,129.33108520507812,257.13568115234375,0.9999938607215881,108.50762176513672,260.8520812988281,1.0,113.2584228515625,250.3730010986328,0.9999866485595703,105.7730712890625,250.4603729248047,0.9999948143959045,98.11656951904297,256.6152648925781,0.999999463558197,100.23159790039062,267.6361083984375,0.9999967217445374,111.89292907714844,268.8247375488281,0.9998006820678711,252.5830535888672,242.48561096191406,0.9999998807907104,280.1517028808594,236.02711486816406,0.9999997019767761,272.871826171875,226.46517944335938,0.9999992847442627,284.9076843261719,221.4685516357422,0.9999990463256836,295.41766357421875,223.46731567382812,0.9999990463256836,299.6708984375,230.0557098388672,0.9997929334640503,288.88214111328125,242.1749725341797,0.08148619532585144,306.10601806640625,292.39373779296875,0.9999729990959167,335.36029052734375,289.6265563964844,0.9998769760131836,327.1812744140625,299.91400146484375,0.003055006265640259,336.4305114746094,302.4742431640625,0.9022607803344727,350.3058776855469,301.6785888671875,0.9898573160171509,352.87921142578125,293.83221435546875,0.9579416513442993,343.6136474609375,282.2416687011719,0.47673702239990234
311,58.68049240112305,313.5603942871094,0.9999994039535522,154.3730926513672,285.0469970703125,0.9999972581863403,146.27464294433594,276.2132873535156,0.9999088048934937,154.43258666992188,298.8764953613281,0.9999943971633911,281.0423583984375,280.19268798828125,0.9999998211860657,270.6398010253906,257.94952392578125,1.0,214.4752960205078,276.2144470214844,0.9999998807907104,276.0442199707031,270.5655517578125,1.0,342.770263671875,260.23468017578125,0.999999463558197,435.6917419433594,252.82652282714844,1.0,167.0546875,310.7111511230469,0.9912921190261841,437.32562255859375,254.93299865722656,0.008982628583908081,439.2540588378906,252.31808471679688,0.00022649765014648438,434.77459716796875,254.07681274414062,0.00934380292892456,441.2014465332031,250.03103637695312,0.0022878944873809814,145.86912536621094,312.5538330078125,0.0054732561111450195,154.7631378173828,310.9735412597656,0.0024374425411224365,128.44004821777344,257.09320068359375,0.9999915957450867,107.1994400024414,261.1561279296875,1.0,112.00567626953125,250.5608673095703,0.9999876022338867,105.42837524414062,250.23843383789062,0.9999951124191284,96.99137878417969,256.91876220703125,0.9999994039535522,99.20482635498047,267.7308044433594,0.9999961853027344,109.93709564208984,270.4112548828125,0.9997632503509521,252.34945678710938,242.5809326171875,0.9999998807907104,280.1117248535156,235.7296905517578,0.9999997019767761,272.7622375488281,226.49411010742188,0.9999994039535522,285.1561279296875,221.43882751464844,0.9999991655349731,295.5881652832031,223.53152465820312,0.9999991655349731,299.90020751953125,230.20553588867188,0.9998212456703186,288.9234924316406,242.0950164794922,0.06715688109397888,305.65289306640625,292.3575439453125,0.9999608993530273,334.9645690917969,289.1407775878906,0.9999086856842041,328.9277648925781,298.4658508300781,0.0070362091064453125,336.8417053222656,302.3731994628906,0.9763869047164917,350.3861083984375,301.34405517578125,0.9961972236633301,352.703857421875,292.4539489746094,0.97819983959198,343.8771667480469,281.85626220703125,0.6068750023841858
312,58.457637786865234,313.6656494140625,0.9999996423721313,153.8962860107422,284.85400390625,0.9999985694885254,145.14674377441406,274.39813232421875,0.9999697208404541,154.09799194335938,299.11444091796875,0.9999975562095642,280.0317077636719,280.28302001953125,0.9999998211860657,270.0495910644531,258.06903076171875,1.0,214.22926330566406,276.1533508300781,0.9999999403953552,275.2862548828125,270.5965270996094,1.0,341.9866943359375,260.5486755371094,0.9999996423721313,434.4715270996094,253.75563049316406,1.0,165.20420837402344,310.57708740234375,0.9923652410507202,436.79248046875,255.0506591796875,0.00633472204208374,180.89077758789062,330.4562683105469,0.00037848949432373047,434.3921813964844,254.37542724609375,0.006999105215072632,440.47216796875,250.11705017089844,0.0017405152320861816,146.63233947753906,312.29638671875,0.00537186861038208,155.0343017578125,310.7900085449219,0.003639698028564453,128.13047790527344,256.7593078613281,0.9999957084655762,107.2718276977539,260.9707336425781,1.0,112.00003814697266,250.5140838623047,0.9999890327453613,104.55635070800781,250.64581298828125,0.9999945163726807,97.06153869628906,256.7938232421875,0.9999995231628418,99.07890319824219,267.9424133300781,0.9999979734420776,109.93405151367188,270.46966552734375,0.9998296499252319,252.1077423095703,242.4949493408203,0.9999999403953552,279.52508544921875,236.00148010253906,0.9999997615814209,272.15545654296875,226.4295196533203,0.9999992847442627,283.90008544921875,220.99386596679688,0.9999992847442627,294.6288146972656,223.2413787841797,0.9999994039535522,299.84112548828125,230.27886962890625,0.999890148639679,288.8529052734375,242.01976013183594,0.15227022767066956,305.3077087402344,291.92816162109375,0.9999650120735168,334.4579772949219,288.6139831542969,0.9998650550842285,327.1595153808594,299.8545837402344,0.005020081996917725,336.5991516113281,301.7436828613281,0.9725278615951538,350.0500793457031,300.98297119140625,0.9966444969177246,353.3150329589844,293.3455810546875,0.9702130556106567,343.5461120605469,282.3961486816406,0.4983574151992798
313,58.13316345214844,313.81158447265625,0.9999995827674866,152.53170776367188,285.5749816894531,0.9999980926513672,143.7871856689453,274.1367492675781,0.9998855590820312,153.48565673828125,298.85955810546875,0.9999948740005493,280.1318054199219,280.2745056152344,0.9999998211860657,269.4952392578125,258.2669372558594,1.0,214.16078186035156,276.4348449707031,0.9999998211860657,275.05181884765625,270.7386779785156,0.9999999403953552,341.5379943847656,260.9515380859375,0.9999997615814209,433.56976318359375,254.5207061767578,1.0,165.62057495117188,310.67626953125,0.9978469610214233,160.5798797607422,326.1937561035156,0.004927694797515869,180.36007690429688,330.4019775390625,0.00036957859992980957,434.0138244628906,254.84591674804688,0.004171520471572876,440.1302185058594,250.50294494628906,0.0010094046592712402,146.01104736328125,312.7418518066406,0.0037746429443359375,154.52418518066406,311.3432922363281,0.002661198377609253,127.74459075927734,256.875,0.9999938011169434,107.08746337890625,261.0484619140625,1.0,112.17584228515625,250.90606689453125,0.999990701675415,104.7247085571289,250.76475524902344,0.9999948740005493,97.05671691894531,256.7044372558594,0.9999992847442627,98.88882446289062,267.7032470703125,0.9999970197677612,109.5444564819336,270.321533203125,0.9998404383659363,251.9008026123047,243.1041259765625,0.9999999403953552,279.6231384277344,235.9593963623047,0.9999997615814209,272.21405029296875,226.21226501464844,0.9999992847442627,283.6757507324219,221.0799560546875,0.9999994039535522,294.45721435546875,223.25579833984375,0.9999995231628418,299.8924865722656,230.21884155273438,0.9999185800552368,288.8495178222656,241.8349151611328,0.28088483214378357,303.6175537109375,291.9045104980469,0.9999586343765259,335.52838134765625,289.8169250488281,0.999555230140686,325.60443115234375,299.6432800292969,0.0009383261203765869,336.97491455078125,302.4053649902344,0.684569776058197,350.55615234375,301.9273986816406,0.9780094623565674,353.28057861328125,294.0263366699219,0.9081547260284424,343.2233581542969,282.860107421875,0.23741096258163452
314,57.63349151611328,313.7355651855469,0.999999463558197,152.6477813720703,285.52276611328125,0.9999988079071045,144.37892150878906,274.676025390625,0.999925434589386,153.4914093017578,299.045654296875,0.999996542930603,278.8184814453125,280.30609130859375,0.9999998807907104,268.2876281738281,257.7257385253906,1.0,213.74505615234375,276.6304016113281,0.9999998807907104,273.5605773925781,270.59222412109375,1.0,341.035400390625,261.5887451171875,0.9999997019767761,432.85797119140625,254.38475036621094,1.0,165.9171600341797,310.9296569824219,0.9973735809326172,160.80667114257812,326.4650573730469,0.006162375211715698,180.702880859375,330.5350646972656,0.0005047023296356201,433.746826171875,254.7562255859375,0.00354960560798645,60.851890563964844,317.2015380859375,0.0011538267135620117,146.3217010498047,312.86553955078125,0.004367232322692871,154.9542694091797,311.7039489746094,0.0020384490489959717,127.91725158691406,256.5002136230469,0.9999947547912598,107.10707092285156,260.8773498535156,1.0,112.20206451416016,250.5924530029297,0.9999916553497314,104.73277282714844,250.5245361328125,0.9999954700469971,97.14517211914062,256.4845275878906,0.9999993443489075,98.80950927734375,267.46044921875,0.9999971389770508,109.71609497070312,270.3238220214844,0.9998229742050171,251.2076873779297,242.27806091308594,0.9999999403953552,279.5033264160156,235.66796875,0.9999997615814209,271.9988708496094,226.17453002929688,0.9999982118606567,283.7417297363281,221.0767364501953,0.9999994039535522,294.3200378417969,223.19837951660156,0.9999995231628418,299.92791748046875,229.9701385498047,0.9999186992645264,289.1124572753906,241.31094360351562,0.20664715766906738,302.62200927734375,292.601318359375,0.9999016523361206,332.50689697265625,288.0877380371094,0.9988521933555603,324.75408935546875,298.8011779785156,0.0003368854522705078,334.4366760253906,300.69927978515625,0.10215452313423157,345.7539367675781,303.5553894042969,0.6348384618759155,346.8770751953125,290.98016357421875,0.3458227813243866,341.5318298339844,283.2650451660156,0.0153273344039917
315,57.232337951660156,313.8064270019531,0.9999994039535522,151.48062133789062,285.26641845703125,0.9999992847442627,143.0406951904297,273.7092590332031,0.9999290704727173,152.4461669921875,299.3837585449219,0.9999957084655762,278.0858459472656,279.9917297363281,0.9999998807907104,268.3631591796875,257.84686279296875,1.0,212.83717346191406,276.2401123046875,1.0,273.30328369140625,270.1388244628906,1.0,340.4656677246094,261.6116027832031,0.9999997615814209,432.5497131347656,254.5597686767578,1.0,165.23875427246094,310.39794921875,0.9986120462417603,160.5624542236328,325.7278747558594,0.01157185435295105,180.40475463867188,330.0893859863281,0.000616610050201416,433.5865173339844,254.86666870117188,0.00266912579536438,60.9843635559082,317.292724609375,0.0009450912475585938,146.59603881835938,313.1794128417969,0.0036732852458953857,154.64492797851562,311.4018249511719,0.001963675022125244,128.0890350341797,256.76849365234375,0.999993085861206,107.17088317871094,260.8721923828125,1.0,112.2483139038086,250.56787109375,0.9999939203262329,104.93510437011719,250.44424438476562,0.9999954700469971,97.35340118408203,256.2420654296875,0.9999994039535522,98.93038177490234,267.390869140625,0.9999969601631165,109.76042938232422,270.1210021972656,0.9998002052307129,251.75689697265625,242.1912384033203,0.9999998807907104,279.7343444824219,235.31842041015625,0.9999996423721313,271.5111999511719,227.5406036376953,0.9999974966049194,283.3444519042969,220.87461853027344,0.9999992251396179,294.0716552734375,222.90692138671875,0.9999995231628418,300.1556701660156,229.64804077148438,0.9999178647994995,289.3651123046875,240.6162567138672,0.14691561460494995,299.89019775390625,293.0748291015625,0.999853253364563,322.5365295410156,288.52008056640625,0.774280846118927,320.04803466796875,254.76515197753906,8.767843246459961e-05,341.6376647949219,297.5866394042969,0.0003973245620727539,342.58270263671875,298.4276123046875,0.010146796703338623,341.3031311035156,290.1712951660156,0.023071199655532837,343.04754638671875,277.3360290527344,0.0007647573947906494
316,56.858577728271484,313.88360595703125,0.9999992847442627,150.3219451904297,286.05694580078125,0.9999994039535522,141.83746337890625,274.5471496582031,0.9999141693115234,151.07550048828125,299.7846374511719,0.999996542930603,276.926513671875,280.021728515625,1.0,267.07574462890625,257.6749572753906,1.0,212.0516357421875,276.0111083984375,0.9999998807907104,272.13812255859375,269.91400146484375,0.9999998807907104,340.4125061035156,261.8485107421875,0.9999998807907104,432.2105407714844,254.66551208496094,1.0,165.43539428710938,310.69384765625,0.9982272386550903,160.87518310546875,324.59759521484375,0.06536570191383362,180.4509735107422,329.66705322265625,0.0014928579330444336,433.3792419433594,254.95135498046875,0.0027734041213989258,433.632568359375,254.29078674316406,0.0009525418281555176,147.0482940673828,313.1883544921875,0.004610180854797363,150.03778076171875,312.28216552734375,0.0038616955280303955,127.27655792236328,256.8969421386719,0.9999949336051941,106.94770812988281,260.7626037597656,1.0,112.12617492675781,250.22891235351562,0.9999933242797852,105.52157592773438,249.81103515625,0.9999952912330627,96.60671997070312,256.2237548828125,0.9999996423721313,98.87858581542969,267.1959228515625,0.999998152256012,109.81724548339844,270.26385498046875,0.9997681379318237,251.7861328125,241.83999633789062,0.9999996423721313,279.8038635253906,235.29693603515625,0.9999995231628418,271.6971130371094,227.33059692382812,0.9999969005584717,283.259033203125,220.9237823486328,0.9999991655349731,294.0791931152344,222.6611328125,0.9999996423721313,300.154541015625,229.31028747558594,0.9999383687973022,289.7367858886719,240.52239990234375,0.17918705940246582,298.5421142578125,293.5597229003906,0.9999547004699707,323.2585144042969,288.8786315917969,0.8954181671142578,319.701904296875,255.14906311035156,0.00010412931442260742,341.4262390136719,298.4259033203125,0.0008026957511901855,343.05120849609375,299.34124755859375,0.020971059799194336,341.772216796875,290.5478515625,0.06381779909133911,343.15081787109375,278.26336669921875,0.0014510154724121094
317,56.588321685791016,313.7454528808594,0.9999991059303284,149.4148406982422,286.18109130859375,0.9999997615814209,141.4844512939453,273.5497131347656,0.9999830722808838,150.2338409423828,300.3898010253906,0.9999992847442627,275.9655456542969,280.33807373046875,1.0,266.6586608886719,258.30108642578125,1.0,210.7930908203125,275.81842041015625,1.0,271.106689453125,270.2099304199219,0.9999999403953552,340.1341247558594,261.8881530761719,0.9999998807907104,431.3985290527344,254.4017791748047,0.9999999403953552,164.90521240234375,310.8028869628906,0.9987393617630005,160.93722534179688,325.46478271484375,0.03841081261634827,180.7336883544922,330.0534362792969,0.001034766435623169,432.9527587890625,254.77154541015625,0.0019053220748901367,432.99481201171875,253.61875915527344,0.001256704330444336,147.4420166015625,313.60015869140625,0.0020796656608581543,149.33409118652344,313.055908203125,0.002386033535003662,127.37047576904297,256.77825927734375,0.9999972581863403,106.92076110839844,260.7252197265625,1.0,111.72563934326172,250.303466796875,0.999993085861206,105.15221405029297,250.13943481445312,0.9999967813491821,96.69329833984375,256.513916015625,0.9999996423721313,99.25601196289062,267.48638916015625,0.9999985694885254,109.65689086914062,269.9293212890625,0.9998682737350464,251.7959747314453,241.9276123046875,0.9999996423721313,280.3851013183594,235.1077423095703,0.9999994039535522,271.52886962890625,227.43807983398438,0.9999952912330627,283.4042663574219,221.26962280273438,0.9999988079071045,293.9459533691406,222.7717742919922,0.9999995231628418,300.15716552734375,229.2601318359375,0.9999133944511414,289.8507995605469,240.8795928955078,0.12764444947242737,297.8792724609375,293.74847412109375,0.9999316930770874,325.8290710449219,288.82708740234375,0.8914661407470703,200.40142822265625,288.24920654296875,0.00010526180267333984,333.625244140625,300.76788330078125,0.0010432600975036621,344.7221984863281,305.34478759765625,0.05819213390350342,342.71783447265625,291.3120422363281,0.0836338996887207,343.8159484863281,278.95758056640625,0.0021505355834960938
318,56.97163391113281,313.6884765625,0.9999995231628418,148.72132873535156,286.2516784667969,0.9999998807907104,140.55316162109375,273.5390319824219,0.9999895095825195,149.8462677001953,300.4296569824219,0.9999995231628418,273.8542175292969,280.361572265625,1.0,266.0278015136719,258.492919921875,1.0,210.21775817871094,275.86981201171875,0.9999998807907104,271.1363220214844,269.3421325683594,0.9999998807907104,339.5660095214844,262.29376220703125,0.9999998211860657,431.4520263671875,254.49354553222656,0.9999998807907104,164.91856384277344,310.5721130371094,0.999243438243866,161.35365295410156,325.36016845703125,0.05855146050453186,180.92453002929688,329.8155822753906,0.0014594197273254395,433.02294921875,254.72715759277344,0.0016485154628753662,433.06524658203125,253.6651153564453,0.0011123418807983398,148.14022827148438,313.5505065917969,0.001538306474685669,149.3292999267578,313.0580139160156,0.00186958909034729,127.56497192382812,256.6921081542969,0.9999971389770508,106.7733383178711,260.4334716796875,1.0,111.57341766357422,250.09954833984375,0.9999890923500061,104.90568542480469,249.93565368652344,0.9999962449073792,96.4721450805664,256.4364929199219,0.9999994039535522,99.31505584716797,267.2869873046875,0.9999982118606567,109.4716567993164,269.6297912597656,0.9998671412467957,251.80148315429688,241.96847534179688,0.9999992847442627,279.8968811035156,234.91615295410156,0.9999991655349731,271.5426940917969,227.32452392578125,0.9999936819076538,282.90557861328125,221.18446350097656,0.9999986886978149,293.3303527832031,222.62608337402344,0.999999463558197,299.51214599609375,229.18968200683594,0.9998967051506042,288.9099426269531,240.9788360595703,0.18124181032180786,293.86431884765625,294.3335266113281,0.9997536540031433,321.07275390625,290.2980041503906,0.3435762822628021,200.0841827392578,288.2510070800781,0.00011435151100158691,322.52081298828125,300.5353698730469,0.00015121698379516602,341.9923095703125,305.600830078125,0.001380234956741333,340.7286376953125,290.2782897949219,0.006496846675872803,343.25604248046875,277.0680236816406,0.0004038512706756592
319,56.74150848388672,313.71893310546875,0.9999996423721313,147.4569091796875,286.7458190917969,0.9999998211860657,139.313232421875,273.8333740234375,0.9999864101409912,148.5076141357422,301.18609619140625,0.9999997019767761,272.4557800292969,280.42742919921875,0.9999999403953552,265.9305725097656,258.97064208984375,1.0,209.53565979003906,276.1200256347656,1.0,270.3658752441406,269.4410705566406,0.9999998807907104,338.9432373046875,262.3683776855469,0.9999999403953552,430.8739013671875,254.35484313964844,0.9999999403953552,163.853759765625,310.7984313964844,0.9995514750480652,161.0530242919922,325.2123107910156,0.08159893751144409,180.72781372070312,329.6482238769531,0.0016682744026184082,432.7354736328125,254.40196228027344,0.001296311616897583,433.01593017578125,253.2305908203125,0.0012562274932861328,147.7501678466797,313.3366394042969,0.002279430627822876,148.73764038085938,312.7900695800781,0.002407252788543701,127.8612060546875,256.6684875488281,0.9999978542327881,106.7365951538086,260.33343505859375,1.0,112.0096206665039,250.04888916015625,0.9999912977218628,105.20988464355469,249.6286163330078,0.9999963045120239,96.5616683959961,255.82327270507812,0.9999995231628418,99.02755737304688,266.92291259765625,0.9999984502792358,109.58840942382812,269.61334228515625,0.9998633861541748,251.98892211914062,242.13375854492188,0.9999988079071045,280.0321044921875,234.85963439941406,0.9999988079071045,271.3154602050781,227.49159240722656,0.9999932050704956,282.9809875488281,221.27024841308594,0.9999985098838806,293.28857421875,222.50364685058594,0.9999994039535522,299.3404846191406,229.15280151367188,0.9998779296875,288.9359436035156,240.9063262939453,0.21702656149864197,290.9850158691406,296.0793151855469,0.99997878074646,316.8697204589844,289.87945556640625,0.9927610754966736,299.1439514160156,292.9539794921875,0.00017452239990234375,318.8787841796875,302.0880126953125,0.007681787014007568,329.19952392578125,304.6622619628906,0.00298917293548584,331.93170166015625,289.85015869140625,0.004641592502593994,264.8057861328125,230.13150024414062,0.00043907761573791504
320,57.119441986083984,313.4095764160156,0.9999995231628418,146.6332244873047,286.7381286621094,0.9999998807907104,139.09246826171875,273.8858642578125,0.9999901056289673,147.07406616210938,301.7257385253906,0.9999997019767761,271.3721008300781,280.8438415527344,0.9999998807907104,265.56982421875,259.1854553222656,1.0,209.03428649902344,275.9996032714844,0.9999998807907104,268.87384033203125,270.1401672363281,0.9999999403953552,338.337890625,262.282470703125,0.9999997615814209,430.658447265625,254.6687774658203,0.9999998807907104,163.71958923339844,310.5015563964844,0.9999107122421265,159.94956970214844,324.6155090332031,0.49970322847366333,174.2431640625,328.5190734863281,0.003953367471694946,430.95849609375,254.8791961669922,0.0009545087814331055,432.93768310546875,253.22015380859375,0.0008616447448730469,146.17613220214844,324.29180908203125,0.014501124620437622,147.3137969970703,318.9883728027344,0.014448344707489014,127.37065887451172,256.78973388671875,0.9999968409538269,106.59970092773438,260.42529296875,1.0,111.65628814697266,249.97618103027344,0.9999932050704956,105.14351654052734,249.73910522460938,0.9999969005584717,96.33563995361328,255.86868286132812,0.9999994039535522,98.75969696044922,266.80987548828125,0.9999983906745911,109.07156372070312,269.4391174316406,0.9998990297317505,252.93045043945312,241.75729370117188,0.9999991655349731,280.2862548828125,234.72769165039062,0.9999988079071045,271.4533996582031,227.47193908691406,0.999990701675415,283.04547119140625,221.6114044189453,0.9999982118606567,292.9076843261719,222.64019775390625,0.9999992847442627,298.9737243652344,229.04183959960938,0.999815821647644,288.7743225097656,240.82989501953125,0.11172065138816833,288.0004577636719,298.01513671875,0.9998973608016968,310.4313659667969,290.525634765625,0.8620032072067261,298.3385314941406,292.94378662109375,0.00025156140327453613,312.4486389160156,295.80859375,0.0003757774829864502,318.8751220703125,295.9830017089844,0.0009119808673858643,345.2969970703125,274.38385009765625,0.00041800737380981445,265.1162109375,230.14512634277344,0.00027111172676086426
321,56.959991455078125,313.6340637207031,0.9999995231628418,145.85284423828125,287.23931884765625,0.9999998211860657,138.04949951171875,274.4073791503906,0.9999927878379822,146.3612823486328,301.689453125,0.9999995231628418,270.7646789550781,281.2995300292969,0.9999999403953552,264.90155029296875,259.665283203125,1.0,207.0412139892578,276.9908447265625,0.9999999403953552,267.9108581542969,270.7862854003906,1.0,337.9860534667969,262.6366271972656,0.9999998211860657,430.62078857421875,254.08299255371094,0.9999999403953552,162.11180114746094,311.5149841308594,0.9998250007629395,159.3924560546875,325.4268493652344,0.12518179416656494,179.4613800048828,330.1302490234375,0.0014590919017791748,430.7008361816406,254.60455322265625,0.0007666051387786865,60.794158935546875,317.0450744628906,0.0007348060607910156,144.86618041992188,324.80523681640625,0.012820333242416382,146.2214813232422,319.5809326171875,0.01720738410949707,128.45350646972656,256.77392578125,0.9999969005584717,107.20967102050781,259.7002868652344,1.0,112.6624526977539,248.8114471435547,0.9999958276748657,105.2254638671875,249.20318603515625,0.9999964237213135,96.45333099365234,255.2355194091797,0.9999992847442627,99.41587829589844,266.08447265625,0.999998927116394,109.46714782714844,268.77960205078125,0.9999545812606812,253.48260498046875,241.10650634765625,0.9999985098838806,280.7943420410156,234.6204376220703,0.9999988079071045,271.7254333496094,227.71324157714844,0.9999889135360718,283.09527587890625,221.2315673828125,0.9999980926513672,293.0948791503906,222.36801147460938,0.9999992251396179,299.2060241699219,229.08995056152344,0.9998129606246948,288.2498474121094,240.990478515625,0.07572302222251892,281.0505065917969,300.31146240234375,0.9999994039535522,305.14300537109375,293.7553405761719,0.9936407208442688,298.9483337402344,301.63470458984375,0.0010340511798858643,306.56231689453125,305.103759765625,0.0002937018871307373,315.57049560546875,299.43402099609375,0.0003394484519958496,339.61334228515625,299.76934814453125,0.0005131363868713379,265.21417236328125,229.8651123046875,0.0006160438060760498
322,56.98613357543945,313.622802734375,0.9999991059303284,145.247314453125,287.3105163574219,0.9999998807907104,137.72544860839844,273.8349914550781,0.9999961853027344,146.4060516357422,301.8235168457031,0.9999998211860657,268.02166748046875,282.3623962402344,0.9999998807907104,264.3136901855469,259.9893493652344,1.0,206.35995483398438,276.6822204589844,1.0,266.05413818359375,271.4214172363281,1.0,338.2868957519531,262.4972839355469,0.9999996423721313,430.048095703125,254.6969451904297,0.9999998807907104,161.7864227294922,311.9253234863281,0.9998695850372314,159.41307067871094,326.1797790527344,0.04129558801651001,179.83497619628906,330.5236511230469,0.000767827033996582,430.5357666015625,254.71609497070312,0.0006310343742370605,60.53323745727539,316.85943603515625,0.0008245408535003662,144.29000854492188,325.294189453125,0.0038321614265441895,145.4432373046875,320.6102294921875,0.002910614013671875,129.06822204589844,256.4309997558594,0.9999984502792358,107.14472961425781,259.6388854980469,1.0,112.70262908935547,249.07627868652344,0.9999949932098389,105.13638305664062,249.32545471191406,0.9999967217445374,96.4552993774414,255.5665283203125,0.9999992847442627,99.50548553466797,266.6170654296875,0.9999985694885254,109.87100982666016,269.0915222167969,0.9999328851699829,254.54090881347656,241.31614685058594,0.9999979734420776,280.814697265625,234.36009216308594,0.9999990463256836,271.6492004394531,227.45372009277344,0.9999906420707703,283.2889709472656,221.17462158203125,0.9999978542327881,293.0562744140625,222.2779998779297,0.9999992251396179,299.1192626953125,228.95211791992188,0.9998502731323242,287.8246154785156,242.1176300048828,0.11174741387367249,272.8980407714844,304.5711975097656,0.9999985694885254,293.14794921875,300.7993469238281,0.964961051940918,200.14706420898438,288.2307434082031,0.00020742416381835938,277.4484558105469,295.9870300292969,0.00023028254508972168,290.82977294921875,229.4901123046875,0.00015610456466674805,345.0979309082031,274.5889587402344,0.0004170835018157959,265.0217590332031,229.6575927734375,0.0009385645389556885
323,53.08818435668945,314.7464599609375,0.9999999403953552,145.04205322265625,287.44415283203125,1.0,137.6295623779297,274.0644836425781,0.9999959468841553,146.58668518066406,301.9107360839844,0.9999998807907104,267.2598571777344,284.84088134765625,0.9999998807907104,263.8428955078125,260.18157958984375,1.0,205.2002410888672,276.5339050292969,1.0,265.91583251953125,271.77105712890625,1.0,338.0359802246094,262.7351989746094,0.9999997615814209,429.9549560546875,254.8544921875,1.0,162.09249877929688,311.27606201171875,0.9999210238456726,160.033447265625,325.7629699707031,0.06555238366127014,180.44741821289062,330.36541748046875,0.0014807581901550293,430.6244201660156,254.7699737548828,0.0007215738296508789,48.518733978271484,316.3818359375,0.0010012388229370117,145.4540252685547,325.5622863769531,0.00261610746383667,146.20150756835938,321.0521545410156,0.002704709768295288,129.13365173339844,256.0939636230469,0.9999983310699463,107.28388214111328,259.82623291015625,1.0,112.91411590576172,249.2509002685547,0.9999967813491821,105.22189331054688,249.2834014892578,0.999997615814209,96.25215148925781,255.78907775878906,0.9999997019767761,99.44650268554688,267.3660888671875,0.999999463558197,110.4961166381836,269.65277099609375,0.9999417066574097,254.28363037109375,241.1619873046875,0.9999983310699463,281.12176513671875,234.06349182128906,0.9999992847442627,271.9620666503906,227.2081756591797,0.9999932050704956,283.0729064941406,221.13328552246094,0.9999980330467224,292.8786315917969,222.2825927734375,0.9999994039535522,299.1580505371094,228.86978149414062,0.9998972415924072,288.38946533203125,241.9209747314453,0.17115741968154907,268.6312255859375,303.79949951171875,0.999983549118042,298.3135070800781,300.41015625,0.7611005902290344,275.8848571777344,298.00872802734375,0.0004419982433319092,277.7014465332031,296.1324462890625,0.0005093514919281006,290.684326171875,229.61627197265625,0.00015076994895935059,345.0077209472656,274.8393249511719,0.00047776103019714355,264.7937927246094,229.7582550048828,0.0006122589111328125
324,51.95906066894531,314.9183349609375,1.0,143.89646911621094,287.33197021484375,1.0,135.75180053710938,273.93408203125,0.9999971389770508,145.74188232421875,302.45159912109375,1.0,265.6063537597656,284.50213623046875,1.0,263.0419921875,259.84942626953125,1.0,203.42733764648438,276.40960693359375,1.0,264.96661376953125,272.12841796875,1.0,337.6068115234375,263.73895263671875,0.9999995827674866,427.9931335449219,255.20175170898438,0.9999998807907104,161.73048400878906,310.9538269042969,0.9999346733093262,160.57078552246094,325.2337951660156,0.11420586705207825,180.40411376953125,330.4894104003906,0.0022530555725097656,429.1156005859375,254.48373413085938,0.0007138550281524658,47.9010124206543,316.4538879394531,0.0010116100311279297,139.49740600585938,312.9974670410156,0.005631923675537109,146.52471923828125,320.4076232910156,0.0036805272102355957,129.02590942382812,255.85182189941406,0.9999995231628418,106.89045715332031,259.6825866699219,1.0,112.77996826171875,249.50013732910156,0.9999955892562866,105.47314453125,249.39166259765625,0.9999970197677612,96.32295227050781,255.5659637451172,0.9999996423721313,99.17378997802734,267.23291015625,0.9999995231628418,110.44282531738281,269.7455139160156,0.9999439716339111,254.6436767578125,239.35191345214844,0.9999990463256836,281.474365234375,234.22999572753906,0.9999995827674866,273.07769775390625,225.79098510742188,0.9999974966049194,283.45172119140625,221.0389862060547,0.9999985694885254,293.2722473144531,222.36431884765625,0.9999994039535522,299.4442138671875,228.9881591796875,0.9999127388000488,289.01910400390625,241.89942932128906,0.3033449053764343,258.87890625,301.4573669433594,0.9999983310699463,275.1328125,302.15472412109375,0.9235441088676453,270.9536437988281,307.81292724609375,0.00866660475730896,274.4576416015625,311.0086975097656,0.005028426647186279,428.0038146972656,263.85125732421875,0.00014910101890563965,345.1977844238281,273.60931396484375,0.0002531111240386963,277.830810546875,292.3056640625,0.0012498199939727783
325,51.04539108276367,315.1104431152344,0.9999999403953552,143.3136749267578,287.37933349609375,0.9999998807907104,134.84060668945312,274.1564636230469,0.9999977946281433,145.3889617919922,302.6015930175781,0.9999998807907104,264.22650146484375,284.73992919921875,1.0,262.19805908203125,259.7795104980469,1.0,202.60317993164062,276.10687255859375,1.0,263.6826171875,272.5206604003906,1.0,337.3907775878906,264.22314453125,0.9999992251396179,426.6047058105469,256.68902587890625,1.0,160.9488067626953,311.5484313964844,0.9999437928199768,159.96754455566406,325.6994323730469,0.062280863523483276,180.45297241210938,330.965087890625,0.0011962950229644775,421.45196533203125,259.7434997558594,0.0006620585918426514,47.53636169433594,316.5355224609375,0.0010086596012115479,139.2384796142578,313.32269287109375,0.005213916301727295,142.44927978515625,316.7005615234375,0.002516835927963257,129.27001953125,255.97738647460938,0.9999997615814209,106.911865234375,259.6424865722656,1.0,112.80750274658203,249.7467803955078,0.9999943375587463,104.71635437011719,250.10557556152344,0.999997615814209,96.48274230957031,255.3589324951172,0.9999996423721313,99.08831024169922,267.1622009277344,0.9999995827674866,110.38573455810547,269.8962707519531,0.9999766945838928,254.01617431640625,239.275390625,0.9999994039535522,281.5828552246094,234.15037536621094,0.9999994039535522,272.8775939941406,225.848876953125,0.9999942183494568,283.1209411621094,221.06797790527344,0.9999984502792358,292.96484375,222.4290313720703,0.9999996423721313,299.7084045410156,228.85821533203125,0.9999343156814575,289.3785705566406,241.95297241210938,0.2951875329017639,256.7742614746094,299.8961486816406,0.999958872795105,271.0899963378906,302.4924621582031,0.3689379096031189,275.2745361328125,296.4926452636719,0.005770683288574219,276.5980224609375,295.4432373046875,0.0021985769271850586,427.5338439941406,264.0902404785156,0.00018405914306640625,345.16357421875,273.40838623046875,0.00017786026000976562,275.3563537597656,292.51153564453125,0.000956416130065918
326,50.29568862915039,314.98529052734375,0.9999997615814209,141.98709106445312,288.50030517578125,0.9999998807907104,133.36001586914062,274.1858215332031,0.9999988079071045,144.2179412841797,302.2774963378906,0.9999997615814209,262.669189453125,283.76458740234375,1.0,261.3827209472656,258.6211853027344,1.0,201.10366821289062,275.8569641113281,1.0,262.79345703125,271.6003112792969,1.0,336.7345275878906,265.2688903808594,0.9999991655349731,426.1409912109375,257.30029296875,1.0,161.5474853515625,311.12249755859375,0.9999675750732422,158.9606475830078,322.1673889160156,0.12155896425247192,180.00576782226562,330.34259033203125,0.0005894899368286133,421.28607177734375,259.9891357421875,0.000983595848083496,47.41027069091797,316.70550537109375,0.0009364485740661621,139.4037628173828,312.84869384765625,0.005657374858856201,142.49742126464844,315.9701843261719,0.0035055875778198242,129.82852172851562,256.6318359375,0.9999996423721313,106.91197967529297,259.80963134765625,1.0,113.24693298339844,249.9047088623047,0.9999972581863403,104.5765151977539,250.30865478515625,0.9999983906745911,96.3918685913086,255.69247436523438,0.9999997615814209,99.28501892089844,267.6319274902344,0.9999995231628418,110.44892883300781,270.3788146972656,0.9999703168869019,254.22251892089844,238.65512084960938,0.9999991059303284,281.5448913574219,234.25448608398438,0.9999992251396179,272.8551330566406,225.78111267089844,0.9999938011169434,283.0488586425781,220.94476318359375,0.9999985694885254,292.85626220703125,222.53968811035156,0.9999995231628418,299.6004638671875,228.89022827148438,0.9999436140060425,289.6256408691406,241.9175567626953,0.3023901581764221,251.71530151367188,297.60296630859375,0.9999924302101135,261.6199645996094,304.3211669921875,0.9211200475692749,270.9889221191406,296.679443359375,0.001319587230682373,253.24156188964844,309.1221923828125,0.004651099443435669,427.1327819824219,264.2613830566406,0.0002461373805999756,342.7768859863281,298.8912048339844,0.00026661157608032227,271.674560546875,293.6571350097656,0.008752197027206421
327,49.993019104003906,314.6757507324219,0.9999996423721313,141.12844848632812,289.1832275390625,0.9999998807907104,131.60186767578125,274.6105651855469,0.9999994039535522,143.8328094482422,303.84796142578125,0.9999996423721313,261.0876159667969,283.46466064453125,1.0,260.4631652832031,258.3096618652344,1.0,198.63250732421875,276.2846984863281,0.9999998807907104,261.7078857421875,271.05859375,1.0,336.6278991699219,266.1774597167969,0.999997615814209,425.4924011230469,258.507080078125,1.0,160.81112670898438,311.3224792480469,0.9999809265136719,158.63670349121094,321.96478271484375,0.23920488357543945,179.5160369873047,329.8464660644531,0.0007682442665100098,421.3265380859375,260.2399597167969,0.0007759630680084229,47.21290588378906,316.728759765625,0.0014078617095947266,138.98428344726562,313.1510314941406,0.006699204444885254,142.6123809814453,315.8542175292969,0.005483955144882202,129.5466766357422,257.0216064453125,0.9999997615814209,106.82298278808594,259.6773681640625,1.0,113.70555877685547,249.8175048828125,0.9999971389770508,104.98168182373047,249.9801025390625,0.9999984502792358,96.44974517822266,255.13116455078125,0.9999997615814209,99.09040832519531,267.31390380859375,0.9999995231628418,110.30425262451172,270.45904541015625,0.9999740123748779,253.85128784179688,237.9769744873047,0.9999991655349731,280.3885192871094,234.33810424804688,0.9999991655349731,272.62103271484375,225.73159790039062,0.999993085861206,282.8568115234375,220.94703674316406,0.9999985098838806,292.61981201171875,222.42587280273438,0.9999995231628418,299.89874267578125,228.42721557617188,0.9999595284461975,289.19769287109375,241.52932739257812,0.4799291789531708,248.8072509765625,299.7675476074219,0.9999995231628418,261.7192077636719,304.35369873046875,0.9972282648086548,254.05154418945312,309.5838623046875,0.00890544056892395,254.83340454101562,310.634521484375,0.03468635678291321,257.3000793457031,312.6011657714844,0.000275343656539917,342.6162109375,299.4310302734375,0.0002600550651550293,268.2433776855469,295.0954284667969,0.01285204291343689
328,48.96113586425781,315.1499328613281,0.9999992847442627,139.8042755126953,288.971435546875,1.0,130.10997009277344,274.16009521484375,0.9999995827674866,142.7444305419922,304.1134033203125,0.9999998807907104,259.983642578125,283.98809814453125,1.0,259.8443908691406,258.25714111328125,1.0,197.39816284179688,276.11236572265625,0.9999999403953552,260.790771484375,270.8815612792969,1.0,336.2945861816406,266.7153625488281,0.9999985694885254,425.99267578125,259.6299133300781,1.0,159.79721069335938,311.09149169921875,0.999991238117218,157.81724548339844,321.707275390625,0.5723437070846558,167.72689819335938,324.1520080566406,0.0019923150539398193,421.73773193359375,260.3392028808594,0.0005566775798797607,46.85843276977539,317.2489013671875,0.0024374425411224365,139.15093994140625,313.0626220703125,0.01128813624382019,142.46923828125,315.0804443359375,0.01939702033996582,129.25750732421875,257.37939453125,0.9999997615814209,106.70639038085938,259.7872314453125,1.0,113.58065032958984,249.87965393066406,0.9999975562095642,104.43594360351562,250.39498901367188,0.999998152256012,96.17341613769531,255.71070861816406,0.9999997019767761,99.23945617675781,267.7289123535156,0.9999995231628418,109.89371490478516,270.936279296875,0.9999719858169556,253.6644744873047,238.01536560058594,0.9999990463256836,280.1428527832031,234.5598602294922,0.9999990463256836,272.3324279785156,225.7862548828125,0.9999955892562866,282.8385925292969,221.03453063964844,0.9999986886978149,292.3788757324219,222.61936950683594,0.9999996423721313,299.3846740722656,228.5237579345703,0.9999699592590332,289.0765380859375,241.41558837890625,0.523041844367981,247.4049530029297,299.5304870605469,0.9999994039535522,260.5234680175781,304.125244140625,0.9716746807098389,253.10438537597656,308.5209655761719,0.004467517137527466,253.7684783935547,309.9745788574219,0.03536596894264221,256.7157287597656,311.7968444824219,0.00028634071350097656,342.9427795410156,299.32965087890625,0.0002416074275970459,266.1702880859375,295.3054504394531,0.009584486484527588
329,48.3000602722168,315.03216552734375,0.9999991655349731,139.21981811523438,289.3906555175781,1.0,129.409912109375,274.8280029296875,0.9999995231628418,142.19187927246094,304.1355895996094,0.9999998211860657,258.6895446777344,283.32684326171875,1.0,258.8162536621094,257.97906494140625,1.0,195.9808349609375,276.3133239746094,1.0,259.51983642578125,270.5190734863281,1.0,334.05633544921875,267.80670166015625,0.999995768070221,423.4351806640625,261.7608947753906,1.0,158.9712371826172,311.2323913574219,0.9999830722808838,157.4558868408203,322.13702392578125,0.3824789524078369,167.26536560058594,324.6159973144531,0.0016012787818908691,421.13848876953125,260.9200439453125,0.0007478594779968262,46.327430725097656,317.07867431640625,0.0013525187969207764,139.26052856445312,312.6961364746094,0.01903897523880005,142.10560607910156,314.3572998046875,0.03310328722000122,129.3762664794922,257.5220642089844,0.9999997615814209,106.40619659423828,260.1665954589844,1.0,113.62652587890625,250.25067138671875,0.9999972581863403,105.24472045898438,249.88108825683594,0.9999984502792358,96.06381225585938,255.8404998779297,0.9999997615814209,99.18477630615234,267.9760437011719,0.9999995231628418,109.7159423828125,271.4202880859375,0.9999681711196899,253.49615478515625,237.551025390625,0.9999994039535522,279.909912109375,234.54122924804688,0.9999990463256836,272.531982421875,225.44834899902344,0.9999958276748657,283.0006408691406,221.1212921142578,0.9999986886978149,292.3373107910156,222.68809509277344,0.9999995231628418,299.09661865234375,228.572998046875,0.9999615550041199,288.9035339355469,241.6088409423828,0.4417836666107178,246.334228515625,299.23907470703125,0.9999998807907104,260.2420349121094,304.0552062988281,0.9605024456977844,252.86936950683594,307.9667663574219,0.0023820698261260986,253.59573364257812,309.8348388671875,0.028938353061676025,256.95672607421875,311.6563415527344,0.00022354722023010254,278.57794189453125,221.7541046142578,0.00028055906295776367,265.8424072265625,295.90338134765625,0.009964048862457275
330,47.90831756591797,314.8096618652344,0.9999986886978149,137.98060607910156,288.9659118652344,0.9999998807907104,128.54718017578125,274.5754089355469,0.9999990463256836,141.1561279296875,303.6595764160156,0.9999998807907104,257.6102294921875,284.2530212402344,1.0,259.0921325683594,258.08343505859375,1.0,195.48292541503906,276.1756591796875,1.0,259.5571594238281,270.6054382324219,1.0,333.47186279296875,270.3042907714844,0.9999862909317017,422.6683654785156,263.1225280761719,1.0,158.56375122070312,310.4826354980469,0.999991774559021,157.1793975830078,321.5638427734375,0.7838174104690552,166.87648010253906,323.8736877441406,0.004071831703186035,420.9358215332031,261.57470703125,0.0006479620933532715,46.41084289550781,316.86456298828125,0.0015691518783569336,140.00631713867188,312.3816223144531,0.034905850887298584,142.33619689941406,313.06072998046875,0.064581960439682,128.77610778808594,257.10858154296875,0.9999998807907104,106.36003875732422,259.80126953125,1.0,113.72028350830078,250.0941162109375,0.9999946355819702,104.83740234375,249.82522583007812,0.9999986290931702,96.0708236694336,256.01824951171875,0.9999997615814209,99.75874328613281,268.1582336425781,0.9999990463256836,110.00723266601562,271.0850524902344,0.9998496770858765,253.0188446044922,237.54376220703125,0.9999996423721313,279.8859558105469,234.49986267089844,0.9999993443489075,272.41998291015625,225.7699737548828,0.9999909400939941,282.97869873046875,221.10581970214844,0.9999988079071045,292.245361328125,222.63311767578125,0.9999996423721313,299.2886962890625,228.4636993408203,0.9999619722366333,289.0210266113281,241.56126403808594,0.48572516441345215,243.64755249023438,297.6924133300781,0.9999998807907104,259.9500427246094,303.2989807128906,0.9948018193244934,251.5938720703125,307.2013244628906,0.0148448646068573,253.6156768798828,309.5743408203125,0.05446267127990723,258.33599853515625,310.6254577636719,0.0005252063274383545,278.1454772949219,221.75428771972656,0.00018471479415893555,264.547119140625,295.10296630859375,0.03627288341522217
331,47.1427001953125,314.62091064453125,0.9999977350234985,137.76144409179688,288.9805603027344,0.9999998807907104,128.39451599121094,274.94879150390625,0.9999989867210388,141.14151000976562,303.185791015625,0.9999998211860657,256.11761474609375,283.404296875,1.0,258.2973937988281,257.6753234863281,1.0,195.4268341064453,275.8001708984375,0.9999999403953552,258.5102233886719,269.96661376953125,1.0,332.0043029785156,272.42413330078125,0.9999988079071045,420.4915771484375,265.67425537109375,1.0,158.79025268554688,309.794189453125,0.999994695186615,157.08229064941406,320.8424072265625,0.9049205780029297,166.9887237548828,323.2889099121094,0.004924982786178589,418.64349365234375,267.3244934082031,0.006255060434341431,425.5143127441406,264.4038391113281,0.0025637149810791016,140.83399963378906,312.5256652832031,0.03140416741371155,143.06436157226562,312.9617919921875,0.06424307823181152,128.76084899902344,257.0843505859375,0.9999998807907104,106.54521179199219,259.8976135253906,1.0,113.85741424560547,250.147216796875,0.9999945759773254,105.2023696899414,249.650146484375,0.9999985098838806,96.18741607666016,255.84791564941406,0.9999997615814209,99.72860717773438,267.6953430175781,0.9999990463256836,109.91786193847656,270.96575927734375,0.9999208450317383,252.82579040527344,236.49424743652344,0.9999997019767761,279.600830078125,234.59341430664062,0.999999463558197,272.7286376953125,225.2537078857422,0.9999932050704956,283.4317626953125,221.23130798339844,0.999998927116394,292.537109375,223.13267517089844,0.999999463558197,299.3348083496094,228.91807556152344,0.9999603033065796,289.1185302734375,241.79534912109375,0.5706571340560913,242.22799682617188,295.38934326171875,0.9999997615814209,252.96803283691406,302.380126953125,0.9937725067138672,248.8106689453125,305.3453369140625,0.003692448139190674,250.43856811523438,308.1100769042969,0.011921286582946777,254.1596221923828,310.3580322265625,0.0003122687339782715,331.1099853515625,289.6032409667969,0.00031369924545288086,261.1541748046875,295.468994140625,0.028352826833724976
332,47.19951248168945,314.0008850097656,0.9999968409538269,137.12445068359375,288.51654052734375,0.9999997019767761,127.86137390136719,274.6544494628906,0.9999983310699463,140.47299194335938,302.99249267578125,0.9999998807907104,255.31423950195312,283.4749755859375,0.9999998807907104,257.42059326171875,257.7315673828125,1.0,194.36758422851562,275.2945861816406,1.0,257.7510681152344,269.927490234375,1.0,330.9114074707031,273.2745056152344,0.9999991059303284,418.8780822753906,268.72900390625,1.0,158.57290649414062,309.8326416015625,0.9999960660934448,157.0233917236328,321.1080627441406,0.9204418659210205,167.79034423828125,323.8091735839844,0.009119898080825806,418.4504089355469,268.98297119140625,0.002701401710510254,46.30125427246094,317.0505065917969,0.00134962797164917,140.8986053466797,312.724853515625,0.022865653038024902,143.21148681640625,313.03564453125,0.05045431852340698,128.18386840820312,256.5043640136719,0.9999998807907104,106.27458953857422,259.09954833984375,0.9999999403953552,113.7168960571289,249.5873260498047,0.9999896287918091,104.76390838623047,249.72073364257812,0.9999971985816956,96.52262878417969,254.9915008544922,0.9999995231628418,99.55016326904297,266.9345397949219,0.9999982714653015,109.62460327148438,270.0706787109375,0.9998641014099121,251.96925354003906,236.46725463867188,0.9999998211860657,280.8511962890625,234.2938690185547,0.9999997615814209,272.6483459472656,225.3960723876953,0.9999955892562866,283.48248291015625,221.50326538085938,0.9999989867210388,292.4997863769531,223.634765625,0.9999995231628418,299.1011657714844,229.44517517089844,0.9999679923057556,290.2095947265625,241.5395050048828,0.794745147228241,242.56552124023438,297.5045471191406,0.9999996423721313,251.92840576171875,302.43707275390625,0.9957788586616516,247.19500732421875,305.0884704589844,0.0027199983596801758,250.03919982910156,308.465087890625,0.0052814483642578125,423.5493469238281,272.7845153808594,0.00041043758392333984,330.703857421875,289.1883850097656,0.00046762824058532715,259.26239013671875,296.669677734375,0.03955119848251343
333,45.72606658935547,313.57794189453125,0.9999969005584717,136.52183532714844,288.2171630859375,0.9999994039535522,127.0511474609375,275.0105285644531,0.9999982118606567,139.17526245117188,302.34185791015625,0.9999998807907104,255.8734893798828,283.0365905761719,0.9999998807907104,256.3313903808594,256.96929931640625,1.0,193.53720092773438,275.4543151855469,0.9999999403953552,257.02020263671875,269.87603759765625,1.0,330.57220458984375,273.87237548828125,0.9999984502792358,418.5934753417969,272.2618408203125,1.0,156.78929138183594,309.7786560058594,0.9999613761901855,156.13778686523438,321.4744567871094,0.15861257910728455,166.6910858154297,326.1294860839844,0.0021058320999145508,418.57763671875,270.6535339355469,0.0014826059341430664,45.59440994262695,317.35394287109375,0.0014486312866210938,139.66627502441406,311.9898376464844,0.015233814716339111,141.91770935058594,312.4787292480469,0.017877042293548584,128.56365966796875,256.521240234375,0.9999998807907104,106.07247924804688,259.23980712890625,1.0,113.50582885742188,249.90655517578125,0.9999709129333496,105.1798324584961,249.8303985595703,0.999995231628418,96.89332580566406,254.76376342773438,0.9999992847442627,99.35755920410156,266.5301208496094,0.9999979734420776,109.40160369873047,269.8583068847656,0.9998165369033813,252.37281799316406,235.7744903564453,0.9999997615814209,280.4302978515625,234.06993103027344,0.9999997615814209,272.527587890625,224.98541259765625,0.9999964833259583,283.2798767089844,221.50047302246094,0.9999990463256836,292.1739807128906,223.81976318359375,0.9999996423721313,298.69903564453125,229.489013671875,0.9999794960021973,289.93438720703125,242.34767150878906,0.8932877779006958,241.0024871826172,297.00592041015625,0.9999998211860657,259.8831787109375,304.7083435058594,0.99836266040802,250.42782592773438,308.3319091796875,0.021412014961242676,253.36976623535156,311.4255065917969,0.023018449544906616,422.2673645019531,274.69720458984375,0.0008897185325622559,330.5108337402344,289.46038818359375,0.0005636513233184814,260.6182556152344,296.0863342285156,0.04737439751625061
334,45.44968032836914,313.4168701171875,0.9999979734420776,135.4043426513672,287.7616882324219,0.9999990463256836,126.63095092773438,274.3221740722656,0.9999940395355225,138.2882537841797,301.9815368652344,0.9999998211860657,254.4258575439453,283.8759460449219,0.9999998807907104,257.4773254394531,257.3337097167969,1.0,193.40921020507812,274.9089050292969,1.0,257.0709228515625,269.7050476074219,1.0,329.09686279296875,274.9117736816406,0.999998927116394,417.17620849609375,274.0838623046875,1.0,156.70578002929688,309.6639709472656,0.999911904335022,158.31689453125,324.8290100097656,0.03210270404815674,166.8551788330078,327.1365661621094,0.0016240179538726807,419.6170654296875,274.986083984375,0.0006394088268280029,45.50584411621094,317.209716796875,0.0015340447425842285,139.16990661621094,311.904541015625,0.011723130941390991,141.49951171875,312.3158874511719,0.006246328353881836,127.65047454833984,255.72027587890625,0.9999998211860657,105.90119171142578,258.8487243652344,1.0,113.29974365234375,249.47691345214844,0.9999656081199646,105.29315185546875,249.43792724609375,0.999995231628418,97.22311401367188,254.00808715820312,0.9999990463256836,99.10295104980469,265.73980712890625,0.9999966621398926,108.70854187011719,269.0534362792969,0.9995750784873962,252.48422241210938,235.8514404296875,0.9999997615814209,280.3862609863281,234.07960510253906,0.9999997019767761,272.3877868652344,224.973876953125,0.9999963045120239,283.2103271484375,221.3565216064453,0.9999989867210388,292.1447448730469,223.96316528320312,0.9999995827674866,298.4535827636719,229.76039123535156,0.9999691247940063,290.0682067871094,242.04098510742188,0.874561071395874,240.9050750732422,297.4996337890625,0.9999998807907104,258.3704528808594,305.0899353027344,0.9994958639144897,249.0703582763672,308.7947692871094,0.03230789303779602,252.91708374023438,311.75225830078125,0.019542008638381958,273.2415466308594,316.4208984375,0.0011984705924987793,330.16192626953125,290.0263671875,0.00048103928565979004,260.0928649902344,296.35357666015625,0.07517576217651367
335,43.46745300292969,313.45751953125,0.9999986886978149,134.82945251464844,287.6214294433594,0.999998927116394,126.213134765625,274.5117492675781,0.9999785423278809,137.763916015625,301.75921630859375,0.9999998211860657,253.9269561767578,283.2505187988281,0.9999998807907104,256.34765625,257.1948547363281,1.0,192.0167694091797,274.8448486328125,1.0,255.77333068847656,269.7983093261719,1.0,327.33795166015625,275.7792663574219,0.9999988675117493,416.4559326171875,276.46051025390625,1.0,155.47427368164062,309.4745788574219,0.9998873472213745,157.74313354492188,324.8412780761719,0.022135376930236816,166.4772491455078,327.4271545410156,0.00202023983001709,416.5964660644531,280.06134033203125,0.0009186267852783203,44.81959915161133,317.03045654296875,0.001125335693359375,138.84237670898438,312.0796813964844,0.010176241397857666,140.756591796875,311.9779052734375,0.009369641542434692,126.9980239868164,255.67239379882812,0.9999996423721313,106.23051452636719,259.16796875,0.9999998807907104,113.29097747802734,249.4501953125,0.99998539686203,105.53214263916016,249.6245880126953,0.9999973773956299,97.60059356689453,254.24867248535156,0.9999992251396179,99.4457015991211,266.5343933105469,0.999997615814209,109.07971954345703,269.501220703125,0.9997234344482422,251.37985229492188,234.2740020751953,0.9999996423721313,280.8026123046875,234.6040496826172,0.9999995827674866,272.72393798828125,225.6425018310547,0.9999948740005493,283.81207275390625,221.5177001953125,0.9999986886978149,292.98748779296875,224.3714141845703,0.9999992847442627,298.5089416503906,230.2059326171875,0.9999300837516785,290.2870788574219,243.1201171875,0.6354168057441711,239.6392822265625,297.3455505371094,0.9999999403953552,258.32830810546875,304.34136962890625,0.9996818900108337,249.6492919921875,308.17791748046875,0.019363969564437866,254.2349395751953,311.4028625488281,0.009866982698440552,273.9111022949219,313.283935546875,0.0014761388301849365,330.3519287109375,289.79937744140625,0.0005304813385009766,259.94305419921875,296.19970703125,0.06779181957244873
336,43.694374084472656,313.5191650390625,0.9999988675117493,133.84329223632812,287.50189208984375,0.9999990463256836,125.64175415039062,273.9049987792969,0.9999530911445618,136.8712615966797,301.38421630859375,0.9999997615814209,253.1990509033203,283.8420104980469,1.0,255.1075897216797,256.7771301269531,1.0,190.9304962158203,274.7545166015625,1.0,254.76654052734375,270.3819885253906,1.0,326.685302734375,276.8028564453125,0.999998927116394,417.9263610839844,279.6279296875,1.0,155.54966735839844,309.57012939453125,0.9997865557670593,158.5563507080078,325.5792541503906,0.022149354219436646,166.9720001220703,328.0661926269531,0.0020511746406555176,417.0071105957031,283.0266418457031,0.0051190853118896484,424.0994567871094,280.1604309082031,0.0016155838966369629,139.17633056640625,312.2986145019531,0.0023643076419830322,141.5206756591797,312.4542541503906,0.0017386078834533691,126.22869110107422,255.80320739746094,0.9999992847442627,105.94481658935547,259.1192321777344,1.0,112.64944458007812,248.79104614257812,0.9999815225601196,104.86649322509766,249.59815979003906,0.999996542930603,97.23326873779297,254.47943115234375,0.9999990463256836,99.36084747314453,266.7045593261719,0.9999970197677612,108.94208526611328,269.32830810546875,0.9994732141494751,251.35107421875,235.44004821777344,0.9999997615814209,280.7984924316406,235.21827697753906,0.9999998807907104,272.2622985839844,225.2651824951172,0.9999960660934448,283.7679443359375,221.99563598632812,0.9999988079071045,293.22442626953125,224.9263153076172,0.9999992251396179,298.7881774902344,231.1997833251953,0.9998989105224609,290.2481994628906,243.8740997314453,0.6840816736221313,238.4064483642578,297.0299072265625,0.9999998807907104,258.583740234375,304.1001892089844,0.9994863271713257,248.40142822265625,307.1425476074219,0.0076378583908081055,254.7831268310547,311.34674072265625,0.005732625722885132,423.5075988769531,281.32110595703125,0.0005537271499633789,330.0391845703125,289.8080139160156,0.00037744641304016113,259.6702575683594,296.6226806640625,0.04607066512107849
